SMILES Labelled
"CCN([C:20](=[O:10])OC(C([O-:21])CCCCCC)CC)[H]>>CCN([C:20]1(OC(C([O:21]1)CCCCCC)CC)[O-:10])[H] 21=20;20,10=10"
"CCN([C:20]1(OC(C(C([O:21]1)CCCCCC)[H])[H])[O-:10])CCCCCC>>CCN([C:20](=[O:10])OC(C(C([O-:21])CCCCCC)[H])[H])CCCCCC 10=20;20,21=21"
"[H]C1C(C(O[C:20](N1CC)([O-:10])[O:21]C)CCCCCC)CCCCCC>>[H]C1C(C(O[C:20](=[O:10])N1CC)CCCCCC)CCCCCC.[O-:21]C 10=20;20,21=21"
"C[S+:10]([H])[C:20]([O:21]C)([O]C)[O][H].[Cl-]>>[Cl-].C[S:10][H].C[O+:21]=[C:20]([O]C)[O][H] 21=20;20,10=10"
"[H][O:10]C(C)C([H])C([H])[NH][C:20]([NH]C7=CC=CC=C7)=[NH+:21][H].[Cl-]>>[Cl-].[H][O+:10](C(C)C([H])C([H])[NH]1)[C:20]1([NH:21][H])[NH]C7=CC=CC=C7 10=20;20,21=21"
"[K][O+:21]([C:20]([O-:10])(OC1=CC=CC=C1)OCC)CC>>[K][O:21]CC.[C:20](=[O:10])(OC1=CC=CC=C1)OCC 10=20;20,21=21"
"[O:21]=[C:20](O[H])OC.[O-:10]CC>>CC[O:10][C:20]([O-:21])(O[H])OC 10=20;20,21=21"
"CC[O+:10]([H])[C:20]1([NH:21]C6=CC=CC=C6)[NH][CH](C7=CC=CC=C7)C(C)[CH](CC)[O]1.[Cl-]>>[Cl-].C6=CC=CC=C6[NH+:21]=[C:20]2[NH][CH](C7=CC=CC=C7)[CH](C)C(CC)[O]2.CC[O:10][H] 21=20;20,10=10"
"[NH:10]([H])C(CC)C(C)C(O)C(O)[C:20](C)=[O:21]>>[O-:21][C:20]1(C)C(O)C(O)C(C)C(CC)[NH+:10]1([H]) 10=20;20,21=21"
"CC[O+:10]([H])[C:20]([O:21]C)([O]C8=CC=CC=C8)[S][H].[Cl-]>>[Cl-].CC[O:10][H].C[O+:21]=[C:20]([O]C8=CC=CC=C8)[S][H] 21=20;20,10=10"
"[H][O+:10]([H])[C:20]([NH:21]CC)([O]C)[NH]C7=CC=CC=C7.[Cl-]>>[Cl-].[H][O:10][H].CC[NH+:21]=[C:20]([O]C)[NH]C7=CC=CC=C7 21=20;20,10=10"
"[H][O:10]C(CC)C(C)C(C8=CC=CC=C8)[O][C:20]([O]C)=[O+:21]C.[Cl-]>>[Cl-].[H][O+:10](C(CC)C(C)C(C8=CC=CC=C8)[O]1)[C:20]1([O:21]C)[O]C 10=20;20,21=21"
"[H][NH:10]C([H])C(C)C(C8=CC=CC=C8)[O][C:20]([O]C)=[NH+:21]CC.[Cl-]>>[Cl-].[H][NH+:10](C([H])C(C)C(C8=CC=CC=C8)[O]1)[C:20]1([NH:21]CC)[O]C 10=20;20,21=21"
"CC1C(C(O[C:20](N1[H])([O-:10])[O:21]CC)C1=CC=CC=C1)C>>CC1C(C(O[C:20](=[O:10])N1[H])C1=CC=CC=C1)C.[O-:21]CC 10=20;20,21=21"
"[O-:21][C:20]1(OC)C(C)C([H])=C([H])C(CC)[O+:10]1([K])>>[O:10]([K])C(CC)/C([H])=C([H])\C(C)[C:20](OC)=[O:21] 21=20;20,10=10"
"C9=CC=CC=C9[O+:10]([H])[C:20]1([NH:21][H])[NH][CH](C7=CC=CC=C7)C(C)[CH]([H])[O]1.[Cl-]>>[Cl-].[H][NH+:21]=[C:20]2[NH][CH](C7=CC=CC=C7)[CH](C)C([H])[O]2.C9=CC=CC=C9[O:10][H] 21=20;20,10=10"
"C[NH+:10]([H])[C:20]1([NH:21][H])[NH][CH](CC)C([H])[CH](CC)[NH]1.[Cl-]>>[Cl-].[H][NH+:21]=[C:20]2[NH][CH](CC)[CH]([H])C(CC)[NH]2.C[NH:10][H] 21=20;20,10=10"
"C9=CC=CC=C9[S:10][H].[H][O+:21]=[C:20]([O]CC)[S]C.[Cl-]>>[Cl-].C9=CC=CC=C9[S+:10]([H])[C:20]([O:21][H])([O]CC)[S]C 10=20;20,21=21"
"[H][NH:10]C(CC)C([H])[NH][C:20]([NH][H])=[NH+:21]C.[Cl-]>>[Cl-].[H][NH+:10](C(CC)C([H])[NH]1)[C:20]1([NH:21]C)[NH][H] 10=20;20,21=21"
"CCCCCCN([C:20](=[O:10])OC(C(C([O-:21])CCCCCC)CCCCCC)C1=CC=CC=C1)C>>CCCCCCN([C:20]1(OC(C(C([O:21]1)CCCCCC)CCCCCC)C1=CC=CC=C1)[O-:10])C 21=20;20,10=10"
"CC[NH+:10]([H])[C:20]1([NH:21]CC)[NH]C(C7=CC=CC=C7)C(C8=CC=CC=C8)[O]1.[Cl-]>>[Cl-].CC[NH+:21]=[C:20]2[NH]C(C7=CC=CC=C7)C(C8=CC=CC=C8)[O]2.CC[NH:10][H] 21=20;20,10=10"
"CCC1C(C(O[C:20](=[O:10])N1C1=CC=CC=C1)CCCCCC)CC.[O-:21]CC>>CCC1C(C(O[C:20](N1C1=CC=CC=C1)([O-:10])[O:21]CC)CCCCCC)CC 21=20;20,10=10"
"[H][S:10]C(C9=CC=CC=C9)C(CC)[S][C:20]([O]C)=[O+:21]C.[Cl-]>>[Cl-].[H][S+:10](C(C9=CC=CC=C9)C(CC)[S]1)[C:20]1([O:21]C)[O]C 10=20;20,21=21"
"[H][O+:10](C(CC)C(C8=CC=CC=C8)[NH]1)[C:20]1([NH:21][H])[NH]C7=CC=CC=C7.[Cl-]>>[Cl-].[H][O:10]C(CC)C(C8=CC=CC=C8)[NH][C:20]([NH]C7=CC=CC=C7)=[NH+:21][H] 21=20;20,10=10"
"CN([C:20](=[O:10])OCC)CC.[O-:21]C1=CC=CC=C1>>CN([C:20]([O-:10])(OCC)[O:21]C1=CC=CC=C1)CC 21=20;20,10=10"
"[H][NH+:10]([H])[C:20]1([NH:21]CC)[NH]C(C)C(C8=CC=CC=C8)[NH]1.[Cl-]>>[Cl-].CC[NH+:21]=[C:20]2[NH]C(C)C(C8=CC=CC=C8)[NH]2.[H][NH:10][H] 21=20;20,10=10"
"[H][O+:10](C(C)C(CC)[O]1)[C:20]1([NH:21][H])[NH]C.[Cl-]>>[Cl-].[H][O:10]C(C)C(CC)[O][C:20]([NH]C)=[NH+:21][H] 21=20;20,10=10"
"C[O+:10]([H])[C:20]1([NH:21]CC)[NH][CH](C7=CC=CC=C7)C([H])[CH](CC)[NH]1.[Cl-]>>[Cl-].CC[NH+:21]=[C:20]2[NH][CH](C7=CC=CC=C7)[CH]([H])C(CC)[NH]2.C[O:10][H] 21=20;20,10=10"
"[H][NH+:10](C(C9=CC=CC=C9)C(C)[O]1)[C:20]1([NH:21]CC)[O]CC.[Cl-]>>[Cl-].[H][NH:10]C(C9=CC=CC=C9)C(C)[O][C:20]([O]CC)=[NH+:21]CC 21=20;20,10=10"
"CC1C(C(O[C:20](=[O:10])N1[H])CC)CCCCCC.[O-:21]C>>CC1C(C(O[C:20](N1[H])([O-:10])[O:21]C)CC)CCCCCC 21=20;20,10=10"
"C[S:10][H].[H][O+:21]=[C:20]([O][H])[O][H].[Cl-]>>[Cl-].C[S+:10]([H])[C:20]([O:21][H])([O][H])[O][H] 10=20;20,21=21"
"C[NH+:21]=[C:20]2[O]C([H])C(C)[NH]2.C[NH:10][H].[Cl-]>>[Cl-].C[NH+:10]([H])[C:20]1([NH:21]C)[O]C([H])C(C)[NH]1 10=20;20,21=21"
"[H][O+:10](C(C9=CC=CC=C9)C([H])[S]1)[C:20]1([O:21][H])[S]C.[Cl-]>>[Cl-].[H][O:10]C(C9=CC=CC=C9)C([H])[S][C:20]([S]C)=[O+:21][H] 21=20;20,10=10"
"[H][NH+:21]=[C:20]2[O][CH](C)[CH]([H])C(C8=CC=CC=C8)[NH]2.[H][NH:10][H].[Cl-]>>[Cl-].[H][NH+:10]([H])[C:20]1([NH:21][H])[O][CH](C)C([H])[CH](C8=CC=CC=C8)[NH]1 10=20;20,21=21"
"[H][O:10]C(C9=CC=CC=C9)C(C)C([H])[NH][C:20]([NH]C7=CC=CC=C7)=[NH+:21]CC.[Cl-]>>[Cl-].[H][O+:10](C(C9=CC=CC=C9)C(C)C([H])[NH]1)[C:20]1([NH:21]CC)[NH]C7=CC=CC=C7 10=20;20,21=21"
"CC1C(C(O[C:20](N1CC)([O-:10])[Cl:21])[H])[H]>>CC1C(C(O[C:20](=[O:10])N1CC)[H])[H].[Cl-:21] 10=20;20,21=21"
"[Si](C)(C)(C)[O+:21]=[C:20]2[O]C(C7=CC=CC=C7)C([H])[S]2.[H][O:10][H].[Cl-]>>[Cl-].[H][O+:10]([H])[C:20]1([O:21][Si](C)(C)(C))[O]C(C7=CC=CC=C7)C([H])[S]1 10=20;20,21=21"
"[H][S+:10]([H])[C:20]1([O:21]C)[S][CH](CC)C([H])[CH]([H])[O]1.[Cl-]>>[Cl-].C[O+:21]=[C:20]2[S][CH](CC)[CH]([H])C([H])[O]2.[H][S:10][H] 21=20;20,10=10"
"CCC1C(C(O[C:20](=[O:10])N1C1=CC=CC=C1)CC)CCCCCC.[O-:21]CC>>CCC1C(C(O[C:20](N1C1=CC=CC=C1)([O-:10])[O:21]CC)CC)CCCCCC 21=20;20,10=10"
"[O:10]([Na])C([H])/C(O)=C([C:20]([H])=[O:21])/C>>[O-:21][C:20]1([H])[O+:10]([Na])C([H])C(O)=C1C 10=20;20,21=21"
"C(C([O-:21])C)(C(O[C:20](=[O:10])OCC)[H])C1=CC=CC=C1>>C1(C(O[C:20]([O-:10])([O:21]C1C)OCC)[H])C1=CC=CC=C1 21=20;20,10=10"
"C1=CC=CC=C1N([C:20]1(OC(C(C([O:21]1)C)CC)CC)[O-:10])C1=CC=CC=C1>>C1=CC=CC=C1N([C:20](=[O:10])OC(C(C([O-:21])C)CC)CC)C1=CC=CC=C1 10=20;20,21=21"
"[H][O+:10]([H])[C:20]1([NH:21]C)[O][CH](C7=CC=CC=C7)C([H])[CH](C)[O]1.[Cl-]>>[Cl-].C[NH+:21]=[C:20]2[O][CH](C7=CC=CC=C7)[CH]([H])C(C)[O]2.[H][O:10][H] 21=20;20,10=10"
"[H][O+:10](C(C)C([H])C([H])[O]1)[C:20]1([O:21]C)[S]CC.[Cl-]>>[Cl-].[H][O:10]C(C)C([H])C([H])[O][C:20]([S]CC)=[O+:21]C 21=20;20,10=10"
"CC1C(C(O[C:20](N1CCCCCC)([O-:10])[O:21][H])C)[H]>>CC1C(C(O[C:20](=[O:10])N1CCCCCC)C)[H].[O-:21][H] 10=20;20,21=21"
"[H][S:10]C(C)C([H])C(C)[O][C:20]([S]C7=CC=CC=C7)=[O+:21]C.[Cl-]>>[Cl-].[H][S+:10](C(C)C([H])C(C)[O]1)[C:20]1([O:21]C)[S]C7=CC=CC=C7 10=20;20,21=21"
"[H][NH+:10](C(CC)C(C8=CC=CC=C8)[O]1)[C:20]1([NH:21]C6=CC=CC=C6)[O]CC.[Cl-]>>[Cl-].[H][NH:10]C(CC)C(C8=CC=CC=C8)[O][C:20]([O]CC)=[NH+:21]C6=CC=CC=C6 21=20;20,10=10"
"[H][S:10]C(C)C([H])[S][C:20]([S]CC)=[O+:21]C.[Cl-]>>[Cl-].[H][S+:10](C(C)C([H])[S]1)[C:20]1([O:21]C)[S]CC 10=20;20,21=21"
"[H]N([C:20]1(OC(C(C([O:21]1)[H])[H])C1=CC=CC=C1)[O-:10])[H]>>[H]N([C:20](=[O:10])OC(C(C([O-:21])[H])[H])C1=CC=CC=C1)[H] 10=20;20,21=21"
"[NH:10]([H])C([H])C(O)C([C:20]([H])=[O:21])[H]>>[O-:21][C:20]1([H])[NH+:10]([H])C([H])C(O)C1[H] 10=20;20,21=21"
"C9=CC=CC=C9[NH+:10]([H])[C:20]([NH:21]C6=CC=CC=C6)([NH][H])[NH]C7=CC=CC=C7.[Cl-]>>[Cl-].C9=CC=CC=C9[NH:10][H].C6=CC=CC=C6[NH+:21]=[C:20]([NH][H])[NH]C7=CC=CC=C7 21=20;20,10=10"
"C[O+:21]=[C:20]2[O][CH](C7=CC=CC=C7)[CH](C)C(C)[S]2.C[S:10][H].[Cl-]>>[Cl-].C[S+:10]([H])[C:20]1([O:21]C)[O][CH](C7=CC=CC=C7)C(C)[CH](C)[S]1 10=20;20,21=21"
"[H][O+:10](C(C9=CC=CC=C9)C([H])C([H])[O]1)[C:20]1([O:21][H])[O]CC.[Cl-]>>[Cl-].[H][O:10]C(C9=CC=CC=C9)C([H])C([H])[O][C:20]([O]CC)=[O+:21][H] 21=20;20,10=10"
"[O-:10]C([H])C([H])/C(C)=C(C)\[C:20](C)=[O:21]>>[O-:21][C:20]1(C)C(C)=C(C)C([H])C([H])[O:10]1 10=20;20,21=21"
"[H]N([C:20]1(OC(C(C([O:21]1)[H])[H])[H])[O-:10])C>>[H]N([C:20](=[O:10])OC(C(C([O-:21])[H])[H])[H])C 10=20;20,21=21"
"CC[NH+:21]=[C:20]2[NH]C(C)C([H])[NH]2.C9=CC=CC=C9[NH:10][H].[Cl-]>>[Cl-].C9=CC=CC=C9[NH+:10]([H])[C:20]1([NH:21]CC)[NH]C(C)C([H])[NH]1 10=20;20,21=21"
"[H][O:10]C(CC)C(C)C(C)[NH][C:20]([O]CC)=[NH+:21][H].[Cl-]>>[Cl-].[H][O+:10](C(CC)C(C)C(C)[NH]1)[C:20]1([NH:21][H])[O]CC 10=20;20,21=21"
"C[O+:21]=[C:20]2[S]C(C7=CC=CC=C7)C(C)[O]2.C9=CC=CC=C9[O:10][H].[Cl-]>>[Cl-].C9=CC=CC=C9[O+:10]([H])[C:20]1([O:21]C)[S]C(C7=CC=CC=C7)C(C)[O]1 10=20;20,21=21"
"[O-:21][C:20]1(OCC)C([H])=C([H])C(C)C(CCC)[O+:10]1([K])>>[O:10]([K])C(CCC)C(C)/C([H])=C([H])\[C:20](OCC)=[O:21] 21=20;20,10=10"
"[H][O+:10](C(CC)C(C)[S]1)[C:20]1([O:21][Si](C)(C)(C))[S]C7=CC=CC=C7.[Cl-]>>[Cl-].[H][O:10]C(CC)C(C)[S][C:20]([S]C7=CC=CC=C7)=[O+:21][Si](C)(C)(C) 21=20;20,10=10"
"[H][NH:10]C(C9=CC=CC=C9)C([H])C(C8=CC=CC=C8)[O][C:20]([O]CC)=[NH+:21][H].[Cl-]>>[Cl-].[H][NH+:10](C(C9=CC=CC=C9)C([H])C(C8=CC=CC=C8)[O]1)[C:20]1([NH:21][H])[O]CC 10=20;20,21=21"
"[H][NH+:21]=[C:20]2[NH]C(C)C(C8=CC=CC=C8)[O]2.C[NH:10][H].[Cl-]>>[Cl-].C[NH+:10]([H])[C:20]1([NH:21][H])[NH]C(C)C(C8=CC=CC=C8)[O]1 10=20;20,21=21"
"[H][NH:10]C(C)C(C)C(CC)[NH][C:20]([NH]CC)=[NH+:21][H].[Cl-]>>[Cl-].[H][NH+:10](C(C)C(C)C(CC)[NH]1)[C:20]1([NH:21][H])[NH]CC 10=20;20,21=21"
"C9=CC=CC=C9[S+:10]([H])[C:20]([O:21][H])([O]C8=CC=CC=C8)[O]C7=CC=CC=C7.[Cl-]>>[Cl-].C9=CC=CC=C9[S:10][H].[H][O+:21]=[C:20]([O]C8=CC=CC=C8)[O]C7=CC=CC=C7 21=20;20,10=10"
"CC[NH+:21]=[C:20]2[NH][CH](C7=CC=CC=C7)[CH]([H])C(C)[NH]2.C9=CC=CC=C9[NH:10][H].[Cl-]>>[Cl-].C9=CC=CC=C9[NH+:10]([H])[C:20]1([NH:21]CC)[NH][CH](C7=CC=CC=C7)C([H])[CH](C)[NH]1 10=20;20,21=21"
"[Li][O:21]C.[C:20](=[O:10])(OCC)OCC>>[Li][O+:21]([C:20]([O-:10])(OCC)OCC)C 21=20;20,10=10"
"CC[S+:10]([H])[C:20]([O:21][Si](C)(C)(C))([O]CC)[S][H].[Cl-]>>[Cl-].CC[S:10][H].[Si](C)(C)(C)[O+:21]=[C:20]([O]CC)[S][H] 21=20;20,10=10"
"C9=CC=CC=C9[NH+:10]([H])[C:20]([NH:21]CC)([NH]C)[NH]C7=CC=CC=C7.[Cl-]>>[Cl-].C9=CC=CC=C9[NH:10][H].CC[NH+:21]=[C:20]([NH]C)[NH]C7=CC=CC=C7 21=20;20,10=10"
"[O:10]([K])C([H])/C(C)=C([H])\C(C)[C:20]([H])=[O:21]>>[O-:21][C:20]1([H])C(C)C([H])=C(C)C([H])[O+:10]1([K]) 10=20;20,21=21"
"C6=CC=CC=C6[NH+:21]=[C:20]2[O][CH]([H])[CH](C)C(C8=CC=CC=C8)[NH]2.C[NH:10][H].[Cl-]>>[Cl-].C[NH+:10]([H])[C:20]1([NH:21]C6=CC=CC=C6)[O][CH]([H])C(C)[CH](C8=CC=CC=C8)[NH]1 10=20;20,21=21"
"C6=CC=CC=C6[NH+:21]=[C:20]2[O][CH](CC)[CH](C)C(C8=CC=CC=C8)[O]2.[H][O:10][H].[Cl-]>>[Cl-].[H][O+:10]([H])[C:20]1([NH:21]C6=CC=CC=C6)[O][CH](CC)C(C)[CH](C8=CC=CC=C8)[O]1 10=20;20,21=21"
"CN([C:20](=[O:10])OC(C(C([O-:21])CCCCCC)CCCCCC)CC)CC>>CN([C:20]1(OC(C(C([O:21]1)CCCCCC)CCCCCC)CC)[O-:10])CC 21=20;20,10=10"
"[H][O+:10](C(C)C(CC)[O]1)[C:20]1([O:21]C)[S]CC.[Cl-]>>[Cl-].[H][O:10]C(C)C(CC)[O][C:20]([S]CC)=[O+:21]C 21=20;20,10=10"
"[H][O+:10](C(CC)C(C)C([H])[O]1)[C:20]1([NH:21]C)[NH]C7=CC=CC=C7.[Cl-]>>[Cl-].[H][O:10]C(CC)C(C)C([H])[O][C:20]([NH]C7=CC=CC=C7)=[NH+:21]C 21=20;20,10=10"
"C9=CC=CC=C9[S+:10]([H])[C:20]1([O:21][H])[O][CH](C7=CC=CC=C7)C([H])[CH](C8=CC=CC=C8)[S]1.[Cl-]>>[Cl-].[H][O+:21]=[C:20]2[O][CH](C7=CC=CC=C7)[CH]([H])C(C8=CC=CC=C8)[S]2.C9=CC=CC=C9[S:10][H] 21=20;20,10=10"
"[O-:10]C(C)C(C)C(O)C(O)[C:20](OC)=[O:21]>>[O-:21][C:20]1(OC)C(O)C(O)C(C)C(C)[O:10]1 10=20;20,21=21"
"[H][NH:10]C([H])C([H])C([H])[NH][C:20]([NH][H])=[NH+:21][H].[Cl-]>>[Cl-].[H][NH+:10](C([H])C([H])C([H])[NH]1)[C:20]1([NH:21][H])[NH][H] 10=20;20,21=21"
"C9=CC=CC=C9[O+:10]([H])[C:20]([NH:21]CC)([NH]C)[NH][H].[Cl-]>>[Cl-].C9=CC=CC=C9[O:10][H].CC[NH+:21]=[C:20]([NH]C)[NH][H] 21=20;20,10=10"
"CCCCCCC1C(C(O[C:20](=[O:10])N1C1=CC=CC=C1)CC)C.[O-:21]CC>>CCCCCCC1C(C(O[C:20](N1C1=CC=CC=C1)([O-:10])[O:21]CC)CC)C 21=20;20,10=10"
"[H][O:10]C(CC)C(CC)[S][C:20]([O][H])=[O+:21][Si](C)(C)(C).[Cl-]>>[Cl-].[H][O+:10](C(CC)C(CC)[S]1)[C:20]1([O:21][Si](C)(C)(C))[O][H] 10=20;20,21=21"
"CCCCCCC1C(C(O[C:20](=[O:10])N1[H])CC)C.[O-:21]C>>CCCCCCC1C(C(O[C:20](N1[H])([O-:10])[O:21]C)CC)C 21=20;20,10=10"
"[H][O:10]C(CC)C(C)C([H])[S][C:20]([O]C)=[O+:21]C.[Cl-]>>[Cl-].[H][O+:10](C(CC)C(C)C([H])[S]1)[C:20]1([O:21]C)[O]C 10=20;20,21=21"
"[H][NH:10]C(C9=CC=CC=C9)C(CC)[O][C:20]([O]CC)=[NH+:21][H].[Cl-]>>[Cl-].[H][NH+:10](C(C9=CC=CC=C9)C(CC)[O]1)[C:20]1([NH:21][H])[O]CC 10=20;20,21=21"
"[H][O+:10]([H])[C:20]1([O:21]C)[S][CH]([H])C(C)[CH](CC)[S]1.[Cl-]>>[Cl-].C[O+:21]=[C:20]2[S][CH]([H])[CH](C)C(CC)[S]2.[H][O:10][H] 21=20;20,10=10"
"[H][NH+:10](C([H])C(C8=CC=CC=C8)[O]1)[C:20]1([NH:21]C6=CC=CC=C6)[O]C7=CC=CC=C7.[Cl-]>>[Cl-].[H][NH:10]C([H])C(C8=CC=CC=C8)[O][C:20]([O]C7=CC=CC=C7)=[NH+:21]C6=CC=CC=C6 21=20;20,10=10"
"[H][S:10]C(C)C(C)C([H])[S][C:20]([S]C7=CC=CC=C7)=[O+:21][H].[Cl-]>>[Cl-].[H][S+:10](C(C)C(C)C([H])[S]1)[C:20]1([O:21][H])[S]C7=CC=CC=C7 10=20;20,21=21"
"C9=CC=CC=C9[O+:10]([H])[C:20]1([O:21][Si](C)(C)(C))[O]C(C7=CC=CC=C7)C(C)[O]1.[Cl-]>>[Cl-].[Si](C)(C)(C)[O+:21]=[C:20]2[O]C(C7=CC=CC=C7)C(C)[O]2.C9=CC=CC=C9[O:10][H] 21=20;20,10=10"
"CC[NH+:21]=[C:20]2[NH][CH]([H])[CH]([H])C(C8=CC=CC=C8)[O]2.C9=CC=CC=C9[O:10][H].[Cl-]>>[Cl-].C9=CC=CC=C9[O+:10]([H])[C:20]1([NH:21]CC)[NH][CH]([H])C([H])[CH](C8=CC=CC=C8)[O]1 10=20;20,21=21"
"[H][O+:10](C(CC)C(C)[S]1)[C:20]1([O:21][H])[O]C.[Cl-]>>[Cl-].[H][O:10]C(CC)C(C)[S][C:20]([O]C)=[O+:21][H] 21=20;20,10=10"
"[H]N([C:20](=[O:10])OC(C(C([O-:21])CCCCCC)CCCCCC)[H])CC>>[H]N([C:20]1(OC(C(C([O:21]1)CCCCCC)CCCCCC)[H])[O-:10])CC 21=20;20,10=10"
"[O:20]=[C:21](OC)O[H].C[O:10][Li]>>C[O+:10]([Li])[C:21]([O-:20])(OC)O[H] 10=21;21,20=20"
"[K][O+:21]([C:20]([O-:10])(OCC)OC)[H]>>[K][O:21][H].[C:20](=[O:10])(OCC)OC 10=20;20,21=21"
"CN([C:20]1(OC(C(C([O:21]1)CC)[H])C1=CC=CC=C1)[O-:10])[H]>>CN([C:20](=[O:10])OC(C(C([O-:21])CC)[H])C1=CC=CC=C1)[H] 10=20;20,21=21"
"[H][NH:10]C(C)C(CC)[NH][C:20]([NH]CC)=[NH+:21]C6=CC=CC=C6.[Cl-]>>[Cl-].[H][NH+:10](C(C)C(CC)[NH]1)[C:20]1([NH:21]C6=CC=CC=C6)[NH]CC 10=20;20,21=21"
"[H][O+:10](C(C9=CC=CC=C9)C([H])C(C8=CC=CC=C8)[NH]1)[C:20]1([NH:21]C)[NH]C7=CC=CC=C7.[Cl-]>>[Cl-].[H][O:10]C(C9=CC=CC=C9)C([H])C(C8=CC=CC=C8)[NH][C:20]([NH]C7=CC=CC=C7)=[NH+:21]C 21=20;20,10=10"
"[H][NH:10]C(C9=CC=CC=C9)C([H])C(CC)[NH][C:20]([NH][H])=[NH+:21]CC.[Cl-]>>[Cl-].[H][NH+:10](C(C9=CC=CC=C9)C([H])C(CC)[NH]1)[C:20]1([NH:21]CC)[NH][H] 10=20;20,21=21"
"[H][O+:10](C(CC)C(CC)[O]1)[C:20]1([O:21]C)[O][H].[Cl-]>>[Cl-].[H][O:10]C(CC)C(CC)[O][C:20]([O][H])=[O+:21]C 21=20;20,10=10"
"[H][O+:21]=[C:20]2[S]C(C)C([H])[S]2.CC[S:10][H].[Cl-]>>[Cl-].CC[S+:10]([H])[C:20]1([O:21][H])[S]C(C)C([H])[S]1 10=20;20,21=21"
"[H][O:10]C(C9=CC=CC=C9)C(C8=CC=CC=C8)[O][C:20]([NH]C7=CC=CC=C7)=[NH+:21][H].[Cl-]>>[Cl-].[H][O+:10](C(C9=CC=CC=C9)C(C8=CC=CC=C8)[O]1)[C:20]1([NH:21][H])[NH]C7=CC=CC=C7 10=20;20,21=21"
"[H][NH+:10]([H])[C:20]1([NH:21][H])[NH][CH]([H])C([H])[CH](CC)[NH]1.[Cl-]>>[Cl-].[H][NH+:21]=[C:20]2[NH][CH]([H])[CH]([H])C(CC)[NH]2.[H][NH:10][H] 21=20;20,10=10"
"[H][NH+:10](C([H])C(C)C(CC)[O]1)[C:20]1([NH:21]C6=CC=CC=C6)[NH]C.[Cl-]>>[Cl-].[H][NH:10]C([H])C(C)C(CC)[O][C:20]([NH]C)=[NH+:21]C6=CC=CC=C6 21=20;20,10=10"
"[H][O:10]C(CC)C(C)[O][C:20]([O]C7=CC=CC=C7)=[NH+:21]C.[Cl-]>>[Cl-].[H][O+:10](C(CC)C(C)[O]1)[C:20]1([NH:21]C)[O]C7=CC=CC=C7 10=20;20,21=21"
"[H][O+:21]=[C:20]2[S]C(C)C(C)[O]2.[H][S:10][H].[Cl-]>>[Cl-].[H][S+:10]([H])[C:20]1([O:21][H])[S]C(C)C(C)[O]1 10=20;20,21=21"
"[H][S:10]C(C9=CC=CC=C9)C(C)C(C)[S][C:20]([O]CC)=[O+:21][H].[Cl-]>>[Cl-].[H][S+:10](C(C9=CC=CC=C9)C(C)C(C)[S]1)[C:20]1([O:21][H])[O]CC 10=20;20,21=21"
"[H][O:10][H].C[NH+:21]=[C:20]([O]C8=CC=CC=C8)[NH]C.[Cl-]>>[Cl-].[H][O+:10]([H])[C:20]([NH:21]C)([O]C8=CC=CC=C8)[NH]C 10=20;20,21=21"
"[H][O+:21]=[C:20]2[O]C([H])C(C)[O]2.CC[S:10][H].[Cl-]>>[Cl-].CC[S+:10]([H])[C:20]1([O:21][H])[O]C([H])C(C)[O]1 10=20;20,21=21"
"[H][S:10]C(C)C([H])C([H])[O][C:20]([S][H])=[O+:21][H].[Cl-]>>[Cl-].[H][S+:10](C(C)C([H])C([H])[O]1)[C:20]1([O:21][H])[S][H] 10=20;20,21=21"
"[H][NH+:10](C(CC)C(CC)[NH]1)[C:20]1([NH:21]C)[NH]C7=CC=CC=C7.[Cl-]>>[Cl-].[H][NH:10]C(CC)C(CC)[NH][C:20]([NH]C7=CC=CC=C7)=[NH+:21]C 21=20;20,10=10"
"[O-:21][C:20]1(OC)C([H])C([H])=C([H])C(CCC)[O:10]1>>[O-:10]C(CCC)/C([H])=C([H])\C([H])[C:20](OC)=[O:21] 21=20;20,10=10"
"CCCCCCN([C:20](=[O:10])OC(C([O-:21])C1=CC=CC=C1)CCCCCC)[H]>>CCCCCCN([C:20]1(OC(C([O:21]1)C1=CC=CC=C1)CCCCCC)[O-:10])[H] 21=20;20,10=10"
"[NH:10](C)C(C)/C([H])=C([C:20](OCC)=[O:21])/[H]>>[O-:21][C:20]1(OCC)[NH+:10](C)C(C)C([H])=C1[H] 10=20;20,21=21"
"CN([C:20](=[O:10])OC1=CC=CC=C1)CCCCCC.[O-:21]C1=CC=CC=C1>>CN([C:20]([O-:10])(OC1=CC=CC=C1)[O:21]C1=CC=CC=C1)CCCCCC 21=20;20,10=10"
"CCCCCCC1C(C(O[C:20](N1CCCCCC)([O-:10])[O:21]C1=CC=CC=C1)CCCCCC)CCCCCC>>CCCCCCC1C(C(O[C:20](=[O:10])N1CCCCCC)CCCCCC)CCCCCC.[O-:21]C1=CC=CC=C1 10=20;20,21=21"
"[H][O+:10]([H])[C:20]([O:21][H])([O]C)[S][H].[Cl-]>>[Cl-].[H][O:10][H].[H][O+:21]=[C:20]([O]C)[S][H] 21=20;20,10=10"
"[H][NH+:10]([H])[C:20]1([NH:21]CC)[NH][CH](C)C([H])[CH](CC)[O]1.[Cl-]>>[Cl-].CC[NH+:21]=[C:20]2[NH][CH](C)[CH]([H])C(CC)[O]2.[H][NH:10][H] 21=20;20,10=10"
"C[O+:10]([H])[C:20]1([NH:21]C6=CC=CC=C6)[NH]C(C7=CC=CC=C7)C(C8=CC=CC=C8)[O]1.[Cl-]>>[Cl-].C6=CC=CC=C6[NH+:21]=[C:20]2[NH]C(C7=CC=CC=C7)C(C8=CC=CC=C8)[O]2.C[O:10][H] 21=20;20,10=10"
"[H][O+:10]([H])[C:20]([O:21]C)([S]CC)[S]C7=CC=CC=C7.[Cl-]>>[Cl-].[H][O:10][H].C[O+:21]=[C:20]([S]CC)[S]C7=CC=CC=C7 21=20;20,10=10"
"CCN([C:20]1(OC(C(C([O:21]1)C1=CC=CC=C1)[H])C1=CC=CC=C1)[O-:10])C1=CC=CC=C1>>CCN([C:20](=[O:10])OC(C(C([O-:21])C1=CC=CC=C1)[H])C1=CC=CC=C1)C1=CC=CC=C1 10=20;20,21=21"
"CCCCCCN([C:20]1(OC(C(C([O:21]1)C1=CC=CC=C1)CCCCCC)C)[O-:10])C>>CCCCCCN([C:20](=[O:10])OC(C(C([O-:21])C1=CC=CC=C1)CCCCCC)C)C 10=20;20,21=21"
"CN([C:20]([O-:10])(O[H])[O:21]C1=CC=CC=C1)CC>>CN([C:20](=[O:10])O[H])CC.[O-:21]C1=CC=CC=C1 10=20;20,21=21"
"C1=CC=CC=C1N([C:20]1(OC(C(C([O:21]1)CC)CC)CCCCCC)[O-:10])CCCCCC>>C1=CC=CC=C1N([C:20](=[O:10])OC(C(C([O-:21])CC)CC)CCCCCC)CCCCCC 10=20;20,21=21"
"C[O+:10]([H])[C:20]([NH:21]C6=CC=CC=C6)([O]C)[O]CC.[Cl-]>>[Cl-].C[O:10][H].C6=CC=CC=C6[NH+:21]=[C:20]([O]C)[O]CC 21=20;20,10=10"
"[H][NH+:10](C(CC)C(C)C([H])[NH]1)[C:20]1([NH:21]C6=CC=CC=C6)[O]C7=CC=CC=C7.[Cl-]>>[Cl-].[H][NH:10]C(CC)C(C)C([H])[NH][C:20]([O]C7=CC=CC=C7)=[NH+:21]C6=CC=CC=C6 21=20;20,10=10"
"[O-:10]C(CC)C([H])C([C:20](OCC)=[O:21])C>>[O-:21][C:20]1(OCC)[O:10]C(CC)C([H])C1C 10=20;20,21=21"
"[H][O+:10]([H])[C:20]1([NH:21]C)[O]C(CC)C(C8=CC=CC=C8)[NH]1.[Cl-]>>[Cl-].C[NH+:21]=[C:20]2[O]C(CC)C(C8=CC=CC=C8)[NH]2.[H][O:10][H] 21=20;20,10=10"
"[H][NH:10]C([H])C(C)C([H])[NH][C:20]([NH]CC)=[NH+:21]C6=CC=CC=C6.[Cl-]>>[Cl-].[H][NH+:10](C([H])C(C)C([H])[NH]1)[C:20]1([NH:21]C6=CC=CC=C6)[NH]CC 10=20;20,21=21"
"CCN([C:20](=[O:10])OC(C(C([O-:21])C)CCCCCC)[H])CCCCCC>>CCN([C:20]1(OC(C(C([O:21]1)C)CCCCCC)[H])[O-:10])CCCCCC 21=20;20,10=10"
"CCC1C(C(O[C:20](N1C1=CC=CC=C1)([O-:10])[O:21]CCCCCC)[H])CCCCCC>>CCC1C(C(O[C:20](=[O:10])N1C1=CC=CC=C1)[H])CCCCCC.[O-:21]CCCCCC 10=20;20,21=21"
"[NH:10]([H])C(C)C(C)C([H])C(C)[C:20](C)=[O:21]>>[O-:21][C:20]1(C)C(C)C([H])C(C)C(C)[NH+:10]1([H]) 10=20;20,21=21"
"[H][O:10]C(CC)C([H])C([H])[O][C:20]([S]CC)=[O+:21]C.[Cl-]>>[Cl-].[H][O+:10](C(CC)C([H])C([H])[O]1)[C:20]1([O:21]C)[S]CC 10=20;20,21=21"
"C[NH+:10]([H])[C:20]1([NH:21][H])[O]C(CC)C(CC)[NH]1.[Cl-]>>[Cl-].[H][NH+:21]=[C:20]2[O]C(CC)C(CC)[NH]2.C[NH:10][H] 21=20;20,10=10"
"CCCCCCC1C(C(O[C:20](=[O:10])N1CCCCCC)C)[H].[O-:21]CC>>CCCCCCC1C(C(O[C:20](N1CCCCCC)([O-:10])[O:21]CC)C)[H] 21=20;20,10=10"
"[H][O:10]C([H])C(C8=CC=CC=C8)[S][C:20]([S]CC)=[O+:21][Si](C)(C)(C).[Cl-]>>[Cl-].[H][O+:10](C([H])C(C8=CC=CC=C8)[S]1)[C:20]1([O:21][Si](C)(C)(C))[S]CC 10=20;20,21=21"
"CC1C(C(O[C:20](=[O:10])N1C1=CC=CC=C1)C1=CC=CC=C1)[H].[O-:21][H]>>CC1C(C(O[C:20](N1C1=CC=CC=C1)([O-:10])[O:21][H])C1=CC=CC=C1)[H] 21=20;20,10=10"
"[H][O+:10](C(CC)C(C)C(C8=CC=CC=C8)[O]1)[C:20]1([NH:21]C)[NH]C7=CC=CC=C7.[Cl-]>>[Cl-].[H][O:10]C(CC)C(C)C(C8=CC=CC=C8)[O][C:20]([NH]C7=CC=CC=C7)=[NH+:21]C 21=20;20,10=10"
"[O-:21][C:20]1([H])C(C)C(C)=C([H])C(C)[O:10]1>>[O-:10]C(C)/C([H])=C(C)\C(C)[C:20]([H])=[O:21] 21=20;20,10=10"
"[O-:21][C:20]1(OC)[O+:10]([K])C([H])C([H])C1[H]>>[O:10]([K])C([H])C([H])C([C:20](OC)=[O:21])[H] 21=20;20,10=10"
"C[NH+:21]=[C:20]2[O]C(C)C(CC)[O]2.CC[NH:10][H].[Cl-]>>[Cl-].CC[NH+:10]([H])[C:20]1([NH:21]C)[O]C(C)C(CC)[O]1 10=20;20,21=21"
"[H][O:10]C(C)C(C8=CC=CC=C8)[NH][C:20]([O]C)=[NH+:21]C6=CC=CC=C6.[Cl-]>>[Cl-].[H][O+:10](C(C)C(C8=CC=CC=C8)[NH]1)[C:20]1([NH:21]C6=CC=CC=C6)[O]C 10=20;20,21=21"
"CC[NH+:21]=[C:20]2[NH]C(C)C(C)[O]2.[H][NH:10][H].[Cl-]>>[Cl-].[H][NH+:10]([H])[C:20]1([NH:21]CC)[NH]C(C)C(C)[O]1 10=20;20,21=21"
"[O-:21][C:20]1(C)[O+:10]([K])C(CCC)C(O)C1C>>[O:10]([K])C(CCC)C(O)C([C:20](C)=[O:21])C 21=20;20,10=10"
"[H][O:10]C(C9=CC=CC=C9)C([H])[O][C:20]([S]C)=[O+:21][H].[Cl-]>>[Cl-].[H][O+:10](C(C9=CC=CC=C9)C([H])[O]1)[C:20]1([O:21][H])[S]C 10=20;20,21=21"
"C9=CC=CC=C9[S+:10]([H])[C:20]([O:21][Si](C)(C)(C))([O]C8=CC=CC=C8)[O]C.[Cl-]>>[Cl-].C9=CC=CC=C9[S:10][H].[Si](C)(C)(C)[O+:21]=[C:20]([O]C8=CC=CC=C8)[O]C 21=20;20,10=10"
"C[NH+:10]([H])[C:20]1([NH:21]C6=CC=CC=C6)[O][CH](CC)C([H])[CH](C8=CC=CC=C8)[O]1.[Cl-]>>[Cl-].C6=CC=CC=C6[NH+:21]=[C:20]2[O][CH](CC)[CH]([H])C(C8=CC=CC=C8)[O]2.C[NH:10][H] 21=20;20,10=10"
"[H][NH:10]C(C9=CC=CC=C9)C(C)C(C8=CC=CC=C8)[O][C:20]([O]C)=[NH+:21][H].[Cl-]>>[Cl-].[H][NH+:10](C(C9=CC=CC=C9)C(C)C(C8=CC=CC=C8)[O]1)[C:20]1([NH:21][H])[O]C 10=20;20,21=21"
"[H]N([C:20]1(OC(C(C([O:21]1)C1=CC=CC=C1)CCCCCC)[H])[O-:10])C1=CC=CC=C1>>[H]N([C:20](=[O:10])OC(C(C([O-:21])C1=CC=CC=C1)CCCCCC)[H])C1=CC=CC=C1 10=20;20,21=21"
"[H][O:10]C(CC)C([H])C(C8=CC=CC=C8)[NH][C:20]([NH][H])=[NH+:21][H].[Cl-]>>[Cl-].[H][O+:10](C(CC)C([H])C(C8=CC=CC=C8)[NH]1)[C:20]1([NH:21][H])[NH][H] 10=20;20,21=21"
"C1=CC=CC=C1C1C(C(O[C:20](=[O:10])N1CCCCCC)CCCCCC)CC.[O-:21]CCCCCC>>C1=CC=CC=C1C1C(C(O[C:20](N1CCCCCC)([O-:10])[O:21]CCCCCC)CCCCCC)CC 21=20;20,10=10"
"C[NH+:21]=[C:20]2[NH][CH](CC)[CH]([H])C([H])[O]2.C9=CC=CC=C9[O:10][H].[Cl-]>>[Cl-].C9=CC=CC=C9[O+:10]([H])[C:20]1([NH:21]C)[NH][CH](CC)C([H])[CH]([H])[O]1 10=20;20,21=21"
"C9=CC=CC=C9[O:10][H].CC[NH+:21]=[C:20]([NH][H])[NH][H].[Cl-]>>[Cl-].C9=CC=CC=C9[O+:10]([H])[C:20]([NH:21]CC)([NH][H])[NH][H] 10=20;20,21=21"
"C1=CC=CC=C1N([C:20](=[O:10])OC(C(C([O-:21])[H])C)C1=CC=CC=C1)CC>>C1=CC=CC=C1N([C:20]1(OC(C(C([O:21]1)[H])C)C1=CC=CC=C1)[O-:10])CC 21=20;20,10=10"
"C[NH+:21]=[C:20]2[NH][CH](C)[CH](C)C([H])[NH]2.CC[NH:10][H].[Cl-]>>[Cl-].CC[NH+:10]([H])[C:20]1([NH:21]C)[NH][CH](C)C(C)[CH]([H])[NH]1 10=20;20,21=21"
"[O:10]([K])C(CCC)/C(O)=C([C:20](OCC)=[O:21])/[H]>>[O-:21][C:20]1(OCC)[O+:10]([K])C(CCC)C(O)=C1[H] 10=20;20,21=21"
"[H][NH:10]C(C)C(C)C(C8=CC=CC=C8)[NH][C:20]([NH][H])=[NH+:21]CC.[Cl-]>>[Cl-].[H][NH+:10](C(C)C(C)C(C8=CC=CC=C8)[NH]1)[C:20]1([NH:21]CC)[NH][H] 10=20;20,21=21"
"[O-:21][C:20]1(OCC)C(C)C(O)C(C)C(C)[O+:10]1([Na])>>[O:10]([Na])C(C)C(C)C(O)C(C)[C:20](OCC)=[O:21] 21=20;20,10=10"
"[H][S:10]C([H])C(C)C(C8=CC=CC=C8)[O][C:20]([S]CC)=[O+:21]C.[Cl-]>>[Cl-].[H][S+:10](C([H])C(C)C(C8=CC=CC=C8)[O]1)[C:20]1([O:21]C)[S]CC 10=20;20,21=21"
"CCN([C:20]1(OC(C([O:21]1)C)CCCCCC)[O-:10])[H]>>CCN([C:20](=[O:10])OC(C([O-:21])C)CCCCCC)[H] 10=20;20,21=21"
"[H][NH:10]C(CC)C([H])C(CC)[O][C:20]([NH]C)=[NH+:21][H].[Cl-]>>[Cl-].[H][NH+:10](C(CC)C([H])C(CC)[O]1)[C:20]1([NH:21][H])[NH]C 10=20;20,21=21"
"[O:10]([K])C(CC)C([H])C(O)C(O)[C:20](C)=[O:21]>>[O-:21][C:20]1(C)C(O)C(O)C([H])C(CC)[O+:10]1([K]) 10=20;20,21=21"
"CC[NH+:10]([H])[C:20]([NH:21]C)([O]CC)[O][H].[Cl-]>>[Cl-].CC[NH:10][H].C[NH+:21]=[C:20]([O]CC)[O][H] 21=20;20,10=10"
"[O:10]([K])C([H])C(C)C(O)C(C)[C:20]([H])=[O:21]>>[O-:21][C:20]1([H])C(C)C(O)C(C)C([H])[O+:10]1([K]) 10=20;20,21=21"
"CC[NH+:21]=[C:20]2[O][CH](C)[CH](C)C(CC)[NH]2.[H][NH:10][H].[Cl-]>>[Cl-].[H][NH+:10]([H])[C:20]1([NH:21]CC)[O][CH](C)C(C)[CH](CC)[NH]1 10=20;20,21=21"
"C1=CC=CC=C1C1C(C(O[C:20](=[O:10])N1C)C1=CC=CC=C1)CCCCCC.[O-:21]CCCCCC>>C1=CC=CC=C1C1C(C(O[C:20](N1C)([O-:10])[O:21]CCCCCC)C1=CC=CC=C1)CCCCCC 21=20;20,10=10"
"C[O+:21]=[C:20]2[S]C(C)C(CC)[O]2.[H][S:10][H].[Cl-]>>[Cl-].[H][S+:10]([H])[C:20]1([O:21]C)[S]C(C)C(CC)[O]1 10=20;20,21=21"
"C[O+:10]([H])[C:20]([O:21]C)([O]CC)[O][H].[Cl-]>>[Cl-].C[O:10][H].C[O+:21]=[C:20]([O]CC)[O][H] 21=20;20,10=10"
"CC[O:10][H].CC[NH+:21]=[C:20]([NH]C)[O]CC.[Cl-]>>[Cl-].CC[O+:10]([H])[C:20]([NH:21]CC)([NH]C)[O]CC 10=20;20,21=21"
"C1=CC=CC=C1N([C:20](=[O:10])OC(C([O-:21])[H])CCCCCC)CCCCCC>>C1=CC=CC=C1N([C:20]1(OC(C([O:21]1)[H])CCCCCC)[O-:10])CCCCCC 21=20;20,10=10"
"[O:10]([Na])C([H])/C(O)=C([C:20](C)=[O:21])/[H]>>[O-:21][C:20]1(C)[O+:10]([Na])C([H])C(O)=C1[H] 10=20;20,21=21"
"[H][O+:10](C([H])C(C)[NH]1)[C:20]1([NH:21]CC)[NH][H].[Cl-]>>[Cl-].[H][O:10]C([H])C(C)[NH][C:20]([NH][H])=[NH+:21]CC 21=20;20,10=10"
"[H][O+:10](C(CC)C([H])C(C)[O]1)[C:20]1([NH:21]C)[O][H].[Cl-]>>[Cl-].[H][O:10]C(CC)C([H])C(C)[O][C:20]([O][H])=[NH+:21]C 21=20;20,10=10"
"C1=CC=CC=C1N([C:20](=[O:10])OC(C([O-:21])CC)[H])CCCCCC>>C1=CC=CC=C1N([C:20]1(OC(C([O:21]1)CC)[H])[O-:10])CCCCCC 21=20;20,10=10"
"C[O:10][H].[Si](C)(C)(C)[O+:21]=[C:20]([O]C8=CC=CC=C8)[S]C7=CC=CC=C7.[Cl-]>>[Cl-].C[O+:10]([H])[C:20]([O:21][Si](C)(C)(C))([O]C8=CC=CC=C8)[S]C7=CC=CC=C7 10=20;20,21=21"
"[O:10]([Na])C([H])/C(C)=C([C:20](C)=[O:21])/[H]>>[O-:21][C:20]1(C)[O+:10]([Na])C([H])C(C)=C1[H] 10=20;20,21=21"
"[H][O+:10](C(C)C(C)C(CC)[NH]1)[C:20]1([NH:21][H])[O][H].[Cl-]>>[Cl-].[H][O:10]C(C)C(C)C(CC)[NH][C:20]([O][H])=[NH+:21][H] 21=20;20,10=10"
"CC[O+:10]([H])[C:20]1([O:21]C)[O][CH](C)C([H])[CH](C8=CC=CC=C8)[O]1.[Cl-]>>[Cl-].C[O+:21]=[C:20]2[O][CH](C)[CH]([H])C(C8=CC=CC=C8)[O]2.CC[O:10][H] 21=20;20,10=10"
"C[S+:10]([H])[C:20]1([O:21]C)[O][CH](C)C(C)[CH]([H])[O]1.[Cl-]>>[Cl-].C[O+:21]=[C:20]2[O][CH](C)[CH](C)C([H])[O]2.C[S:10][H] 21=20;20,10=10"
"CCC1C(C(O[C:20](N1C)([O-:10])[O:21]CC)C1=CC=CC=C1)C>>CCC1C(C(O[C:20](=[O:10])N1C)C1=CC=CC=C1)C.[O-:21]CC 10=20;20,21=21"
"C9=CC=CC=C9[NH+:10]([H])[C:20]1([NH:21][H])[NH][CH]([H])C(C)[CH]([H])[O]1.[Cl-]>>[Cl-].[H][NH+:21]=[C:20]2[NH][CH]([H])[CH](C)C([H])[O]2.C9=CC=CC=C9[NH:10][H] 21=20;20,10=10"
"C[O+:10]([H])[C:20]([O:21][H])([O]CC)[O]C.[Cl-]>>[Cl-].C[O:10][H].[H][O+:21]=[C:20]([O]CC)[O]C 21=20;20,10=10"
"CCC1C(C(O[C:20](N1CC)([O-:10])[O:21]CC)CCCCCC)C>>CCC1C(C(O[C:20](=[O:10])N1CC)CCCCCC)C.[O-:21]CC 10=20;20,21=21"
"C1(C(O[C:20]([O-:10])([O:21]C1C1=CC=CC=C1)O[H])CC)CC>>C(C([O-:21])C1=CC=CC=C1)(C(O[C:20](=[O:10])O[H])CC)CC 10=20;20,21=21"
"CCC1C(C(O[C:20](=[O:10])N1CC)CC)CCCCCC.[O-:21]CC>>CCC1C(C(O[C:20](N1CC)([O-:10])[O:21]CC)CC)CCCCCC 21=20;20,10=10"
"[H][NH+:10](C(CC)C(C)C(C8=CC=CC=C8)[O]1)[C:20]1([NH:21]CC)[O]C.[Cl-]>>[Cl-].[H][NH:10]C(CC)C(C)C(C8=CC=CC=C8)[O][C:20]([O]C)=[NH+:21]CC 21=20;20,10=10"
"C[O:10][CH:20]([Cl:21])CCCCCC>>C[O+:10]=[CH:20]CCCCCC.[Cl-:21] 10=20;20,21=21"
"[H][O+:10]([H])[C:20]1([NH:21][H])[O][CH](CC)C(C)[CH]([H])[NH]1.[Cl-]>>[Cl-].[H][NH+:21]=[C:20]2[O][CH](CC)[CH](C)C([H])[NH]2.[H][O:10][H] 21=20;20,10=10"
"CN([C:20](=[O:10])OC(C(C([O-:21])CC)C)CC)C>>CN([C:20]1(OC(C(C([O:21]1)CC)C)CC)[O-:10])C 21=20;20,10=10"
"[H][NH+:21]=[C:20]2[O][CH](CC)[CH]([H])C(CC)[O]2.[H][NH:10][H].[Cl-]>>[Cl-].[H][NH+:10]([H])[C:20]1([NH:21][H])[O][CH](CC)C([H])[CH](CC)[O]1 10=20;20,21=21"
"C[NH+:10]([H])[C:20]1([NH:21][H])[O][CH]([H])C(C)[CH](C)[NH]1.[Cl-]>>[Cl-].[H][NH+:21]=[C:20]2[O][CH]([H])[CH](C)C(C)[NH]2.C[NH:10][H] 21=20;20,10=10"
"CCCCCCC1C(C(O[C:20](N1CC)([O-:10])[O:21]C1=CC=CC=C1)CCCCCC)C>>CCCCCCC1C(C(O[C:20](=[O:10])N1CC)CCCCCC)C.[O-:21]C1=CC=CC=C1 10=20;20,21=21"
"[OH:21][C:20]1(OCC)C([H])C([H])=C(C)C(CC)[OH+:10]1>>[OH:10]C(CC)/C(C)=C([H])\C([H])[C:20](OCC)=[OH+:21] 21=20;20,10=10"
"[H][NH+:10](C(C9=CC=CC=C9)C([H])[O]1)[C:20]1([NH:21][H])[NH]CC.[Cl-]>>[Cl-].[H][NH:10]C(C9=CC=CC=C9)C([H])[O][C:20]([NH]CC)=[NH+:21][H] 21=20;20,10=10"
"[H][NH:10]C(CC)C(C)[NH][C:20]([O]C7=CC=CC=C7)=[NH+:21]C.[Cl-]>>[Cl-].[H][NH+:10](C(CC)C(C)[NH]1)[C:20]1([NH:21]C)[O]C7=CC=CC=C7 10=20;20,21=21"
"CC[NH+:10]([H])[C:20]([NH:21]C)([O]C8=CC=CC=C8)[O]C.[Cl-]>>[Cl-].CC[NH:10][H].C[NH+:21]=[C:20]([O]C8=CC=CC=C8)[O]C 21=20;20,10=10"
"[H][NH+:21]=[C:20]2[NH][CH](C7=CC=CC=C7)[CH]([H])C([H])[O]2.[H][NH:10][H].[Cl-]>>[Cl-].[H][NH+:10]([H])[C:20]1([NH:21][H])[NH][CH](C7=CC=CC=C7)C([H])[CH]([H])[O]1 10=20;20,21=21"
"[O:20]=[C:21](OC1=CC=CC=C1)OC.C[O:10][Li]>>C[O+:10]([Li])[C:21]([O-:20])(OC1=CC=CC=C1)OC 10=21;21,20=20"
"[H][O:10]C([H])C(CC)[NH][C:20]([O]CC)=[NH+:21][H].[Cl-]>>[Cl-].[H][O+:10](C([H])C(CC)[NH]1)[C:20]1([NH:21][H])[O]CC 10=20;20,21=21"
"[O-:21][C:20]2([NH+:10]([H])C(C7=C2C=CC=C7)[H])OC>>[NH:10]([H])C(C(C=CC=C9)=C9[C:20](OC)=[O:21])[H] 21=20;20,10=10"
"[O-:21][C:20]1(C)[O:10]C([H])C([H])N1[H]>>[O-:10]C([H])C([H])N([C:20](C)=[O:21])[H] 21=20;20,10=10"
"C1=CC=CC=C1C1C(C(O[C:20](N1C)([O-:10])[Cl:21])CCCCCC)C1=CC=CC=C1>>C1=CC=CC=C1C1C(C(O[C:20](=[O:10])N1C)CCCCCC)C1=CC=CC=C1.[Cl-:21] 10=20;20,21=21"
"CCCCCCC1C(C(O[C:20](N1CC)([O-:10])[O:21]CCCCCC)[H])[H]>>CCCCCCC1C(C(O[C:20](=[O:10])N1CC)[H])[H].[O-:21]CCCCCC 10=20;20,21=21"
"[H][NH:10]C(CC)C(C)C(CC)[NH][C:20]([NH]C7=CC=CC=C7)=[NH+:21]C6=CC=CC=C6.[Cl-]>>[Cl-].[H][NH+:10](C(CC)C(C)C(CC)[NH]1)[C:20]1([NH:21]C6=CC=CC=C6)[NH]C7=CC=CC=C7 10=20;20,21=21"
"[H][O+:10]([H])[C:20]([NH:21]C)([O]C)[O]C7=CC=CC=C7.[Cl-]>>[Cl-].[H][O:10][H].C[NH+:21]=[C:20]([O]C)[O]C7=CC=CC=C7 21=20;20,10=10"
"[Si](C)(C)(C)[O+:21]=[C:20]2[S]C(C)C(C8=CC=CC=C8)[S]2.CC[O:10][H].[Cl-]>>[Cl-].CC[O+:10]([H])[C:20]1([O:21][Si](C)(C)(C))[S]C(C)C(C8=CC=CC=C8)[S]1 10=20;20,21=21"
"C1=CC=CC=C1C1C(C(O[C:20](N1CC)([O-:10])[O:21]CC)C1=CC=CC=C1)CCCCCC>>C1=CC=CC=C1C1C(C(O[C:20](=[O:10])N1CC)C1=CC=CC=C1)CCCCCC.[O-:21]CC 10=20;20,21=21"
"[OH:21][C:20]1(C)C(C)C([H])C(C)C(C)[OH+:10]1>>[OH:10]C(C)C(C)C([H])C(C)[C:20](C)=[OH+:21] 21=20;20,10=10"
"[H][NH:10]C(C)C(C)C(C)[NH][C:20]([O][H])=[NH+:21]CC.[Cl-]>>[Cl-].[H][NH+:10](C(C)C(C)C(C)[NH]1)[C:20]1([NH:21]CC)[O][H] 10=20;20,21=21"
"CCCCCCC1C(C(O[C:20](N1C1=CC=CC=C1)([O-:10])[O:21]CC)C1=CC=CC=C1)[H]>>CCCCCCC1C(C(O[C:20](=[O:10])N1C1=CC=CC=C1)C1=CC=CC=C1)[H].[O-:21]CC 10=20;20,21=21"
"[H][NH:10]C([H])C([H])C([H])[NH][C:20]([O]C7=CC=CC=C7)=[NH+:21]C.[Cl-]>>[Cl-].[H][NH+:10](C([H])C([H])C([H])[NH]1)[C:20]1([NH:21]C)[O]C7=CC=CC=C7 10=20;20,21=21"
"[H][S+:10](C([H])C(C)[S]1)[C:20]1([O:21][Si](C)(C)(C))[O]CC.[Cl-]>>[Cl-].[H][S:10]C([H])C(C)[S][C:20]([O]CC)=[O+:21][Si](C)(C)(C) 21=20;20,10=10"
"[OH:21][C:20]1(OC)C(C)C(O)C(C)C(CC)[OH+:10]1>>[OH:10]C(CC)C(C)C(O)C(C)[C:20](OC)=[OH+:21] 21=20;20,10=10"
"[O-:10]C(CC)C([H])C(C)C(C)[C:20](C)=[O:21]>>[O-:21][C:20]1(C)C(C)C(C)C([H])C(CC)[O:10]1 10=20;20,21=21"
"[O-:10]C(C)C([H])C([C:20](OCC)=[O:21])[H]>>[O-:21][C:20]1(OCC)[O:10]C(C)C([H])C1[H] 10=20;20,21=21"
"[H][O:10][H].[H][NH+:21]=[C:20]([NH][H])[O]C7=CC=CC=C7.[Cl-]>>[Cl-].[H][O+:10]([H])[C:20]([NH:21][H])([NH][H])[O]C7=CC=CC=C7 10=20;20,21=21"
"CCC1C(O[C:20](N1C)([O-:10])[O:21]C1=CC=CC=C1)CCCCCC>>CCC1C(O[C:20](=[O:10])N1C)CCCCCC.[O-:21]C1=CC=CC=C1 10=20;20,21=21"
"[H][NH:10]C(C9=CC=CC=C9)C(C)C(CC)[NH][C:20]([O]C)=[NH+:21]CC.[Cl-]>>[Cl-].[H][NH+:10](C(C9=CC=CC=C9)C(C)C(CC)[NH]1)[C:20]1([NH:21]CC)[O]C 10=20;20,21=21"
"CCCCCC[O+:10]([Na])[C:21]([O-:20])(OCCCCCC)OC1=CC=CC=C1>>[O:20]=[C:21](OCCCCCC)OC1=CC=CC=C1.CCCCCC[O:10][Na] 20=21;21,10=10"
"[H][O:10]C([H])C([H])C(C)[NH][C:20]([NH][H])=[NH+:21]C6=CC=CC=C6.[Cl-]>>[Cl-].[H][O+:10](C([H])C([H])C(C)[NH]1)[C:20]1([NH:21]C6=CC=CC=C6)[NH][H] 10=20;20,21=21"
"C[O+:10]([H])[C:20]1([NH:21][H])[O][CH](CC)C([H])[CH]([H])[O]1.[Cl-]>>[Cl-].[H][NH+:21]=[C:20]2[O][CH](CC)[CH]([H])C([H])[O]2.C[O:10][H] 21=20;20,10=10"
"C9=CC=CC=C9[NH+:10]([H])[C:20]([NH:21]C6=CC=CC=C6)([NH]C8=CC=CC=C8)[NH]C.[Cl-]>>[Cl-].C9=CC=CC=C9[NH:10][H].C6=CC=CC=C6[NH+:21]=[C:20]([NH]C8=CC=CC=C8)[NH]C 21=20;20,10=10"
"[H][NH+:21]=[C:20]2[NH][CH](C7=CC=CC=C7)[CH]([H])C(C)[NH]2.[H][O:10][H].[Cl-]>>[Cl-].[H][O+:10]([H])[C:20]1([NH:21][H])[NH][CH](C7=CC=CC=C7)C([H])[CH](C)[NH]1 10=20;20,21=21"
"[H][O+:10]([H])[C:20]1([NH:21]C6=CC=CC=C6)[O]C([H])C(C)[O]1.[Cl-]>>[Cl-].C6=CC=CC=C6[NH+:21]=[C:20]2[O]C([H])C(C)[O]2.[H][O:10][H] 21=20;20,10=10"
"CC[NH+:10]([H])[C:20]1([NH:21]C6=CC=CC=C6)[NH]C(CC)C(C)[O]1.[Cl-]>>[Cl-].C6=CC=CC=C6[NH+:21]=[C:20]2[NH]C(CC)C(C)[O]2.CC[NH:10][H] 21=20;20,10=10"
"CC[NH+:10]([H])[C:20]1([NH:21]C)[NH]C(CC)C(C)[NH]1.[Cl-]>>[Cl-].C[NH+:21]=[C:20]2[NH]C(CC)C(C)[NH]2.CC[NH:10][H] 21=20;20,10=10"
"C[O:10][H].[Si](C)(C)(C)[O+:21]=[C:20]([O]C8=CC=CC=C8)[O]C7=CC=CC=C7.[Cl-]>>[Cl-].C[O+:10]([H])[C:20]([O:21][Si](C)(C)(C))([O]C8=CC=CC=C8)[O]C7=CC=CC=C7 10=20;20,21=21"
"[H][O:10]C(CC)C([H])[NH][C:20]([NH]C7=CC=CC=C7)=[NH+:21]C.[Cl-]>>[Cl-].[H][O+:10](C(CC)C([H])[NH]1)[C:20]1([NH:21]C)[NH]C7=CC=CC=C7 10=20;20,21=21"
"[H][NH+:21]=[C:20]2[NH][CH](C7=CC=CC=C7)[CH]([H])C(C8=CC=CC=C8)[O]2.C[O:10][H].[Cl-]>>[Cl-].C[O+:10]([H])[C:20]1([NH:21][H])[NH][CH](C7=CC=CC=C7)C([H])[CH](C8=CC=CC=C8)[O]1 10=20;20,21=21"
"[O-:21][C:20]1(C)C([H])C(C)=C(C)C(CC)[O+:10]1([K])>>[O:10]([K])C(CC)/C(C)=C(C)\C([H])[C:20](C)=[O:21] 21=20;20,10=10"
"CCC1C(C(O[C:20](N1C1=CC=CC=C1)([O-:10])[O:21]C1=CC=CC=C1)CCCCCC)CCCCCC>>CCC1C(C(O[C:20](=[O:10])N1C1=CC=CC=C1)CCCCCC)CCCCCC.[O-:21]C1=CC=CC=C1 10=20;20,21=21"
"[H][S+:10](C([H])C(CC)[S]1)[C:20]1([O:21][H])[S]CC.[Cl-]>>[Cl-].[H][S:10]C([H])C(CC)[S][C:20]([S]CC)=[O+:21][H] 21=20;20,10=10"
"CC[S+:10]([H])[C:20]1([O:21][H])[S][CH]([H])C(C)[CH](C8=CC=CC=C8)[O]1.[Cl-]>>[Cl-].[H][O+:21]=[C:20]2[S][CH]([H])[CH](C)C(C8=CC=CC=C8)[O]2.CC[S:10][H] 21=20;20,10=10"
"[H][O:10]C(CC)C([H])C(CC)[S][C:20]([O]C)=[O+:21]C.[Cl-]>>[Cl-].[H][O+:10](C(CC)C([H])C(CC)[S]1)[C:20]1([O:21]C)[O]C 10=20;20,21=21"
"[H]N([C:20]1(OC(C(C([O:21]1)[H])CCCCCC)CCCCCC)[O-:10])CC>>[H]N([C:20](=[O:10])OC(C(C([O-:21])[H])CCCCCC)CCCCCC)CC 10=20;20,21=21"
"[H][O:10][H].CC[NH+:21]=[C:20]([NH]C8=CC=CC=C8)[NH]CC.[Cl-]>>[Cl-].[H][O+:10]([H])[C:20]([NH:21]CC)([NH]C8=CC=CC=C8)[NH]CC 10=20;20,21=21"
"CC[NH+:10]([H])[C:20]1([NH:21]C6=CC=CC=C6)[NH][CH](C7=CC=CC=C7)C([H])[CH](C)[O]1.[Cl-]>>[Cl-].C6=CC=CC=C6[NH+:21]=[C:20]2[NH][CH](C7=CC=CC=C7)[CH]([H])C(C)[O]2.CC[NH:10][H] 21=20;20,10=10"
"C[S+:10]([H])[C:20]([O:21][Si](C)(C)(C))([O]CC)[S]C.[Cl-]>>[Cl-].C[S:10][H].[Si](C)(C)(C)[O+:21]=[C:20]([O]CC)[S]C 21=20;20,10=10"
"[H][O:10]C(CC)C([H])C(C8=CC=CC=C8)[NH][C:20]([NH][H])=[NH+:21]C.[Cl-]>>[Cl-].[H][O+:10](C(CC)C([H])C(C8=CC=CC=C8)[NH]1)[C:20]1([NH:21]C)[NH][H] 10=20;20,21=21"
"[H][NH:10]C(CC)C(C)C(C)[NH][C:20]([O]C)=[NH+:21]C6=CC=CC=C6.[Cl-]>>[Cl-].[H][NH+:10](C(CC)C(C)C(C)[NH]1)[C:20]1([NH:21]C6=CC=CC=C6)[O]C 10=20;20,21=21"
"C[O+:21]=[C:20]2[S]C(C7=CC=CC=C7)C([H])[S]2.CC[S:10][H].[Cl-]>>[Cl-].CC[S+:10]([H])[C:20]1([O:21]C)[S]C(C7=CC=CC=C7)C([H])[S]1 10=20;20,21=21"
"CCCCCCC1C(C(O[C:20](N1CC)([O-:10])[O:21]CCCCCC)C)C>>CCCCCCC1C(C(O[C:20](=[O:10])N1CC)C)C.[O-:21]CCCCCC 10=20;20,21=21"
"C[O+:10]([H])[C:20]([NH:21]C)([O]CC)[NH]CC.[Cl-]>>[Cl-].C[O:10][H].C[NH+:21]=[C:20]([O]CC)[NH]CC 21=20;20,10=10"
"[O-:21][C:20]1(OCC)[O+:10]([Na])C(CC)C(C)C1C>>[O:10]([Na])C(CC)C(C)C([C:20](OCC)=[O:21])C 21=20;20,10=10"
"C9=CC=CC=C9[O+:10]([H])[C:20]1([NH:21]C6=CC=CC=C6)[NH]C(C)C(C8=CC=CC=C8)[O]1.[Cl-]>>[Cl-].C6=CC=CC=C6[NH+:21]=[C:20]2[NH]C(C)C(C8=CC=CC=C8)[O]2.C9=CC=CC=C9[O:10][H] 21=20;20,10=10"
"C[O+:10]([H])[C:20]1([O:21][H])[S][CH](CC)C([H])[CH](C8=CC=CC=C8)[S]1.[Cl-]>>[Cl-].[H][O+:21]=[C:20]2[S][CH](CC)[CH]([H])C(C8=CC=CC=C8)[S]2.C[O:10][H] 21=20;20,10=10"
"CCCCCCN([C:20](=[O:10])OC(C(C([O-:21])CC)CCCCCC)CC)CCCCCC>>CCCCCCN([C:20]1(OC(C(C([O:21]1)CC)CCCCCC)CC)[O-:10])CCCCCC 21=20;20,10=10"
"[H][O:10]C(CC)C(C8=CC=CC=C8)[S][C:20]([S]CC)=[O+:21][Si](C)(C)(C).[Cl-]>>[Cl-].[H][O+:10](C(CC)C(C8=CC=CC=C8)[S]1)[C:20]1([O:21][Si](C)(C)(C))[S]CC 10=20;20,21=21"
"[H][O+:10]([H])[C:20]1([NH:21]CC)[NH]C(CC)C(C)[NH]1.[Cl-]>>[Cl-].CC[NH+:21]=[C:20]2[NH]C(CC)C(C)[NH]2.[H][O:10][H] 21=20;20,10=10"
"[H][S:10][H].[Si](C)(C)(C)[O+:21]=[C:20]([S]CC)[S]CC.[Cl-]>>[Cl-].[H][S+:10]([H])[C:20]([O:21][Si](C)(C)(C))([S]CC)[S]CC 10=20;20,21=21"
"CC[NH+:10]([H])[C:20]1([NH:21]C)[NH][CH](CC)C(C)[CH](C)[O]1.[Cl-]>>[Cl-].C[NH+:21]=[C:20]2[NH][CH](CC)[CH](C)C(C)[O]2.CC[NH:10][H] 21=20;20,10=10"
"C6=CC=CC=C6[NH+:21]=[C:20]2[NH][CH](CC)[CH](C)C(C8=CC=CC=C8)[O]2.[H][NH:10][H].[Cl-]>>[Cl-].[H][NH+:10]([H])[C:20]1([NH:21]C6=CC=CC=C6)[NH][CH](CC)C(C)[CH](C8=CC=CC=C8)[O]1 10=20;20,21=21"
"C6=CC=CC=C6[NH+:21]=[C:20]2[NH][CH](C)[CH]([H])C([H])[NH]2.C9=CC=CC=C9[NH:10][H].[Cl-]>>[Cl-].C9=CC=CC=C9[NH+:10]([H])[C:20]1([NH:21]C6=CC=CC=C6)[NH][CH](C)C([H])[CH]([H])[NH]1 10=20;20,21=21"
"[H][O+:10](C(C)C(CC)[O]1)[C:20]1([NH:21]CC)[NH][H].[Cl-]>>[Cl-].[H][O:10]C(C)C(CC)[O][C:20]([NH][H])=[NH+:21]CC 21=20;20,10=10"
"C1=CC=CC=C1N([C:20](=[O:10])OC(C(C([O-:21])C1=CC=CC=C1)[H])CC)C1=CC=CC=C1>>C1=CC=CC=C1N([C:20]1(OC(C(C([O:21]1)C1=CC=CC=C1)[H])CC)[O-:10])C1=CC=CC=C1 21=20;20,10=10"
"C1=CC=CC=C1N([C:20](=[O:10])OC(C(C([O-:21])CCCCCC)C)CCCCCC)CCCCCC>>C1=CC=CC=C1N([C:20]1(OC(C(C([O:21]1)CCCCCC)C)CCCCCC)[O-:10])CCCCCC 21=20;20,10=10"
"C[O+:10]([H])[C:20]1([NH:21]C)[NH][CH](C)C([H])[CH](C8=CC=CC=C8)[O]1.[Cl-]>>[Cl-].C[NH+:21]=[C:20]2[NH][CH](C)[CH]([H])C(C8=CC=CC=C8)[O]2.C[O:10][H] 21=20;20,10=10"
"C[O+:21]=[C:20]2[S]C(C)C(C8=CC=CC=C8)[O]2.C9=CC=CC=C9[S:10][H].[Cl-]>>[Cl-].C9=CC=CC=C9[S+:10]([H])[C:20]1([O:21]C)[S]C(C)C(C8=CC=CC=C8)[O]1 10=20;20,21=21"
"[H][O:10]C(C)C(C)C(CC)[O][C:20]([O]CC)=[NH+:21][H].[Cl-]>>[Cl-].[H][O+:10](C(C)C(C)C(CC)[O]1)[C:20]1([NH:21][H])[O]CC 10=20;20,21=21"
"C9=CC=CC=C9[NH:10][H].[H][NH+:21]=[C:20]([O][H])[O][H].[Cl-]>>[Cl-].C9=CC=CC=C9[NH+:10]([H])[C:20]([NH:21][H])([O][H])[O][H] 10=20;20,21=21"
"C[S+:10]([H])[C:20]1([O:21]C)[O][CH](C)C(C)[CH](C)[S]1.[Cl-]>>[Cl-].C[O+:21]=[C:20]2[O][CH](C)[CH](C)C(C)[S]2.C[S:10][H] 21=20;20,10=10"
"C[O+:21]=[C:20]2[O][CH](C)[CH]([H])C(C8=CC=CC=C8)[O]2.C9=CC=CC=C9[O:10][H].[Cl-]>>[Cl-].C9=CC=CC=C9[O+:10]([H])[C:20]1([O:21]C)[O][CH](C)C([H])[CH](C8=CC=CC=C8)[O]1 10=20;20,21=21"
"[H][S:10]C([H])C(CC)[O][C:20]([S][H])=[O+:21][Si](C)(C)(C).[Cl-]>>[Cl-].[H][S+:10](C([H])C(CC)[O]1)[C:20]1([O:21][Si](C)(C)(C))[S][H] 10=20;20,21=21"
"[H][NH+:10]([H])[C:20]1([NH:21][H])[NH][CH](CC)C(C)[CH](CC)[O]1.[Cl-]>>[Cl-].[H][NH+:21]=[C:20]2[NH][CH](CC)[CH](C)C(CC)[O]2.[H][NH:10][H] 21=20;20,10=10"
"[H][O:10]C(CC)C([H])C(CC)[O][C:20]([NH]C)=[NH+:21]C6=CC=CC=C6.[Cl-]>>[Cl-].[H][O+:10](C(CC)C([H])C(CC)[O]1)[C:20]1([NH:21]C6=CC=CC=C6)[NH]C 10=20;20,21=21"
"[H][NH+:21]=[C:20]2[NH][CH](C7=CC=CC=C7)[CH](C)C(C8=CC=CC=C8)[O]2.[H][O:10][H].[Cl-]>>[Cl-].[H][O+:10]([H])[C:20]1([NH:21][H])[NH][CH](C7=CC=CC=C7)C(C)[CH](C8=CC=CC=C8)[O]1 10=20;20,21=21"
"[H][NH:10]C(CC)C(C8=CC=CC=C8)[NH][C:20]([O]CC)=[NH+:21]C6=CC=CC=C6.[Cl-]>>[Cl-].[H][NH+:10](C(CC)C(C8=CC=CC=C8)[NH]1)[C:20]1([NH:21]C6=CC=CC=C6)[O]CC 10=20;20,21=21"
"CC[O+:10]([H])[C:20]([NH:21][H])([O]C8=CC=CC=C8)[O]CC.[Cl-]>>[Cl-].CC[O:10][H].[H][NH+:21]=[C:20]([O]C8=CC=CC=C8)[O]CC 21=20;20,10=10"
"[H][S+:10]([H])[C:20]1([O:21][H])[O][CH](CC)C([H])[CH](CC)[S]1.[Cl-]>>[Cl-].[H][O+:21]=[C:20]2[O][CH](CC)[CH]([H])C(CC)[S]2.[H][S:10][H] 21=20;20,10=10"
"[H][O+:10](C(CC)C(C)C(C)[O]1)[C:20]1([O:21]C)[S][H].[Cl-]>>[Cl-].[H][O:10]C(CC)C(C)C(C)[O][C:20]([S][H])=[O+:21]C 21=20;20,10=10"
"[O-:21][C:20]1(OC)C(C)C(C)=C(C)C(C)[O+:10]1([K])>>[O:10]([K])C(C)/C(C)=C(C)\C(C)[C:20](OC)=[O:21] 21=20;20,10=10"
"[O-:21][C:20]1([H])C(C)=C(C)C(C)C(C)[O+:10]1([Na])>>[O:10]([Na])C(C)C(C)/C(C)=C(C)\[C:20]([H])=[O:21] 21=20;20,10=10"
"C1=CC=CC=C1N([C:20](=[O:10])OC(C(C([O-:21])[H])[H])CCCCCC)C1=CC=CC=C1>>C1=CC=CC=C1N([C:20]1(OC(C(C([O:21]1)[H])[H])CCCCCC)[O-:10])C1=CC=CC=C1 21=20;20,10=10"
"C[O+:21]=[C:20]2[S][CH](C7=CC=CC=C7)[CH](C)C([H])[O]2.CC[S:10][H].[Cl-]>>[Cl-].CC[S+:10]([H])[C:20]1([O:21]C)[S][CH](C7=CC=CC=C7)C(C)[CH]([H])[O]1 10=20;20,21=21"
"[Si](C)(C)(C)[O+:21]=[C:20]2[O]C(C)C([H])[S]2.[H][S:10][H].[Cl-]>>[Cl-].[H][S+:10]([H])[C:20]1([O:21][Si](C)(C)(C))[O]C(C)C([H])[S]1 10=20;20,21=21"
"[H]N([C:20](=[O:10])OC(C(C([O-:21])C1=CC=CC=C1)CC)CC)CC>>[H]N([C:20]1(OC(C(C([O:21]1)C1=CC=CC=C1)CC)CC)[O-:10])CC 21=20;20,10=10"
"CN([C:20]1(OC(C(C([O:21]1)CC)[H])CC)[O-:10])CCCCCC>>CN([C:20](=[O:10])OC(C(C([O-:21])CC)[H])CC)CCCCCC 10=20;20,21=21"
"[H][O:10]C([H])C(C)[O][C:20]([NH]CC)=[NH+:21]C.[Cl-]>>[Cl-].[H][O+:10](C([H])C(C)[O]1)[C:20]1([NH:21]C)[NH]CC 10=20;20,21=21"
"CN([C:20](=[O:10])OC(C([O-:21])CCCCCC)CCCCCC)CC>>CN([C:20]1(OC(C([O:21]1)CCCCCC)CCCCCC)[O-:10])CC 21=20;20,10=10"
"[H][O+:10](C(C)C([H])[S]1)[C:20]1([O:21]C)[S][H].[Cl-]>>[Cl-].[H][O:10]C(C)C([H])[S][C:20]([S][H])=[O+:21]C 21=20;20,10=10"
"C(C([O-:21])C)(C(O[C:20](=[O:10])OC1=CC=CC=C1)C1=CC=CC=C1)CC>>C1(C(O[C:20]([O-:10])([O:21]C1C)OC1=CC=CC=C1)C1=CC=CC=C1)CC 21=20;20,10=10"
"[H]N([C:20](=[O:10])OC(C(C([O-:21])C1=CC=CC=C1)CCCCCC)CCCCCC)C1=CC=CC=C1>>[H]N([C:20]1(OC(C(C([O:21]1)C1=CC=CC=C1)CCCCCC)CCCCCC)[O-:10])C1=CC=CC=C1 21=20;20,10=10"
"[H][NH+:10](C(CC)C([H])C([H])[O]1)[C:20]1([NH:21]C)[O][H].[Cl-]>>[Cl-].[H][NH:10]C(CC)C([H])C([H])[O][C:20]([O][H])=[NH+:21]C 21=20;20,10=10"
"[H][O+:10](C(C9=CC=CC=C9)C([H])C(CC)[O]1)[C:20]1([NH:21]C)[NH]C.[Cl-]>>[Cl-].[H][O:10]C(C9=CC=CC=C9)C([H])C(CC)[O][C:20]([NH]C)=[NH+:21]C 21=20;20,10=10"
"[H][NH+:10](C(CC)C(CC)[NH]1)[C:20]1([NH:21]C)[O]CC.[Cl-]>>[Cl-].[H][NH:10]C(CC)C(CC)[NH][C:20]([O]CC)=[NH+:21]C 21=20;20,10=10"
"CC[NH+:21]=[C:20]2[O]C(C)C(C8=CC=CC=C8)[NH]2.C[NH:10][H].[Cl-]>>[Cl-].C[NH+:10]([H])[C:20]1([NH:21]CC)[O]C(C)C(C8=CC=CC=C8)[NH]1 10=20;20,21=21"
"C9=CC=CC=C9[O+:10]([H])[C:20]1([NH:21]CC)[O][CH](C)C([H])[CH](C)[O]1.[Cl-]>>[Cl-].CC[NH+:21]=[C:20]2[O][CH](C)[CH]([H])C(C)[O]2.C9=CC=CC=C9[O:10][H] 21=20;20,10=10"
"CC[S:10][H].[H][O+:21]=[C:20]([O]CC)[S]CC.[Cl-]>>[Cl-].CC[S+:10]([H])[C:20]([O:21][H])([O]CC)[S]CC 10=20;20,21=21"
"CCN([C:20]1(OC(C(C([O:21]1)[H])CC)C)[O-:10])[H]>>CCN([C:20](=[O:10])OC(C(C([O-:21])[H])CC)C)[H] 10=20;20,21=21"
"[O-:10]C(C)/C(O)=C([C:20](OC)=[O:21])/C>>[O-:21][C:20]1(OC)[O:10]C(C)C(O)=C1C 10=20;20,21=21"
"[H][O+:10]([H])[C:20]([NH:21]C6=CC=CC=C6)([O]C8=CC=CC=C8)[O][H].[Cl-]>>[Cl-].[H][O:10][H].C6=CC=CC=C6[NH+:21]=[C:20]([O]C8=CC=CC=C8)[O][H] 21=20;20,10=10"
"CC[O+:10]([H])[C:20]1([O:21]C)[S][CH]([H])C(C)[CH]([H])[O]1.[Cl-]>>[Cl-].C[O+:21]=[C:20]2[S][CH]([H])[CH](C)C([H])[O]2.CC[O:10][H] 21=20;20,10=10"
"[H][S+:10](C(CC)C(C)C([H])[S]1)[C:20]1([O:21]C)[O]CC.[Cl-]>>[Cl-].[H][S:10]C(CC)C(C)C([H])[S][C:20]([O]CC)=[O+:21]C 21=20;20,10=10"
"[H][O:10]C(C)C([H])C(CC)[S][C:20]([O][H])=[O+:21]C.[Cl-]>>[Cl-].[H][O+:10](C(C)C([H])C(CC)[S]1)[C:20]1([O:21]C)[O][H] 10=20;20,21=21"
"[OH:10]C([H])C([H])C(C)C(O)[C:20](OCC)=[OH+:21]>>[OH:21][C:20]1(OCC)C(O)C(C)C([H])C([H])[OH+:10]1 10=20;20,21=21"
"C9=CC=CC=C9[NH+:10]([H])[C:20]([NH:21]C)([O]C)[NH]C7=CC=CC=C7.[Cl-]>>[Cl-].C9=CC=CC=C9[NH:10][H].C[NH+:21]=[C:20]([O]C)[NH]C7=CC=CC=C7 21=20;20,10=10"
"[O-:21][C:20]1(C)[O:10]C(C)C([H])C1O>>[O-:10]C(C)C([H])C([C:20](C)=[O:21])O 21=20;20,10=10"
"C[S+:10]([H])[C:20]1([O:21][Si](C)(C)(C))[O]C(CC)C(C)[O]1.[Cl-]>>[Cl-].[Si](C)(C)(C)[O+:21]=[C:20]2[O]C(CC)C(C)[O]2.C[S:10][H] 21=20;20,10=10"
"[H][O:10]C(CC)C(C)C(C)[NH][C:20]([NH][H])=[NH+:21]C.[Cl-]>>[Cl-].[H][O+:10](C(CC)C(C)C(C)[NH]1)[C:20]1([NH:21]C)[NH][H] 10=20;20,21=21"
"[H][O:10]C(C9=CC=CC=C9)C(C)[NH][C:20]([NH]CC)=[NH+:21][H].[Cl-]>>[Cl-].[H][O+:10](C(C9=CC=CC=C9)C(C)[NH]1)[C:20]1([NH:21][H])[NH]CC 10=20;20,21=21"
"CCCCCC[O+:10]([Na])[C:21]([O-:20])(OC)O[H]>>[O:20]=[C:21](OC)O[H].CCCCCC[O:10][Na] 20=21;21,10=10"
"CC1C(C(O[C:20](N1C1=CC=CC=C1)([O-:10])[O:21][H])C1=CC=CC=C1)CC>>CC1C(C(O[C:20](=[O:10])N1C1=CC=CC=C1)C1=CC=CC=C1)CC.[O-:21][H] 10=20;20,21=21"
"CC[NH+:21]=[C:20]2[O]C(C)C(CC)[NH]2.C9=CC=CC=C9[O:10][H].[Cl-]>>[Cl-].C9=CC=CC=C9[O+:10]([H])[C:20]1([NH:21]CC)[O]C(C)C(CC)[NH]1 10=20;20,21=21"
"[H][O+:10](C([H])C(C)C(CC)[O]1)[C:20]1([NH:21]C)[O]C7=CC=CC=C7.[Cl-]>>[Cl-].[H][O:10]C([H])C(C)C(CC)[O][C:20]([O]C7=CC=CC=C7)=[NH+:21]C 21=20;20,10=10"
"CCCCCCC1C(C(O[C:20](=[O:10])N1CC)C1=CC=CC=C1)CC.[O-:21]CCCCCC>>CCCCCCC1C(C(O[C:20](N1CC)([O-:10])[O:21]CCCCCC)C1=CC=CC=C1)CC 21=20;20,10=10"
"CC[NH+:10]([H])[C:20]([NH:21]CC)([O]CC)[NH]C7=CC=CC=C7.[Cl-]>>[Cl-].CC[NH:10][H].CC[NH+:21]=[C:20]([O]CC)[NH]C7=CC=CC=C7 21=20;20,10=10"
"C[NH+:10]([H])[C:20]1([NH:21]C)[O][CH](C)C(C)[CH](CC)[NH]1.[Cl-]>>[Cl-].C[NH+:21]=[C:20]2[O][CH](C)[CH](C)C(CC)[NH]2.C[NH:10][H] 21=20;20,10=10"
"[H][O+:10]([H])[C:20]1([O:21][H])[O]C(C7=CC=CC=C7)C(CC)[O]1.[Cl-]>>[Cl-].[H][O+:21]=[C:20]2[O]C(C7=CC=CC=C7)C(CC)[O]2.[H][O:10][H] 21=20;20,10=10"
"[H][NH+:10](C(C9=CC=CC=C9)C([H])C(CC)[NH]1)[C:20]1([NH:21]C6=CC=CC=C6)[NH]CC.[Cl-]>>[Cl-].[H][NH:10]C(C9=CC=CC=C9)C([H])C(CC)[NH][C:20]([NH]CC)=[NH+:21]C6=CC=CC=C6 21=20;20,10=10"
"C9=CC=CC=C9[O+:10]([H])[C:20]1([NH:21][H])[O][CH](C)C(C)[CH](CC)[NH]1.[Cl-]>>[Cl-].[H][NH+:21]=[C:20]2[O][CH](C)[CH](C)C(CC)[NH]2.C9=CC=CC=C9[O:10][H] 21=20;20,10=10"
"[H][O+:10](C(C)C(C8=CC=CC=C8)[S]1)[C:20]1([O:21]C)[S]C7=CC=CC=C7.[Cl-]>>[Cl-].[H][O:10]C(C)C(C8=CC=CC=C8)[S][C:20]([S]C7=CC=CC=C7)=[O+:21]C 21=20;20,10=10"
"CCCCCCN([C:20]1(OC(C(C([O:21]1)C1=CC=CC=C1)CCCCCC)C)[O-:10])CCCCCC>>CCCCCCN([C:20](=[O:10])OC(C(C([O-:21])C1=CC=CC=C1)CCCCCC)C)CCCCCC 10=20;20,21=21"
"CC[O:10][H].C[NH+:21]=[C:20]([NH]C8=CC=CC=C8)[NH][H].[Cl-]>>[Cl-].CC[O+:10]([H])[C:20]([NH:21]C)([NH]C8=CC=CC=C8)[NH][H] 10=20;20,21=21"
"C[O:10][H].[H][O+:21]=[C:20]([S]C8=CC=CC=C8)[S][H].[Cl-]>>[Cl-].C[O+:10]([H])[C:20]([O:21][H])([S]C8=CC=CC=C8)[S][H] 10=20;20,21=21"
"[OH:21][C:20]1(OC)[OH+:10]C([H])C(O)C1C>>[OH:10]C([H])C(O)C([C:20](OC)=[OH+:21])C 21=20;20,10=10"
"[OH:10]C(CCC)C(C)/C(C)=C(C)\[C:20](OC)=[OH+:21]>>[OH:21][C:20]1(OC)C(C)=C(C)C(C)C(CCC)[OH+:10]1 10=20;20,21=21"
"[H][S+:10](C([H])C(C)C(C)[S]1)[C:20]1([O:21]C)[S]CC.[Cl-]>>[Cl-].[H][S:10]C([H])C(C)C(C)[S][C:20]([S]CC)=[O+:21]C 21=20;20,10=10"
"C9=CC=CC=C9[O+:10]([H])[C:20]([NH:21][H])([NH][H])[O]C7=CC=CC=C7.[Cl-]>>[Cl-].C9=CC=CC=C9[O:10][H].[H][NH+:21]=[C:20]([NH][H])[O]C7=CC=CC=C7 21=20;20,10=10"
"[O-:21][C:20]1(OC)C([H])=C(C)C(C)C(C)[O+:10]1([Na])>>[O:10]([Na])C(C)C(C)/C(C)=C([H])\[C:20](OC)=[O:21] 21=20;20,10=10"
"[H][O:10]C(C9=CC=CC=C9)C(C)[O][C:20]([O][H])=[O+:21]C.[Cl-]>>[Cl-].[H][O+:10](C(C9=CC=CC=C9)C(C)[O]1)[C:20]1([O:21]C)[O][H] 10=20;20,21=21"
"C6=CC=CC=C6[NH+:21]=[C:20]2[NH][CH]([H])[CH]([H])C([H])[NH]2.[H][NH:10][H].[Cl-]>>[Cl-].[H][NH+:10]([H])[C:20]1([NH:21]C6=CC=CC=C6)[NH][CH]([H])C([H])[CH]([H])[NH]1 10=20;20,21=21"
"[H][NH+:10](C(CC)C(CC)[NH]1)[C:20]1([NH:21][H])[O]C7=CC=CC=C7.[Cl-]>>[Cl-].[H][NH:10]C(CC)C(CC)[NH][C:20]([O]C7=CC=CC=C7)=[NH+:21][H] 21=20;20,10=10"
"[H][O+:21]=[C:20]2[S][CH]([H])[CH]([H])C(C8=CC=CC=C8)[S]2.CC[O:10][H].[Cl-]>>[Cl-].CC[O+:10]([H])[C:20]1([O:21][H])[S][CH]([H])C([H])[CH](C8=CC=CC=C8)[S]1 10=20;20,21=21"
"[O-:21][C:20]1(OC)C([H])C(O)C([H])C(CCC)[O:10]1>>[O-:10]C(CCC)C([H])C(O)C([H])[C:20](OC)=[O:21] 21=20;20,10=10"
"[H][NH:10]C([H])C([H])[O][C:20]([O]C7=CC=CC=C7)=[NH+:21]C6=CC=CC=C6.[Cl-]>>[Cl-].[H][NH+:10](C([H])C([H])[O]1)[C:20]1([NH:21]C6=CC=CC=C6)[O]C7=CC=CC=C7 10=20;20,21=21"
"[O-:21][C:20]1(OCC)[O+:10]([Na])C(C)C(O)C1C>>[O:10]([Na])C(C)C(O)C([C:20](OCC)=[O:21])C 21=20;20,10=10"
"[O-:21][C:20]1(OCC)C(O)C(O)C([H])C(C)[O:10]1>>[O-:10]C(C)C([H])C(O)C(O)[C:20](OCC)=[O:21] 21=20;20,10=10"
"[OH:10]C(CC)/C([H])=C(C)\C(C)[C:20](C)=[OH+:21]>>[OH:21][C:20]1(C)C(C)C(C)=C([H])C(CC)[OH+:10]1 10=20;20,21=21"
"[NH:10]([H])C(C)C(O)C(O)C([H])[C:20](OC)=[O:21]>>[O-:21][C:20]1(OC)C([H])C(O)C(O)C(C)[NH+:10]1([H]) 10=20;20,21=21"
"[H][NH+:10](C(CC)C(C)C(CC)[NH]1)[C:20]1([NH:21]C6=CC=CC=C6)[NH][H].[Cl-]>>[Cl-].[H][NH:10]C(CC)C(C)C(CC)[NH][C:20]([NH][H])=[NH+:21]C6=CC=CC=C6 21=20;20,10=10"
"C(C([O-:21])C1=CC=CC=C1)(C(O[C:20](=[O:10])OCC)C1=CC=CC=C1)CC>>C1(C(O[C:20]([O-:10])([O:21]C1C1=CC=CC=C1)OCC)C1=CC=CC=C1)CC 21=20;20,10=10"
"[H][NH+:10](C(C)C(C)[O]1)[C:20]1([NH:21]C6=CC=CC=C6)[O]C.[Cl-]>>[Cl-].[H][NH:10]C(C)C(C)[O][C:20]([O]C)=[NH+:21]C6=CC=CC=C6 21=20;20,10=10"
"[O-:21][C:20]1([H])[O:10]C([H])C(C)=C1C>>[O-:10]C([H])/C(C)=C([C:20]([H])=[O:21])/C 21=20;20,10=10"
"[H][O+:10](C(C)C(CC)[O]1)[C:20]1([O:21][H])[O][H].[Cl-]>>[Cl-].[H][O:10]C(C)C(CC)[O][C:20]([O][H])=[O+:21][H] 21=20;20,10=10"
"[H][NH:10]C([H])C([H])C(C)[O][C:20]([NH]C)=[NH+:21]C6=CC=CC=C6.[Cl-]>>[Cl-].[H][NH+:10](C([H])C([H])C(C)[O]1)[C:20]1([NH:21]C6=CC=CC=C6)[NH]C 10=20;20,21=21"
"CC[O+:10]([H])[C:20]1([NH:21]CC)[O][CH](C7=CC=CC=C7)C(C)[CH](C8=CC=CC=C8)[NH]1.[Cl-]>>[Cl-].CC[NH+:21]=[C:20]2[O][CH](C7=CC=CC=C7)[CH](C)C(C8=CC=CC=C8)[NH]2.CC[O:10][H] 21=20;20,10=10"
"[H][O+:10](C(C)C([H])C(CC)[O]1)[C:20]1([NH:21][H])[NH]C.[Cl-]>>[Cl-].[H][O:10]C(C)C([H])C(CC)[O][C:20]([NH]C)=[NH+:21][H] 21=20;20,10=10"
"[H][NH:10]C(C)C(C)C([H])[O][C:20]([O][H])=[NH+:21]C.[Cl-]>>[Cl-].[H][NH+:10](C(C)C(C)C([H])[O]1)[C:20]1([NH:21]C)[O][H] 10=20;20,21=21"
"C9=CC=CC=C9[S:10][H].[H][O+:21]=[C:20]([S]C)[O]CC.[Cl-]>>[Cl-].C9=CC=CC=C9[S+:10]([H])[C:20]([O:21][H])([S]C)[O]CC 10=20;20,21=21"
"[O-:21][C:20]1(OCC)C(C)C(C)C([H])C(CCC)[O:10]1>>[O-:10]C(CCC)C([H])C(C)C(C)[C:20](OCC)=[O:21] 21=20;20,10=10"
"CC[S+:10]([H])[C:20]1([O:21][Si](C)(C)(C))[S]C(C)C(C8=CC=CC=C8)[S]1.[Cl-]>>[Cl-].[Si](C)(C)(C)[O+:21]=[C:20]2[S]C(C)C(C8=CC=CC=C8)[S]2.CC[S:10][H] 21=20;20,10=10"
"CCC1C(C(O[C:20](N1C)([O-:10])[Cl:21])CC)C1=CC=CC=C1>>CCC1C(C(O[C:20](=[O:10])N1C)CC)C1=CC=CC=C1.[Cl-:21] 10=20;20,21=21"
"[H][NH+:21]=[C:20]2[O][CH](C7=CC=CC=C7)[CH](C)C(C8=CC=CC=C8)[O]2.C[O:10][H].[Cl-]>>[Cl-].C[O+:10]([H])[C:20]1([NH:21][H])[O][CH](C7=CC=CC=C7)C(C)[CH](C8=CC=CC=C8)[O]1 10=20;20,21=21"
"[H]N([C:20](=[O:10])O[H])CC.[O-:21]CC>>[H]N([C:20]([O-:10])(O[H])[O:21]CC)CC 21=20;20,10=10"
"[H][S+:10]([H])[C:20]([O:21]C)([S]C8=CC=CC=C8)[O]CC.[Cl-]>>[Cl-].[H][S:10][H].C[O+:21]=[C:20]([S]C8=CC=CC=C8)[O]CC 21=20;20,10=10"
"C[NH+:10]([H])[C:20]1([NH:21]C6=CC=CC=C6)[O]C(CC)C(C)[NH]1.[Cl-]>>[Cl-].C6=CC=CC=C6[NH+:21]=[C:20]2[O]C(CC)C(C)[NH]2.C[NH:10][H] 21=20;20,10=10"
"[H][O:10]C(C9=CC=CC=C9)C(C)C(C)[O][C:20]([NH]C)=[NH+:21][H].[Cl-]>>[Cl-].[H][O+:10](C(C9=CC=CC=C9)C(C)C(C)[O]1)[C:20]1([NH:21][H])[NH]C 10=20;20,21=21"
"[O-:21][C:20]1([H])[O:10]C(C)C(C)=C1C>>[O-:10]C(C)/C(C)=C([C:20]([H])=[O:21])/C 21=20;20,10=10"
"C[NH:10][H].CC[NH+:21]=[C:20]([NH][H])[NH][H].[Cl-]>>[Cl-].C[NH+:10]([H])[C:20]([NH:21]CC)([NH][H])[NH][H] 10=20;20,21=21"
"[O-:21][CH:20]2(C)C(C3=C(C([O:10]2)C)C=CC=C3)[H]>>[O-:10]C(C1=C(C([CH:20](C)=[O:21])[H])C=CC=C1)C 21=20;20,10=10"
"[H][NH+:10](C(C)C(C)C(CC)[O]1)[C:20]1([NH:21]C)[NH]C.[Cl-]>>[Cl-].[H][NH:10]C(C)C(C)C(CC)[O][C:20]([NH]C)=[NH+:21]C 21=20;20,10=10"
"[O:10]([Na])C([H])C([H])/C(C)=C(C)\[C:20](OCC)=[O:21]>>[O-:21][C:20]1(OCC)C(C)=C(C)C([H])C([H])[O+:10]1([Na]) 10=20;20,21=21"
"[H][NH+:10](C(CC)C([H])[NH]1)[C:20]1([NH:21][H])[NH]CC.[Cl-]>>[Cl-].[H][NH:10]C(CC)C([H])[NH][C:20]([NH]CC)=[NH+:21][H] 21=20;20,10=10"
"[O-:21][C:20]1(OCC)C([H])C([H])=C(C)C(CC)[O+:10]1([Na])>>[O:10]([Na])C(CC)/C(C)=C([H])\C([H])[C:20](OCC)=[O:21] 21=20;20,10=10"
"CCN([C:20]([O-:10])(OCC)[O:21]C)CCCCCC>>CCN([C:20](=[O:10])OCC)CCCCCC.[O-:21]C 10=20;20,21=21"
"C[O+:10]([H])[C:20]1([O:21][H])[O]C([H])C([H])[O]1.[Cl-]>>[Cl-].[H][O+:21]=[C:20]2[O]C([H])C([H])[O]2.C[O:10][H] 21=20;20,10=10"
"C[O+:10]([H])[C:20]1([NH:21][H])[NH]C([H])C(C8=CC=CC=C8)[NH]1.[Cl-]>>[Cl-].[H][NH+:21]=[C:20]2[NH]C([H])C(C8=CC=CC=C8)[NH]2.C[O:10][H] 21=20;20,10=10"
"[CH:20]([NH2:10])([I:21])C1=C-C=C-C=C1>>[CH:20](=[NH2+:10])C1=C-C=C-C=C1.[I-:21] 10=20;20,21=21"
"[H][NH+:10](C(CC)C(CC)[O]1)[C:20]1([NH:21][H])[O]C.[Cl-]>>[Cl-].[H][NH:10]C(CC)C(CC)[O][C:20]([O]C)=[NH+:21][H] 21=20;20,10=10"
"[H][O+:10](C(C)C([H])C([H])[O]1)[C:20]1([NH:21]CC)[NH]C7=CC=CC=C7.[Cl-]>>[Cl-].[H][O:10]C(C)C([H])C([H])[O][C:20]([NH]C7=CC=CC=C7)=[NH+:21]CC 21=20;20,10=10"
"[H][O+:10]([H])[C:20]([O:21]C)([S]C8=CC=CC=C8)[S][H].[Cl-]>>[Cl-].[H][O:10][H].C[O+:21]=[C:20]([S]C8=CC=CC=C8)[S][H] 21=20;20,10=10"
"C6=CC=CC=C6[NH+:21]=[C:20]2[O][CH](C)[CH](C)C([H])[O]2.CC[NH:10][H].[Cl-]>>[Cl-].CC[NH+:10]([H])[C:20]1([NH:21]C6=CC=CC=C6)[O][CH](C)C(C)[CH]([H])[O]1 10=20;20,21=21"
"C6=CC=CC=C6[NH+:21]=[C:20]2[O]C(C7=CC=CC=C7)C(CC)[O]2.C[NH:10][H].[Cl-]>>[Cl-].C[NH+:10]([H])[C:20]1([NH:21]C6=CC=CC=C6)[O]C(C7=CC=CC=C7)C(CC)[O]1 10=20;20,21=21"
"CN([C:20]([O-:10])(OC1=CC=CC=C1)[O:21]C1=CC=CC=C1)CCCCCC>>CN([C:20](=[O:10])OC1=CC=CC=C1)CCCCCC.[O-:21]C1=CC=CC=C1 10=20;20,21=21"
"C9=CC=CC=C9[S+:10]([H])[C:20]1([O:21]C)[O][CH](C7=CC=CC=C7)C(C)[CH](C8=CC=CC=C8)[O]1.[Cl-]>>[Cl-].C[O+:21]=[C:20]2[O][CH](C7=CC=CC=C7)[CH](C)C(C8=CC=CC=C8)[O]2.C9=CC=CC=C9[S:10][H] 21=20;20,10=10"
"CN([C:20]([O-:10])(OCC)[O:21][H])CC>>CN([C:20](=[O:10])OCC)CC.[O-:21][H] 10=20;20,21=21"
"CCN([C:20](=[O:10])OC(C(C([O-:21])C1=CC=CC=C1)CCCCCC)CC)C>>CCN([C:20]1(OC(C(C([O:21]1)C1=CC=CC=C1)CCCCCC)CC)[O-:10])C 21=20;20,10=10"
"C1=CC=CC=C1N([C:20](=[O:10])OC(C(C([O-:21])C)CC)C1=CC=CC=C1)C1=CC=CC=C1>>C1=CC=CC=C1N([C:20]1(OC(C(C([O:21]1)C)CC)C1=CC=CC=C1)[O-:10])C1=CC=CC=C1 21=20;20,10=10"
"[H][O+:10](C(C)C([H])C(C)[O]1)[C:20]1([NH:21][H])[O]CC.[Cl-]>>[Cl-].[H][O:10]C(C)C([H])C(C)[O][C:20]([O]CC)=[NH+:21][H] 21=20;20,10=10"
"C[NH+:21]=[C:20]2[O][CH](C7=CC=CC=C7)[CH](C)C(CC)[O]2.CC[O:10][H].[Cl-]>>[Cl-].CC[O+:10]([H])[C:20]1([NH:21]C)[O][CH](C7=CC=CC=C7)C(C)[CH](CC)[O]1 10=20;20,21=21"
"[NH:10](C)C(C)C(C)/C(C)=C(C)\[C:20](OC)=[O:21]>>[O-:21][C:20]1(OC)C(C)=C(C)C(C)C(C)[NH+:10]1(C) 10=20;20,21=21"
"[H][O:10]C(C)C([H])C(C)[O][C:20]([NH]C)=[NH+:21]C.[Cl-]>>[Cl-].[H][O+:10](C(C)C([H])C(C)[O]1)[C:20]1([NH:21]C)[NH]C 10=20;20,21=21"
"CCCCCCC1C(C(O[C:20](=[O:10])N1C)C)CC.[O-:21]C>>CCCCCCC1C(C(O[C:20](N1C)([O-:10])[O:21]C)C)CC 21=20;20,10=10"
"[H]N([C:20](=[O:10])OC(C(C([O-:21])C)CCCCCC)C)CC>>[H]N([C:20]1(OC(C(C([O:21]1)C)CCCCCC)C)[O-:10])CC 21=20;20,10=10"
"[H][S+:10]([H])[C:20]1([O:21][H])[O][CH](C7=CC=CC=C7)C([H])[CH](CC)[S]1.[Cl-]>>[Cl-].[H][O+:21]=[C:20]2[O][CH](C7=CC=CC=C7)[CH]([H])C(CC)[S]2.[H][S:10][H] 21=20;20,10=10"
"[H]C1C(C(O[C:20](=[O:10])N1[H])CCCCCC)CCCCCC.[O-:21][H]>>[H]C1C(C(O[C:20](N1[H])([O-:10])[O:21][H])CCCCCC)CCCCCC 21=20;20,10=10"
"[H][O:10]C(C)C([H])C(C)[O][C:20]([O]C)=[O+:21][H].[Cl-]>>[Cl-].[H][O+:10](C(C)C([H])C(C)[O]1)[C:20]1([O:21][H])[O]C 10=20;20,21=21"
"[H][NH+:21]=[C:20]2[NH][CH](C)[CH]([H])C(C8=CC=CC=C8)[O]2.C9=CC=CC=C9[O:10][H].[Cl-]>>[Cl-].C9=CC=CC=C9[O+:10]([H])[C:20]1([NH:21][H])[NH][CH](C)C([H])[CH](C8=CC=CC=C8)[O]1 10=20;20,21=21"
"C9=CC=CC=C9[NH:10][H].C6=CC=CC=C6[NH+:21]=[C:20]([O]CC)[O]CC.[Cl-]>>[Cl-].C9=CC=CC=C9[NH+:10]([H])[C:20]([NH:21]C6=CC=CC=C6)([O]CC)[O]CC 10=20;20,21=21"
"[O:20]=[C:21](OCCCCCC)O[H].[H][O:10][K]>>[H][O+:10]([K])[C:21]([O-:20])(OCCCCCC)O[H] 10=21;21,20=20"
"[H][NH+:21]=[C:20]2[NH][CH](C7=CC=CC=C7)[CH](C)C(C)[NH]2.[H][O:10][H].[Cl-]>>[Cl-].[H][O+:10]([H])[C:20]1([NH:21][H])[NH][CH](C7=CC=CC=C7)C(C)[CH](C)[NH]1 10=20;20,21=21"
"C9=CC=CC=C9[O+:10]([H])[C:20]1([O:21][H])[O]C(C7=CC=CC=C7)C(C)[S]1.[Cl-]>>[Cl-].[H][O+:21]=[C:20]2[O]C(C7=CC=CC=C7)C(C)[S]2.C9=CC=CC=C9[O:10][H] 21=20;20,10=10"
"[H][O+:10]([H])[C:20]1([NH:21][H])[NH]C(C)C(C8=CC=CC=C8)[O]1.[Cl-]>>[Cl-].[H][NH+:21]=[C:20]2[NH]C(C)C(C8=CC=CC=C8)[O]2.[H][O:10][H] 21=20;20,10=10"
"CC1C(C(O[C:20](N1CCCCCC)([O-:10])[Cl:21])C)CC>>CC1C(C(O[C:20](=[O:10])N1CCCCCC)C)CC.[Cl-:21] 10=20;20,21=21"
"C1=CC=CC=C1N([C:20]1(OC(C(C([O:21]1)CCCCCC)[H])C)[O-:10])CC>>C1=CC=CC=C1N([C:20](=[O:10])OC(C(C([O-:21])CCCCCC)[H])C)CC 10=20;20,21=21"
"C6=CC=CC=C6[NH+:21]=[C:20]2[O][CH](C)[CH](C)C(C)[NH]2.C9=CC=CC=C9[O:10][H].[Cl-]>>[Cl-].C9=CC=CC=C9[O+:10]([H])[C:20]1([NH:21]C6=CC=CC=C6)[O][CH](C)C(C)[CH](C)[NH]1 10=20;20,21=21"
"CCN([C:20](=[O:10])OC(C(C([O-:21])C)CCCCCC)CC)[H]>>CCN([C:20]1(OC(C(C([O:21]1)C)CCCCCC)CC)[O-:10])[H] 21=20;20,10=10"
"[H][O+:10](C([H])C([H])C([H])[O]1)[C:20]1([NH:21][H])[O]CC.[Cl-]>>[Cl-].[H][O:10]C([H])C([H])C([H])[O][C:20]([O]CC)=[NH+:21][H] 21=20;20,10=10"
"[H][NH+:21]=[C:20]2[NH]C(C7=CC=CC=C7)C(C)[O]2.[H][O:10][H].[Cl-]>>[Cl-].[H][O+:10]([H])[C:20]1([NH:21][H])[NH]C(C7=CC=CC=C7)C(C)[O]1 10=20;20,21=21"
"[H][O+:10](C(CC)C(C)C(C)[O]1)[C:20]1([O:21]C)[S]CC.[Cl-]>>[Cl-].[H][O:10]C(CC)C(C)C(C)[O][C:20]([S]CC)=[O+:21]C 21=20;20,10=10"
"[H][NH:10]C(C9=CC=CC=C9)C(C)C(C)[NH][C:20]([O]C7=CC=CC=C7)=[NH+:21][H].[Cl-]>>[Cl-].[H][NH+:10](C(C9=CC=CC=C9)C(C)C(C)[NH]1)[C:20]1([NH:21][H])[O]C7=CC=CC=C7 10=20;20,21=21"
"[H][O+:10](C([H])C(C)C(CC)[NH]1)[C:20]1([NH:21]C)[O]CC.[Cl-]>>[Cl-].[H][O:10]C([H])C(C)C(CC)[NH][C:20]([O]CC)=[NH+:21]C 21=20;20,10=10"
"CCN([C:20](=[O:10])OC(C(C([O-:21])[H])CCCCCC)C1=CC=CC=C1)C>>CCN([C:20]1(OC(C(C([O:21]1)[H])CCCCCC)C1=CC=CC=C1)[O-:10])C 21=20;20,10=10"
"[H][NH+:10]([H])[C:20]1([NH:21]CC)[O][CH](C)C([H])[CH](C)[O]1.[Cl-]>>[Cl-].CC[NH+:21]=[C:20]2[O][CH](C)[CH]([H])C(C)[O]2.[H][NH:10][H] 21=20;20,10=10"
"[H][O+:10]([H])[C:20]1([NH:21]C)[NH]C([H])C(C8=CC=CC=C8)[NH]1.[Cl-]>>[Cl-].C[NH+:21]=[C:20]2[NH]C([H])C(C8=CC=CC=C8)[NH]2.[H][O:10][H] 21=20;20,10=10"
"[H][O+:10]([H])[C:20]1([NH:21]CC)[O][CH](C)C(C)[CH](C8=CC=CC=C8)[O]1.[Cl-]>>[Cl-].CC[NH+:21]=[C:20]2[O][CH](C)[CH](C)C(C8=CC=CC=C8)[O]2.[H][O:10][H] 21=20;20,10=10"
"[O-:21][C:20]1([H])C([H])C(C)=C([H])C([H])[NH+:10]1(C)>>[NH:10](C)C([H])/C([H])=C(C)\C([H])[C:20]([H])=[O:21] 21=20;20,10=10"
"C[S:10][H].C[O+:21]=[C:20]([S]C)[O]C7=CC=CC=C7.[Cl-]>>[Cl-].C[S+:10]([H])[C:20]([O:21]C)([S]C)[O]C7=CC=CC=C7 10=20;20,21=21"
"[H]C1C(C(O[C:20](N1C1=CC=CC=C1)([O-:10])[O:21]CCCCCC)CC)CCCCCC>>[H]C1C(C(O[C:20](=[O:10])N1C1=CC=CC=C1)CC)CCCCCC.[O-:21]CCCCCC 10=20;20,21=21"
"[H]C1C(C(O[C:20](N1[H])([O-:10])[O:21]C1=CC=CC=C1)[H])CC>>[H]C1C(C(O[C:20](=[O:10])N1[H])[H])CC.[O-:21]C1=CC=CC=C1 10=20;20,21=21"
"C1=CC=CC=C1N([C:20](=[O:10])OC(C(C([O-:21])C)[H])C1=CC=CC=C1)[H]>>C1=CC=CC=C1N([C:20]1(OC(C(C([O:21]1)C)[H])C1=CC=CC=C1)[O-:10])[H] 21=20;20,10=10"
"[H][O+:10](C(C9=CC=CC=C9)C([H])C(C8=CC=CC=C8)[NH]1)[C:20]1([NH:21]CC)[O][H].[Cl-]>>[Cl-].[H][O:10]C(C9=CC=CC=C9)C([H])C(C8=CC=CC=C8)[NH][C:20]([O][H])=[NH+:21]CC 21=20;20,10=10"
"[H][O:10]C(CC)C(C)C(CC)[NH][C:20]([NH]CC)=[NH+:21]CC.[Cl-]>>[Cl-].[H][O+:10](C(CC)C(C)C(CC)[NH]1)[C:20]1([NH:21]CC)[NH]CC 10=20;20,21=21"
"C6=CC=CC=C6[NH+:21]=[C:20]2[O][CH]([H])[CH](C)C(CC)[NH]2.CC[O:10][H].[Cl-]>>[Cl-].CC[O+:10]([H])[C:20]1([NH:21]C6=CC=CC=C6)[O][CH]([H])C(C)[CH](CC)[NH]1 10=20;20,21=21"
"[H][O:10]C(C9=CC=CC=C9)C([H])C(C)[O][C:20]([NH]C7=CC=CC=C7)=[NH+:21]C6=CC=CC=C6.[Cl-]>>[Cl-].[H][O+:10](C(C9=CC=CC=C9)C([H])C(C)[O]1)[C:20]1([NH:21]C6=CC=CC=C6)[NH]C7=CC=CC=C7 10=20;20,21=21"
"CC[O+:10]([H])[C:20]([O:21][H])([S][H])[O]CC.[Cl-]>>[Cl-].CC[O:10][H].[H][O+:21]=[C:20]([S][H])[O]CC 21=20;20,10=10"
"[H]N([C:20](=[O:10])OC(C(C([O-:21])[H])[H])[H])CC>>[H]N([C:20]1(OC(C(C([O:21]1)[H])[H])[H])[O-:10])CC 21=20;20,10=10"
"[O-:10]C(CC)C(C)C([C:20]([H])=[O:21])[H]>>[O-:21][C:20]1([H])[O:10]C(CC)C(C)C1[H] 10=20;20,21=21"
"C6=CC=CC=C6[NH+:21]=[C:20]2[NH][CH](C7=CC=CC=C7)[CH](C)C(C8=CC=CC=C8)[NH]2.C[NH:10][H].[Cl-]>>[Cl-].C[NH+:10]([H])[C:20]1([NH:21]C6=CC=CC=C6)[NH][CH](C7=CC=CC=C7)C(C)[CH](C8=CC=CC=C8)[NH]1 10=20;20,21=21"
"C(C([O-:21])C1=CC=CC=C1)(C(O[C:20](=[O:10])OC)CCCCCC)C>>C1(C(O[C:20]([O-:10])([O:21]C1C1=CC=CC=C1)OC)CCCCCC)C 21=20;20,10=10"
"[H][O+:21]=[C:20]2[S][CH](C)[CH](C)C(C8=CC=CC=C8)[O]2.CC[S:10][H].[Cl-]>>[Cl-].CC[S+:10]([H])[C:20]1([O:21][H])[S][CH](C)C(C)[CH](C8=CC=CC=C8)[O]1 10=20;20,21=21"
"CC[O+:10]([H])[C:20]([O:21]C)([O]C8=CC=CC=C8)[S]C7=CC=CC=C7.[Cl-]>>[Cl-].CC[O:10][H].C[O+:21]=[C:20]([O]C8=CC=CC=C8)[S]C7=CC=CC=C7 21=20;20,10=10"
"C9=CC=CC=C9[O:10][H].[H][NH+:21]=[C:20]([O]CC)[NH]C7=CC=CC=C7.[Cl-]>>[Cl-].C9=CC=CC=C9[O+:10]([H])[C:20]([NH:21][H])([O]CC)[NH]C7=CC=CC=C7 10=20;20,21=21"
"[H][NH+:10]([H])[C:20]([NH:21]C6=CC=CC=C6)([NH]C8=CC=CC=C8)[O]CC.[Cl-]>>[Cl-].[H][NH:10][H].C6=CC=CC=C6[NH+:21]=[C:20]([NH]C8=CC=CC=C8)[O]CC 21=20;20,10=10"
"[H][NH+:10](C([H])C([H])C(CC)[O]1)[C:20]1([NH:21]CC)[O][H].[Cl-]>>[Cl-].[H][NH:10]C([H])C([H])C(CC)[O][C:20]([O][H])=[NH+:21]CC 21=20;20,10=10"
"[O:10]([Na])C(CC)C(C)C(O)C(C)[C:20]([H])=[O:21]>>[O-:21][C:20]1([H])C(C)C(O)C(C)C(CC)[O+:10]1([Na]) 10=20;20,21=21"
"[H][NH+:10](C([H])C([H])C([H])[NH]1)[C:20]1([NH:21]CC)[O]C.[Cl-]>>[Cl-].[H][NH:10]C([H])C([H])C([H])[NH][C:20]([O]C)=[NH+:21]CC 21=20;20,10=10"
"[H][NH+:10](C(CC)C([H])C(CC)[O]1)[C:20]1([NH:21]CC)[NH][H].[Cl-]>>[Cl-].[H][NH:10]C(CC)C([H])C(CC)[O][C:20]([NH][H])=[NH+:21]CC 21=20;20,10=10"
"[H][S:10]C(C9=CC=CC=C9)C([H])C(C)[O][C:20]([S]C7=CC=CC=C7)=[O+:21][H].[Cl-]>>[Cl-].[H][S+:10](C(C9=CC=CC=C9)C([H])C(C)[O]1)[C:20]1([O:21][H])[S]C7=CC=CC=C7 10=20;20,21=21"
"[H]C1C(O[C:20](=[O:10])N1CCCCCC)CC.[O-:21][H]>>[H]C1C(O[C:20](N1CCCCCC)([O-:10])[O:21][H])CC 21=20;20,10=10"
"CC[O+:10]([H])[C:20]([NH:21]C6=CC=CC=C6)([O]C8=CC=CC=C8)[O]CC.[Cl-]>>[Cl-].CC[O:10][H].C6=CC=CC=C6[NH+:21]=[C:20]([O]C8=CC=CC=C8)[O]CC 21=20;20,10=10"
"CCCCCCC1C(C(O[C:20](N1CCCCCC)([O-:10])[O:21]CCCCCC)CC)C>>CCCCCCC1C(C(O[C:20](=[O:10])N1CCCCCC)CC)C.[O-:21]CCCCCC 10=20;20,21=21"
"CC[O:10][H].[H][NH+:21]=[C:20]([NH]CC)[NH]CC.[Cl-]>>[Cl-].CC[O+:10]([H])[C:20]([NH:21][H])([NH]CC)[NH]CC 10=20;20,21=21"
"[H]N([C:20]1(OC(C(C([O:21]1)CC)[H])CC)[O-:10])C>>[H]N([C:20](=[O:10])OC(C(C([O-:21])CC)[H])CC)C 10=20;20,21=21"
"CCCCCCC1C(C(O[C:20](=[O:10])N1CCCCCC)[H])CC.[O-:21]CCCCCC>>CCCCCCC1C(C(O[C:20](N1CCCCCC)([O-:10])[O:21]CCCCCC)[H])CC 21=20;20,10=10"
"[H][NH+:10](C([H])C([H])[O]1)[C:20]1([NH:21][H])[O]C.[Cl-]>>[Cl-].[H][NH:10]C([H])C([H])[O][C:20]([O]C)=[NH+:21][H] 21=20;20,10=10"
"[H][NH+:10](C([H])C(C)C(CC)[NH]1)[C:20]1([NH:21]CC)[O]C.[Cl-]>>[Cl-].[H][NH:10]C([H])C(C)C(CC)[NH][C:20]([O]C)=[NH+:21]CC 21=20;20,10=10"
"[O-:21][C:20]1(OC)[O+:10]([Na])C([H])C(C)=C1C>>[O:10]([Na])C([H])/C(C)=C([C:20](OC)=[O:21])/C 21=20;20,10=10"
"C1=CC=CC=C1[O+:10]([K])[C:21]([O-:20])(OCC)OC>>[O:20]=[C:21](OCC)OC.C1=CC=CC=C1[O:10][K] 20=21;21,10=10"
"[Si](C)(C)(C)[O+:21]=[C:20]2[S]C([H])C(C)[S]2.C9=CC=CC=C9[O:10][H].[Cl-]>>[Cl-].C9=CC=CC=C9[O+:10]([H])[C:20]1([O:21][Si](C)(C)(C))[S]C([H])C(C)[S]1 10=20;20,21=21"
"C6=CC=CC=C6[NH+:21]=[C:20]2[O][CH]([H])[CH]([H])C(C)[O]2.[H][O:10][H].[Cl-]>>[Cl-].[H][O+:10]([H])[C:20]1([NH:21]C6=CC=CC=C6)[O][CH]([H])C([H])[CH](C)[O]1 10=20;20,21=21"
"[Si](C)(C)(C)[O+:21]=[C:20]2[S]C(CC)C(C)[O]2.[H][S:10][H].[Cl-]>>[Cl-].[H][S+:10]([H])[C:20]1([O:21][Si](C)(C)(C))[S]C(CC)C(C)[O]1 10=20;20,21=21"
"[H][O+:10](C(C9=CC=CC=C9)C([H])[S]1)[C:20]1([O:21]C)[O][H].[Cl-]>>[Cl-].[H][O:10]C(C9=CC=CC=C9)C([H])[S][C:20]([O][H])=[O+:21]C 21=20;20,10=10"
"[H][O:10]C([H])C(C8=CC=CC=C8)[S][C:20]([O][H])=[O+:21][H].[Cl-]>>[Cl-].[H][O+:10](C([H])C(C8=CC=CC=C8)[S]1)[C:20]1([O:21][H])[O][H] 10=20;20,21=21"
"[H][O+:10](C(C9=CC=CC=C9)C(C)C(CC)[O]1)[C:20]1([NH:21]C)[O][H].[Cl-]>>[Cl-].[H][O:10]C(C9=CC=CC=C9)C(C)C(CC)[O][C:20]([O][H])=[NH+:21]C 21=20;20,10=10"
"C1(C(O[C:20]([O-:10])([O:21]C1CC)OC)C)CC>>C(C([O-:21])CC)(C(O[C:20](=[O:10])OC)C)CC 10=20;20,21=21"
"C1=CC=CC=C1[O+:10]([Na])[C:21]([O-:20])(OCCCCCC)OCCCCCC>>[O:20]=[C:21](OCCCCCC)OCCCCCC.C1=CC=CC=C1[O:10][Na] 20=21;21,10=10"
"[H][O+:10]([H])[C:20]1([NH:21]CC)[O]C(C7=CC=CC=C7)C(C8=CC=CC=C8)[NH]1.[Cl-]>>[Cl-].CC[NH+:21]=[C:20]2[O]C(C7=CC=CC=C7)C(C8=CC=CC=C8)[NH]2.[H][O:10][H] 21=20;20,10=10"
"C9=CC=CC=C9[NH:10][H].[H][NH+:21]=[C:20]([NH]CC)[NH]CC.[Cl-]>>[Cl-].C9=CC=CC=C9[NH+:10]([H])[C:20]([NH:21][H])([NH]CC)[NH]CC 10=20;20,21=21"
"[OH:10]C(C)C(C)/C([H])=C([H])\[C:20](C)=[OH+:21]>>[OH:21][C:20]1(C)C([H])=C([H])C(C)C(C)[OH+:10]1 10=20;20,21=21"
"CC[NH+:21]=[C:20]2[O][CH]([H])[CH]([H])C([H])[NH]2.C[O:10][H].[Cl-]>>[Cl-].C[O+:10]([H])[C:20]1([NH:21]CC)[O][CH]([H])C([H])[CH]([H])[NH]1 10=20;20,21=21"
"[O-:10]C(C=CC=C1)=C1C(C)C([C:20]([H])=[O:21])[H]>>[O-:21][C:20]2([H])C(C(C)C3=C([O:10]2)C=CC=C3)[H] 10=20;20,21=21"
"[H][O+:10]([H])[C:20]1([NH:21]C)[NH]C([H])C(CC)[NH]1.[Cl-]>>[Cl-].C[NH+:21]=[C:20]2[NH]C([H])C(CC)[NH]2.[H][O:10][H] 21=20;20,10=10"
"[H]C1C(C(O[C:20](N1C1=CC=CC=C1)([O-:10])[O:21]CCCCCC)C1=CC=CC=C1)CCCCCC>>[H]C1C(C(O[C:20](=[O:10])N1C1=CC=CC=C1)C1=CC=CC=C1)CCCCCC.[O-:21]CCCCCC 10=20;20,21=21"
"C1(C(O[C:20]([O-:10])([O:21]C1C1=CC=CC=C1)O[H])CC)C1=CC=CC=C1>>C(C([O-:21])C1=CC=CC=C1)(C(O[C:20](=[O:10])O[H])CC)C1=CC=CC=C1 10=20;20,21=21"
"[H][S:10]C(C9=CC=CC=C9)C([H])[S][C:20]([S]CC)=[O+:21][Si](C)(C)(C).[Cl-]>>[Cl-].[H][S+:10](C(C9=CC=CC=C9)C([H])[S]1)[C:20]1([O:21][Si](C)(C)(C))[S]CC 10=20;20,21=21"
"CC1C(C(O[C:20](=[O:10])N1CC)C1=CC=CC=C1)CC.[O-:21]CCCCCC>>CC1C(C(O[C:20](N1CC)([O-:10])[O:21]CCCCCC)C1=CC=CC=C1)CC 21=20;20,10=10"
"[H][NH:10]C(C9=CC=CC=C9)C([H])C([H])[NH][C:20]([NH]CC)=[NH+:21]CC.[Cl-]>>[Cl-].[H][NH+:10](C(C9=CC=CC=C9)C([H])C([H])[NH]1)[C:20]1([NH:21]CC)[NH]CC 10=20;20,21=21"
"C9=CC=CC=C9[O+:10]([H])[C:20]1([O:21]C)[S][CH](CC)C(C)[CH](C)[O]1.[Cl-]>>[Cl-].C[O+:21]=[C:20]2[S][CH](CC)[CH](C)C(C)[O]2.C9=CC=CC=C9[O:10][H] 21=20;20,10=10"
"[H][O+:21]=[C:20]2[O]C(C)C([H])[O]2.C[S:10][H].[Cl-]>>[Cl-].C[S+:10]([H])[C:20]1([O:21][H])[O]C(C)C([H])[O]1 10=20;20,21=21"
"[H][O:10]C(C9=CC=CC=C9)C([H])C(CC)[S][C:20]([S][H])=[O+:21][H].[Cl-]>>[Cl-].[H][O+:10](C(C9=CC=CC=C9)C([H])C(CC)[S]1)[C:20]1([O:21][H])[S][H] 10=20;20,21=21"
"C1=CC=CC=C1N([C:20]1(OC(C(C([O:21]1)CCCCCC)[H])[H])[O-:10])CC>>C1=CC=CC=C1N([C:20](=[O:10])OC(C(C([O-:21])CCCCCC)[H])[H])CC 10=20;20,21=21"
"[OH:21][C:20]1([H])C(C)C(C)=C(C)C(C)[OH+:10]1>>[OH:10]C(C)/C(C)=C(C)\C(C)[C:20]([H])=[OH+:21] 21=20;20,10=10"
"[H]N([C:20](=[O:10])OC(C(C([O-:21])[H])[H])[H])CCCCCC>>[H]N([C:20]1(OC(C(C([O:21]1)[H])[H])[H])[O-:10])CCCCCC 21=20;20,10=10"
"[OH:10]C(C(C1=C(C=CC=C1)[CH:20]([H])=[OH+:21])[H])C>>[OH:21][CH:20]2([H])C3=C(C(C([OH+:10]2)C)[H])C=CC=C3 10=20;20,21=21"
"[H][NH+:21]=[C:20]2[O]C(C7=CC=CC=C7)C(C8=CC=CC=C8)[O]2.CC[O:10][H].[Cl-]>>[Cl-].CC[O+:10]([H])[C:20]1([NH:21][H])[O]C(C7=CC=CC=C7)C(C8=CC=CC=C8)[O]1 10=20;20,21=21"
"CC[O+:10]([Li])[C:21]([O-:20])(OC)O[H]>>[O:20]=[C:21](OC)O[H].CC[O:10][Li] 20=21;21,10=10"
"C[O+:21]=[C:20]2[O][CH](C)[CH](C)C(C)[O]2.CC[O:10][H].[Cl-]>>[Cl-].CC[O+:10]([H])[C:20]1([O:21]C)[O][CH](C)C(C)[CH](C)[O]1 10=20;20,21=21"
"[O-:21][C:20]1([H])C(O)C([H])C([H])C(CC)[O+:10]1([K])>>[O:10]([K])C(CC)C([H])C([H])C(O)[C:20]([H])=[O:21] 21=20;20,10=10"
"C1=CC=CC=C1C1C(C(O[C:20](=[O:10])N1C1=CC=CC=C1)C)[H].[O-:21]C>>C1=CC=CC=C1C1C(C(O[C:20](N1C1=CC=CC=C1)([O-:10])[O:21]C)C)[H] 21=20;20,10=10"
"[H][S+:10](C(CC)C([H])C(CC)[S]1)[C:20]1([O:21]C)[S]C7=CC=CC=C7.[Cl-]>>[Cl-].[H][S:10]C(CC)C([H])C(CC)[S][C:20]([S]C7=CC=CC=C7)=[O+:21]C 21=20;20,10=10"
"[O-:21][C:20]1([H])[O+:10]([K])C([H])C(O)=C1[H]>>[O:10]([K])C([H])/C(O)=C([C:20]([H])=[O:21])/[H] 21=20;20,10=10"
"[H][O:10]C(C9=CC=CC=C9)C([H])C(CC)[NH][C:20]([NH]CC)=[NH+:21]C6=CC=CC=C6.[Cl-]>>[Cl-].[H][O+:10](C(C9=CC=CC=C9)C([H])C(CC)[NH]1)[C:20]1([NH:21]C6=CC=CC=C6)[NH]CC 10=20;20,21=21"
"[O-:21][C:20]1([H])[O+:10]([K])C(CCC)C([H])C1O>>[O:10]([K])C(CCC)C([H])C([C:20]([H])=[O:21])O 21=20;20,10=10"
"[H][O+:21]=[C:20]2[S]C(C7=CC=CC=C7)C(C)[S]2.CC[S:10][H].[Cl-]>>[Cl-].CC[S+:10]([H])[C:20]1([O:21][H])[S]C(C7=CC=CC=C7)C(C)[S]1 10=20;20,21=21"
"[O:10]([Na])C(CCC)C(O)C([C:20](C)=[O:21])O>>[O-:21][C:20]1(C)[O+:10]([Na])C(CCC)C(O)C1O 10=20;20,21=21"
"[O:10]([K])C(CCC)C([H])C(C)C(O)[C:20](C)=[O:21]>>[O-:21][C:20]1(C)C(O)C(C)C([H])C(CCC)[O+:10]1([K]) 10=20;20,21=21"
"C1(C(O[C:20]([O-:10])([O:21]C1CC)OCCCCCC)[H])C>>C(C([O-:21])CC)(C(O[C:20](=[O:10])OCCCCCC)[H])C 10=20;20,21=21"
"[H][O:10][H].[H][NH+:21]=[C:20]([NH]C8=CC=CC=C8)[O]C7=CC=CC=C7.[Cl-]>>[Cl-].[H][O+:10]([H])[C:20]([NH:21][H])([NH]C8=CC=CC=C8)[O]C7=CC=CC=C7 10=20;20,21=21"
"[O-:21][C:20]1(OC)C(O)C(C)C(C)C([H])[O+:10]1([Na])>>[O:10]([Na])C([H])C(C)C(C)C(O)[C:20](OC)=[O:21] 21=20;20,10=10"
"[O-:10]C(C)C(C)C([C:20]([H])=[O:21])[H]>>[O-:21][C:20]1([H])[O:10]C(C)C(C)C1[H] 10=20;20,21=21"
"[O-:21][C:20]1(C)C([H])C([H])=C(C)C([H])[O+:10]1([K])>>[O:10]([K])C([H])/C(C)=C([H])\C([H])[C:20](C)=[O:21] 21=20;20,10=10"
"[H][O:10]C(C)C([H])[NH][C:20]([NH]C)=[NH+:21][H].[Cl-]>>[Cl-].[H][O+:10](C(C)C([H])[NH]1)[C:20]1([NH:21][H])[NH]C 10=20;20,21=21"
"[H][S+:10](C(CC)C(C)C([H])[O]1)[C:20]1([O:21]C)[S]C7=CC=CC=C7.[Cl-]>>[Cl-].[H][S:10]C(CC)C(C)C([H])[O][C:20]([S]C7=CC=CC=C7)=[O+:21]C 21=20;20,10=10"
"[O:10]([Na])C(CCC)/C(C)=C([H])\C([H])[C:20](C)=[O:21]>>[O-:21][C:20]1(C)C([H])C([H])=C(C)C(CCC)[O+:10]1([Na]) 10=20;20,21=21"
"[NH:10]([H])C(CC)C([H])/C([H])=C([H])\[C:20](OCC)=[O:21]>>[O-:21][C:20]1(OCC)C([H])=C([H])C([H])C(CC)[NH+:10]1([H]) 10=20;20,21=21"
"C1(C(O[C:20]([O-:10])([O:21]C1C1=CC=CC=C1)OCC)[H])CC>>C(C([O-:21])C1=CC=CC=C1)(C(O[C:20](=[O:10])OCC)[H])CC 10=20;20,21=21"
"[H][NH+:10](C(C9=CC=CC=C9)C(CC)[NH]1)[C:20]1([NH:21]C)[O]CC.[Cl-]>>[Cl-].[H][NH:10]C(C9=CC=CC=C9)C(CC)[NH][C:20]([O]CC)=[NH+:21]C 21=20;20,10=10"
"C1(C(O[C:20]([O-:10])([O:21]C1C1=CC=CC=C1)OC)C)CCCCCC>>C(C([O-:21])C1=CC=CC=C1)(C(O[C:20](=[O:10])OC)C)CCCCCC 10=20;20,21=21"
"[H][NH+:10](C(C)C(CC)[O]1)[C:20]1([NH:21][H])[NH]C7=CC=CC=C7.[Cl-]>>[Cl-].[H][NH:10]C(C)C(CC)[O][C:20]([NH]C7=CC=CC=C7)=[NH+:21][H] 21=20;20,10=10"
"C[NH+:21]=[C:20]2[NH][CH](C7=CC=CC=C7)[CH](C)C(CC)[NH]2.C9=CC=CC=C9[O:10][H].[Cl-]>>[Cl-].C9=CC=CC=C9[O+:10]([H])[C:20]1([NH:21]C)[NH][CH](C7=CC=CC=C7)C(C)[CH](CC)[NH]1 10=20;20,21=21"
"[H][S+:10]([H])[C:20]([O:21][Si](C)(C)(C))([O][H])[S]C.[Cl-]>>[Cl-].[H][S:10][H].[Si](C)(C)(C)[O+:21]=[C:20]([O][H])[S]C 21=20;20,10=10"
"[OH:10]C([H])C(C)/C(C)=C([H])\[C:20](OC)=[OH+:21]>>[OH:21][C:20]1(OC)C([H])=C(C)C(C)C([H])[OH+:10]1 10=20;20,21=21"
"C9=CC=CC=C9[NH+:10]([H])[C:20]1([NH:21]C6=CC=CC=C6)[NH][CH](C7=CC=CC=C7)C([H])[CH]([H])[O]1.[Cl-]>>[Cl-].C6=CC=CC=C6[NH+:21]=[C:20]2[NH][CH](C7=CC=CC=C7)[CH]([H])C([H])[O]2.C9=CC=CC=C9[NH:10][H] 21=20;20,10=10"
"C1=CC=CC=C1C1C(C(O[C:20](=[O:10])N1[H])[H])[H].[O-:21]C>>C1=CC=CC=C1C1C(C(O[C:20](N1[H])([O-:10])[O:21]C)[H])[H] 21=20;20,10=10"
"[H][O+:10](C(C9=CC=CC=C9)C(C)[O]1)[C:20]1([NH:21]C)[O]CC.[Cl-]>>[Cl-].[H][O:10]C(C9=CC=CC=C9)C(C)[O][C:20]([O]CC)=[NH+:21]C 21=20;20,10=10"
"[H][O+:10](C(C)C([H])C(CC)[O]1)[C:20]1([O:21]C)[O][H].[Cl-]>>[Cl-].[H][O:10]C(C)C([H])C(CC)[O][C:20]([O][H])=[O+:21]C 21=20;20,10=10"
"CCC1C(C(O[C:20](=[O:10])N1[H])CC)[H].[O-:21]C>>CCC1C(C(O[C:20](N1[H])([O-:10])[O:21]C)CC)[H] 21=20;20,10=10"
"CCC1C(C(O[C:20](N1C1=CC=CC=C1)([O-:10])[O:21]CC)CC)C>>CCC1C(C(O[C:20](=[O:10])N1C1=CC=CC=C1)CC)C.[O-:21]CC 10=20;20,21=21"
"[O:10]([K])C(CC)C([H])C(O)C(O)[C:20](OC)=[O:21]>>[O-:21][C:20]1(OC)C(O)C(O)C([H])C(CC)[O+:10]1([K]) 10=20;20,21=21"
"CC[O+:10]([H])[C:20]1([O:21][H])[S][CH](C7=CC=CC=C7)C([H])[CH]([H])[S]1.[Cl-]>>[Cl-].[H][O+:21]=[C:20]2[S][CH](C7=CC=CC=C7)[CH]([H])C([H])[S]2.CC[O:10][H] 21=20;20,10=10"
"[H][O:10][H].C[NH+:21]=[C:20]([O]CC)[O]C.[Cl-]>>[Cl-].[H][O+:10]([H])[C:20]([NH:21]C)([O]CC)[O]C 10=20;20,21=21"
"CN([C:20](=[O:10])OC(C(C([O-:21])CCCCCC)[H])CC)CCCCCC>>CN([C:20]1(OC(C(C([O:21]1)CCCCCC)[H])CC)[O-:10])CCCCCC 21=20;20,10=10"
"[OH:21][C:20]1(OCC)C(C)C([H])C([H])C(CCC)[OH+:10]1>>[OH:10]C(CCC)C([H])C([H])C(C)[C:20](OCC)=[OH+:21] 21=20;20,10=10"
"[H][NH+:10]([H])[C:20]1([NH:21]C)[NH][CH](C7=CC=CC=C7)C([H])[CH](CC)[O]1.[Cl-]>>[Cl-].C[NH+:21]=[C:20]2[NH][CH](C7=CC=CC=C7)[CH]([H])C(CC)[O]2.[H][NH:10][H] 21=20;20,10=10"
"[H][S:10]C(CC)C([H])C([H])[S][C:20]([O][H])=[O+:21]C.[Cl-]>>[Cl-].[H][S+:10](C(CC)C([H])C([H])[S]1)[C:20]1([O:21]C)[O][H] 10=20;20,21=21"
"[O-:21][C:20]1(OC)C([H])C([H])C(C)C([H])[O:10]1>>[O-:10]C([H])C(C)C([H])C([H])[C:20](OC)=[O:21] 21=20;20,10=10"
"CCCCCCN([C:20](=[O:10])OC(C(C([O-:21])C1=CC=CC=C1)[H])C)[H]>>CCCCCCN([C:20]1(OC(C(C([O:21]1)C1=CC=CC=C1)[H])C)[O-:10])[H] 21=20;20,10=10"
"[H][O+:10](C(C)C(C)C(C)[O]1)[C:20]1([O:21][H])[O]C7=CC=CC=C7.[Cl-]>>[Cl-].[H][O:10]C(C)C(C)C(C)[O][C:20]([O]C7=CC=CC=C7)=[O+:21][H] 21=20;20,10=10"
"[O-:21][C:20]1([H])C(C)=C(C)C(C)C(C)[O:10]1>>[O-:10]C(C)C(C)/C(C)=C(C)\[C:20]([H])=[O:21] 21=20;20,10=10"
"[H][O+:21]=[C:20]2[S]C(C)C(C)[S]2.[H][S:10][H].[Cl-]>>[Cl-].[H][S+:10]([H])[C:20]1([O:21][H])[S]C(C)C(C)[S]1 10=20;20,21=21"
"[NH:10](C)C(CC)C(C)C(O)C(C)[C:20](C)=[O:21]>>[O-:21][C:20]1(C)C(C)C(O)C(C)C(CC)[NH+:10]1(C) 10=20;20,21=21"
"[H][O+:21]=[C:20]2[O][CH](CC)[CH]([H])C([H])[S]2.C[S:10][H].[Cl-]>>[Cl-].C[S+:10]([H])[C:20]1([O:21][H])[O][CH](CC)C([H])[CH]([H])[S]1 10=20;20,21=21"
"CCN([C:20]1(OC(C(C([O:21]1)CC)C)CC)[O-:10])[H]>>CCN([C:20](=[O:10])OC(C(C([O-:21])CC)C)CC)[H] 10=20;20,21=21"
"[O:10]([Na])C(CC)C([H])C([C:20](OCC)=[O:21])[H]>>[O-:21][C:20]1(OCC)[O+:10]([Na])C(CC)C([H])C1[H] 10=20;20,21=21"
"[H][NH+:10](C(CC)C(C)C(CC)[O]1)[C:20]1([NH:21]CC)[O]C.[Cl-]>>[Cl-].[H][NH:10]C(CC)C(C)C(CC)[O][C:20]([O]C)=[NH+:21]CC 21=20;20,10=10"
"CC[O+:10]([H])[C:20]1([NH:21]C6=CC=CC=C6)[NH][CH](CC)C([H])[CH](C8=CC=CC=C8)[O]1.[Cl-]>>[Cl-].C6=CC=CC=C6[NH+:21]=[C:20]2[NH][CH](CC)[CH]([H])C(C8=CC=CC=C8)[O]2.CC[O:10][H] 21=20;20,10=10"
"[H][S:10][H].[Si](C)(C)(C)[O+:21]=[C:20]([S][H])[O][H].[Cl-]>>[Cl-].[H][S+:10]([H])[C:20]([O:21][Si](C)(C)(C))([S][H])[O][H] 10=20;20,21=21"
"CCC1C(C(O[C:20](=[O:10])N1[H])C1=CC=CC=C1)C.[O-:21]C>>CCC1C(C(O[C:20](N1[H])([O-:10])[O:21]C)C1=CC=CC=C1)C 21=20;20,10=10"
"C6=CC=CC=C6[NH+:21]=[C:20]2[O][CH](C7=CC=CC=C7)[CH]([H])C(CC)[NH]2.[H][O:10][H].[Cl-]>>[Cl-].[H][O+:10]([H])[C:20]1([NH:21]C6=CC=CC=C6)[O][CH](C7=CC=CC=C7)C([H])[CH](CC)[NH]1 10=20;20,21=21"
"[H][O:10][H].C6=CC=CC=C6[NH+:21]=[C:20]([NH][H])[O]CC.[Cl-]>>[Cl-].[H][O+:10]([H])[C:20]([NH:21]C6=CC=CC=C6)([NH][H])[O]CC 10=20;20,21=21"
"[OH:10]C(CCC)C([H])C([H])C(C)[C:20](OC)=[OH+:21]>>[OH:21][C:20]1(OC)C(C)C([H])C([H])C(CCC)[OH+:10]1 10=20;20,21=21"
"C9=CC=CC=C9[O+:10]([H])[C:20]([O:21][H])([S]C8=CC=CC=C8)[O]CC.[Cl-]>>[Cl-].C9=CC=CC=C9[O:10][H].[H][O+:21]=[C:20]([S]C8=CC=CC=C8)[O]CC 21=20;20,10=10"
"[H][O:10]C(CC)C(C)C([H])[O][C:20]([S]CC)=[O+:21]C.[Cl-]>>[Cl-].[H][O+:10](C(CC)C(C)C([H])[O]1)[C:20]1([O:21]C)[S]CC 10=20;20,21=21"
"[H][NH+:10]([H])[C:20]1([NH:21][H])[O][CH](C)C([H])[CH]([H])[O]1.[Cl-]>>[Cl-].[H][NH+:21]=[C:20]2[O][CH](C)[CH]([H])C([H])[O]2.[H][NH:10][H] 21=20;20,10=10"
"[H][O:10]C(C9=CC=CC=C9)C([H])[NH][C:20]([NH]CC)=[NH+:21][H].[Cl-]>>[Cl-].[H][O+:10](C(C9=CC=CC=C9)C([H])[NH]1)[C:20]1([NH:21][H])[NH]CC 10=20;20,21=21"
"[H][O+:21]=[C:20]2[S][CH](C7=CC=CC=C7)[CH](C)C([H])[S]2.CC[O:10][H].[Cl-]>>[Cl-].CC[O+:10]([H])[C:20]1([O:21][H])[S][CH](C7=CC=CC=C7)C(C)[CH]([H])[S]1 10=20;20,21=21"
"CN([C:20]1(OC(C(C([O:21]1)CCCCCC)CCCCCC)[H])[O-:10])C>>CN([C:20](=[O:10])OC(C(C([O-:21])CCCCCC)CCCCCC)[H])C 10=20;20,21=21"
"[H][O+:10]([H])[C:20]1([NH:21][H])[O]C(CC)C(CC)[NH]1.[Cl-]>>[Cl-].[H][NH+:21]=[C:20]2[O]C(CC)C(CC)[NH]2.[H][O:10][H] 21=20;20,10=10"
"[O-:21][C:20]1([H])C(C)C(C)=C([H])C([H])[NH+:10]1([H])>>[NH:10]([H])C([H])/C([H])=C(C)\C(C)[C:20]([H])=[O:21] 21=20;20,10=10"
"[H][NH:10]C(C9=CC=CC=C9)C([H])C(C)[NH][C:20]([NH]C)=[NH+:21][H].[Cl-]>>[Cl-].[H][NH+:10](C(C9=CC=CC=C9)C([H])C(C)[NH]1)[C:20]1([NH:21][H])[NH]C 10=20;20,21=21"
"C9=CC=CC=C9[NH+:10]([H])[C:20]1([NH:21]CC)[O][CH](CC)C([H])[CH](C)[O]1.[Cl-]>>[Cl-].CC[NH+:21]=[C:20]2[O][CH](CC)[CH]([H])C(C)[O]2.C9=CC=CC=C9[NH:10][H] 21=20;20,10=10"
"C9=CC=CC=C9[NH+:10]([H])[C:20]1([NH:21]C6=CC=CC=C6)[NH]C(CC)C([H])[NH]1.[Cl-]>>[Cl-].C6=CC=CC=C6[NH+:21]=[C:20]2[NH]C(CC)C([H])[NH]2.C9=CC=CC=C9[NH:10][H] 21=20;20,10=10"
"[H][NH+:10](C(C)C([H])C(C)[NH]1)[C:20]1([NH:21]CC)[NH][H].[Cl-]>>[Cl-].[H][NH:10]C(C)C([H])C(C)[NH][C:20]([NH][H])=[NH+:21]CC 21=20;20,10=10"
"[H][S+:10](C(CC)C([H])C(C)[S]1)[C:20]1([O:21][H])[O][H].[Cl-]>>[Cl-].[H][S:10]C(CC)C([H])C(C)[S][C:20]([O][H])=[O+:21][H] 21=20;20,10=10"
"[H][S+:10](C(C9=CC=CC=C9)C(C)[O]1)[C:20]1([O:21]C)[O]C7=CC=CC=C7.[Cl-]>>[Cl-].[H][S:10]C(C9=CC=CC=C9)C(C)[O][C:20]([O]C7=CC=CC=C7)=[O+:21]C 21=20;20,10=10"
"CC[NH+:10]([H])[C:20]([NH:21]C)([O]C8=CC=CC=C8)[NH][H].[Cl-]>>[Cl-].CC[NH:10][H].C[NH+:21]=[C:20]([O]C8=CC=CC=C8)[NH][H] 21=20;20,10=10"
"[OH:21][C:20]1(OCC)C(O)C(O)C(C)C(C)[OH+:10]1>>[OH:10]C(C)C(C)C(O)C(O)[C:20](OCC)=[OH+:21] 21=20;20,10=10"
"[H][O:10]C([H])C(CC)[O][C:20]([S][H])=[O+:21][H].[Cl-]>>[Cl-].[H][O+:10](C([H])C(CC)[O]1)[C:20]1([O:21][H])[S][H] 10=20;20,21=21"
"C9=CC=CC=C9[O+:10]([H])[C:20]1([NH:21][H])[O][CH](CC)C([H])[CH](C8=CC=CC=C8)[NH]1.[Cl-]>>[Cl-].[H][NH+:21]=[C:20]2[O][CH](CC)[CH]([H])C(C8=CC=CC=C8)[NH]2.C9=CC=CC=C9[O:10][H] 21=20;20,10=10"
"[H][O+:10]([H])[C:20]1([NH:21]C6=CC=CC=C6)[O][CH](C)C(C)[CH]([H])[O]1.[Cl-]>>[Cl-].C6=CC=CC=C6[NH+:21]=[C:20]2[O][CH](C)[CH](C)C([H])[O]2.[H][O:10][H] 21=20;20,10=10"
"C[NH+:21]=[C:20]2[O][CH](C7=CC=CC=C7)[CH]([H])C(CC)[NH]2.C9=CC=CC=C9[O:10][H].[Cl-]>>[Cl-].C9=CC=CC=C9[O+:10]([H])[C:20]1([NH:21]C)[O][CH](C7=CC=CC=C7)C([H])[CH](CC)[NH]1 10=20;20,21=21"
"C[NH+:21]=[C:20]2[NH][CH]([H])[CH]([H])C([H])[O]2.C9=CC=CC=C9[O:10][H].[Cl-]>>[Cl-].C9=CC=CC=C9[O+:10]([H])[C:20]1([NH:21]C)[NH][CH]([H])C([H])[CH]([H])[O]1 10=20;20,21=21"
"[H][O+:10](C(CC)C([H])C(CC)[NH]1)[C:20]1([NH:21]C6=CC=CC=C6)[O]C7=CC=CC=C7.[Cl-]>>[Cl-].[H][O:10]C(CC)C([H])C(CC)[NH][C:20]([O]C7=CC=CC=C7)=[NH+:21]C6=CC=CC=C6 21=20;20,10=10"
"[H][NH+:10]([H])[C:20]1([NH:21][H])[NH][CH](C)C(C)[CH](C)[O]1.[Cl-]>>[Cl-].[H][NH+:21]=[C:20]2[NH][CH](C)[CH](C)C(C)[O]2.[H][NH:10][H] 21=20;20,10=10"
"C1=CC=CC=C1N([C:20]1(OC(C(C([O:21]1)C)CCCCCC)C)[O-:10])C>>C1=CC=CC=C1N([C:20](=[O:10])OC(C(C([O-:21])C)CCCCCC)C)C 10=20;20,21=21"
"C[O+:21]=[C:20]2[O][CH](CC)[CH]([H])C(C)[S]2.CC[S:10][H].[Cl-]>>[Cl-].CC[S+:10]([H])[C:20]1([O:21]C)[O][CH](CC)C([H])[CH](C)[S]1 10=20;20,21=21"
"[H][NH:10]C(CC)C([H])C([H])[NH][C:20]([O]C)=[NH+:21]C.[Cl-]>>[Cl-].[H][NH+:10](C(CC)C([H])C([H])[NH]1)[C:20]1([NH:21]C)[O]C 10=20;20,21=21"
"[H][NH+:21]=[C:20]2[O][CH](C7=CC=CC=C7)[CH](C)C(CC)[O]2.C[O:10][H].[Cl-]>>[Cl-].C[O+:10]([H])[C:20]1([NH:21][H])[O][CH](C7=CC=CC=C7)C(C)[CH](CC)[O]1 10=20;20,21=21"
"C[NH+:10]([H])[C:20]1([NH:21]C6=CC=CC=C6)[O]C(CC)C([H])[NH]1.[Cl-]>>[Cl-].C6=CC=CC=C6[NH+:21]=[C:20]2[O]C(CC)C([H])[NH]2.C[NH:10][H] 21=20;20,10=10"
"C[NH+:21]=[C:20]2[O]C(C)C([H])[O]2.[H][O:10][H].[Cl-]>>[Cl-].[H][O+:10]([H])[C:20]1([NH:21]C)[O]C(C)C([H])[O]1 10=20;20,21=21"
"C[O+:10]([H])[C:20]1([NH:21][H])[O][CH]([H])C(C)[CH](C)[NH]1.[Cl-]>>[Cl-].[H][NH+:21]=[C:20]2[O][CH]([H])[CH](C)C(C)[NH]2.C[O:10][H] 21=20;20,10=10"
"[O:10]([Na])C(CCC)C([H])/C([H])=C(C)\[C:20]([H])=[O:21]>>[O-:21][C:20]1([H])C(C)=C([H])C([H])C(CCC)[O+:10]1([Na]) 10=20;20,21=21"
"CC1C(O[C:20](=[O:10])N1CC)[H].[O-:21]CC>>CC1C(O[C:20](N1CC)([O-:10])[O:21]CC)[H] 21=20;20,10=10"
"[H][O+:21]=[C:20]2[O][CH]([H])[CH]([H])C(CC)[S]2.C[O:10][H].[Cl-]>>[Cl-].C[O+:10]([H])[C:20]1([O:21][H])[O][CH]([H])C([H])[CH](CC)[S]1 10=20;20,21=21"
"C[NH+:21]=[C:20]2[O]C(C7=CC=CC=C7)C(CC)[O]2.C[NH:10][H].[Cl-]>>[Cl-].C[NH+:10]([H])[C:20]1([NH:21]C)[O]C(C7=CC=CC=C7)C(CC)[O]1 10=20;20,21=21"
"C[O+:21]=[C:20]2[S][CH](C)[CH](C)C(C8=CC=CC=C8)[S]2.C9=CC=CC=C9[O:10][H].[Cl-]>>[Cl-].C9=CC=CC=C9[O+:10]([H])[C:20]1([O:21]C)[S][CH](C)C(C)[CH](C8=CC=CC=C8)[S]1 10=20;20,21=21"
"[OH:10]C(C)/C(C)=C([C:20](OCC)=[OH+:21])/[H]>>[OH:21][C:20]1(OCC)[OH+:10]C(C)C(C)=C1[H] 10=20;20,21=21"
"[H][NH+:10](C(C9=CC=CC=C9)C(CC)[O]1)[C:20]1([NH:21][H])[O][H].[Cl-]>>[Cl-].[H][NH:10]C(C9=CC=CC=C9)C(CC)[O][C:20]([O][H])=[NH+:21][H] 21=20;20,10=10"
"[O:10]([K])C(C)C(C)C(C)C(O)[C:20](OC)=[O:21]>>[O-:21][C:20]1(OC)C(O)C(C)C(C)C(C)[O+:10]1([K]) 10=20;20,21=21"
"C6=CC=CC=C6[NH+:21]=[C:20]2[O][CH](C7=CC=CC=C7)[CH](C)C(CC)[NH]2.C[NH:10][H].[Cl-]>>[Cl-].C[NH+:10]([H])[C:20]1([NH:21]C6=CC=CC=C6)[O][CH](C7=CC=CC=C7)C(C)[CH](CC)[NH]1 10=20;20,21=21"
"CCC1C(C(O[C:20](=[O:10])N1C1=CC=CC=C1)C1=CC=CC=C1)CC.[O-:21]C>>CCC1C(C(O[C:20](N1C1=CC=CC=C1)([O-:10])[O:21]C)C1=CC=CC=C1)CC 21=20;20,10=10"
"[H][NH+:21]=[C:20]2[NH][CH](C7=CC=CC=C7)[CH](C)C([H])[O]2.[H][NH:10][H].[Cl-]>>[Cl-].[H][NH+:10]([H])[C:20]1([NH:21][H])[NH][CH](C7=CC=CC=C7)C(C)[CH]([H])[O]1 10=20;20,21=21"
"[H][NH+:10](C(CC)C([H])C([H])[O]1)[C:20]1([NH:21]C6=CC=CC=C6)[O]C.[Cl-]>>[Cl-].[H][NH:10]C(CC)C([H])C([H])[O][C:20]([O]C)=[NH+:21]C6=CC=CC=C6 21=20;20,10=10"
"[H][S+:10](C(CC)C(C)C(CC)[S]1)[C:20]1([O:21]C)[O]CC.[Cl-]>>[Cl-].[H][S:10]C(CC)C(C)C(CC)[S][C:20]([O]CC)=[O+:21]C 21=20;20,10=10"
"[H][NH+:21]=[C:20]2[O][CH](C7=CC=CC=C7)[CH]([H])C(CC)[NH]2.C9=CC=CC=C9[O:10][H].[Cl-]>>[Cl-].C9=CC=CC=C9[O+:10]([H])[C:20]1([NH:21][H])[O][CH](C7=CC=CC=C7)C([H])[CH](CC)[NH]1 10=20;20,21=21"
"[O:10]([K])C(CC)C(C)/C(C)=C(C)\[C:20](OCC)=[O:21]>>[O-:21][C:20]1(OCC)C(C)=C(C)C(C)C(CC)[O+:10]1([K]) 10=20;20,21=21"
"[Si](C)(C)(C)[O+:21]=[C:20]2[O]C(C7=CC=CC=C7)C(C8=CC=CC=C8)[S]2.C9=CC=CC=C9[O:10][H].[Cl-]>>[Cl-].C9=CC=CC=C9[O+:10]([H])[C:20]1([O:21][Si](C)(C)(C))[O]C(C7=CC=CC=C7)C(C8=CC=CC=C8)[S]1 10=20;20,21=21"
"C[O+:21]=[C:20]2[S][CH](C)[CH]([H])C(C)[O]2.CC[S:10][H].[Cl-]>>[Cl-].CC[S+:10]([H])[C:20]1([O:21]C)[S][CH](C)C([H])[CH](C)[O]1 10=20;20,21=21"
"[H][O:10]C(C)C([H])C(CC)[O][C:20]([O]C)=[O+:21][H].[Cl-]>>[Cl-].[H][O+:10](C(C)C([H])C(CC)[O]1)[C:20]1([O:21][H])[O]C 10=20;20,21=21"
"C9=CC=CC=C9[NH+:10]([H])[C:20]([NH:21]C)([O]C)[O]C7=CC=CC=C7.[Cl-]>>[Cl-].C9=CC=CC=C9[NH:10][H].C[NH+:21]=[C:20]([O]C)[O]C7=CC=CC=C7 21=20;20,10=10"
"[O-:21][CH:20]2(C)C(C3=C(C([NH+:10]2(C))[H])C=CC=C3)O>>[NH:10](C)C(C1=C(C([CH:20](C)=[O:21])O)C=CC=C1)[H] 21=20;20,10=10"
"[H][O:10]C(C9=CC=CC=C9)C([H])C([H])[S][C:20]([O]C7=CC=CC=C7)=[O+:21]C.[Cl-]>>[Cl-].[H][O+:10](C(C9=CC=CC=C9)C([H])C([H])[S]1)[C:20]1([O:21]C)[O]C7=CC=CC=C7 10=20;20,21=21"
"C[NH+:21]=[C:20]2[NH][CH](C7=CC=CC=C7)[CH]([H])C(C8=CC=CC=C8)[O]2.C9=CC=CC=C9[NH:10][H].[Cl-]>>[Cl-].C9=CC=CC=C9[NH+:10]([H])[C:20]1([NH:21]C)[NH][CH](C7=CC=CC=C7)C([H])[CH](C8=CC=CC=C8)[O]1 10=20;20,21=21"
"[H][O:10][H].[H][O+:21]=[C:20]([O]C)[O][H].[Cl-]>>[Cl-].[H][O+:10]([H])[C:20]([O:21][H])([O]C)[O][H] 10=20;20,21=21"
"[H][O+:10](C(C)C(C)C([H])[O]1)[C:20]1([NH:21]C)[O]C7=CC=CC=C7.[Cl-]>>[Cl-].[H][O:10]C(C)C(C)C([H])[O][C:20]([O]C7=CC=CC=C7)=[NH+:21]C 21=20;20,10=10"
"[H][O+:10](C(CC)C([H])C([H])[NH]1)[C:20]1([NH:21]C)[O]CC.[Cl-]>>[Cl-].[H][O:10]C(CC)C([H])C([H])[NH][C:20]([O]CC)=[NH+:21]C 21=20;20,10=10"
"C9=CC=CC=C9[S+:10]([H])[C:20]1([O:21][H])[S]C(C7=CC=CC=C7)C(C)[S]1.[Cl-]>>[Cl-].[H][O+:21]=[C:20]2[S]C(C7=CC=CC=C7)C(C)[S]2.C9=CC=CC=C9[S:10][H] 21=20;20,10=10"
"[H][S:10]C(CC)C(C)[O][C:20]([S][H])=[O+:21][Si](C)(C)(C).[Cl-]>>[Cl-].[H][S+:10](C(CC)C(C)[O]1)[C:20]1([O:21][Si](C)(C)(C))[S][H] 10=20;20,21=21"
"C[O+:10]([H])[C:20]1([O:21]C)[O][CH](C)C(C)[CH](C)[S]1.[Cl-]>>[Cl-].C[O+:21]=[C:20]2[O][CH](C)[CH](C)C(C)[S]2.C[O:10][H] 21=20;20,10=10"
"CCCCCCN([C:20]1(OC(C(C([O:21]1)C)[H])CC)[O-:10])C1=CC=CC=C1>>CCCCCCN([C:20](=[O:10])OC(C(C([O-:21])C)[H])CC)C1=CC=CC=C1 10=20;20,21=21"
"CN([C:20](=[O:10])OC(C(C([O-:21])C1=CC=CC=C1)[H])C1=CC=CC=C1)C1=CC=CC=C1>>CN([C:20]1(OC(C(C([O:21]1)C1=CC=CC=C1)[H])C1=CC=CC=C1)[O-:10])C1=CC=CC=C1 21=20;20,10=10"
"[H][O+:21]=[C:20]2[S]C(C7=CC=CC=C7)C([H])[S]2.C9=CC=CC=C9[S:10][H].[Cl-]>>[Cl-].C9=CC=CC=C9[S+:10]([H])[C:20]1([O:21][H])[S]C(C7=CC=CC=C7)C([H])[S]1 10=20;20,21=21"
"CCC1C(O[C:20](N1C1=CC=CC=C1)([O-:10])[O:21]C1=CC=CC=C1)[H]>>CCC1C(O[C:20](=[O:10])N1C1=CC=CC=C1)[H].[O-:21]C1=CC=CC=C1 10=20;20,21=21"
"C[NH+:21]=[C:20]2[O][CH](CC)[CH]([H])C(C)[O]2.[H][O:10][H].[Cl-]>>[Cl-].[H][O+:10]([H])[C:20]1([NH:21]C)[O][CH](CC)C([H])[CH](C)[O]1 10=20;20,21=21"
"C[O:10][C:20]([O-:21])(OC1=CC=CC=C1)OCC>>[O:21]=[C:20](OC1=CC=CC=C1)OCC.[O-:10]C 21=20;20,10=10"
"CC[O+:10]([H])[C:20]([O:21][H])([S]C8=CC=CC=C8)[O]C7=CC=CC=C7.[Cl-]>>[Cl-].CC[O:10][H].[H][O+:21]=[C:20]([S]C8=CC=CC=C8)[O]C7=CC=CC=C7 21=20;20,10=10"
"C[O+:21]=[C:20]2[S][CH](C)[CH](C)C([H])[O]2.[H][S:10][H].[Cl-]>>[Cl-].[H][S+:10]([H])[C:20]1([O:21]C)[S][CH](C)C(C)[CH]([H])[O]1 10=20;20,21=21"
"CCCCCCN([C:20](=[O:10])OCC)CCCCCC.[O-:21]CCCCCC>>CCCCCCN([C:20]([O-:10])(OCC)[O:21]CCCCCC)CCCCCC 21=20;20,10=10"
"[H]N([C:20](=[O:10])OC(C(C([O-:21])CCCCCC)C)CCCCCC)CCCCCC>>[H]N([C:20]1(OC(C(C([O:21]1)CCCCCC)C)CCCCCC)[O-:10])CCCCCC 21=20;20,10=10"
"CC[O+:10]([H])[C:20]1([NH:21]CC)[NH][CH](C7=CC=CC=C7)C(C)[CH](C)[NH]1.[Cl-]>>[Cl-].CC[NH+:21]=[C:20]2[NH][CH](C7=CC=CC=C7)[CH](C)C(C)[NH]2.CC[O:10][H] 21=20;20,10=10"
"[O-:21][C:20]1(C)C(O)C(C)C(C)C(CC)[O+:10]1([Na])>>[O:10]([Na])C(CC)C(C)C(C)C(O)[C:20](C)=[O:21] 21=20;20,10=10"
"CC[S:10][H].[Si](C)(C)(C)[O+:21]=[C:20]([S]CC)[S]C7=CC=CC=C7.[Cl-]>>[Cl-].CC[S+:10]([H])[C:20]([O:21][Si](C)(C)(C))([S]CC)[S]C7=CC=CC=C7 10=20;20,21=21"
"CC[NH+:21]=[C:20]2[O][CH](CC)[CH]([H])C(C)[NH]2.[H][NH:10][H].[Cl-]>>[Cl-].[H][NH+:10]([H])[C:20]1([NH:21]CC)[O][CH](CC)C([H])[CH](C)[NH]1 10=20;20,21=21"
"[H][S:10]C([H])C(C)C([H])[S][C:20]([S]C7=CC=CC=C7)=[O+:21][H].[Cl-]>>[Cl-].[H][S+:10](C([H])C(C)C([H])[S]1)[C:20]1([O:21][H])[S]C7=CC=CC=C7 10=20;20,21=21"
"CC[O+:10]([H])[C:20]([O:21]C)([S]C8=CC=CC=C8)[S]CC.[Cl-]>>[Cl-].CC[O:10][H].C[O+:21]=[C:20]([S]C8=CC=CC=C8)[S]CC 21=20;20,10=10"
"[H][NH+:10](C([H])C(C8=CC=CC=C8)[NH]1)[C:20]1([NH:21]C)[O]C.[Cl-]>>[Cl-].[H][NH:10]C([H])C(C8=CC=CC=C8)[NH][C:20]([O]C)=[NH+:21]C 21=20;20,10=10"
"C1=CC=CC=C1N([C:20](=[O:10])OC(C(C([O-:21])[H])CC)CCCCCC)CCCCCC>>C1=CC=CC=C1N([C:20]1(OC(C(C([O:21]1)[H])CC)CCCCCC)[O-:10])CCCCCC 21=20;20,10=10"
"C9=CC=CC=C9[S+:10]([H])[C:20]([O:21][H])([O]C)[O]C.[Cl-]>>[Cl-].C9=CC=CC=C9[S:10][H].[H][O+:21]=[C:20]([O]C)[O]C 21=20;20,10=10"
"[O-:21][C:20]1(C)C([H])C(C)=C(C)C(CC)[O:10]1>>[O-:10]C(CC)/C(C)=C(C)\C([H])[C:20](C)=[O:21] 21=20;20,10=10"
"C6=CC=CC=C6[NH+:21]=[C:20]2[O][CH](CC)[CH](C)C(C)[O]2.C[O:10][H].[Cl-]>>[Cl-].C[O+:10]([H])[C:20]1([NH:21]C6=CC=CC=C6)[O][CH](CC)C(C)[CH](C)[O]1 10=20;20,21=21"
"[O-:21][C:20]1(C)C(O)C([H])C(O)C(C)[NH+:10]1([H])>>[NH:10]([H])C(C)C(O)C([H])C(O)[C:20](C)=[O:21] 21=20;20,10=10"
"C1=CC=CC=C1C1C(O[C:20](=[O:10])N1[H])C.[O-:21][H]>>C1=CC=CC=C1C1C(O[C:20](N1[H])([O-:10])[O:21][H])C 21=20;20,10=10"
"[Li][O:21]C1=CC=CC=C1.[C:20](=[O:10])(OC1=CC=CC=C1)OC>>[Li][O+:21]([C:20]([O-:10])(OC1=CC=CC=C1)OC)C1=CC=CC=C1 21=20;20,10=10"
"[H][NH:10]C(C)C([H])C(C8=CC=CC=C8)[NH][C:20]([O]CC)=[NH+:21]C6=CC=CC=C6.[Cl-]>>[Cl-].[H][NH+:10](C(C)C([H])C(C8=CC=CC=C8)[NH]1)[C:20]1([NH:21]C6=CC=CC=C6)[O]CC 10=20;20,21=21"
"C[S+:10]([H])[C:20]([O:21]C)([O]CC)[O]C.[Cl-]>>[Cl-].C[S:10][H].C[O+:21]=[C:20]([O]CC)[O]C 21=20;20,10=10"
"[H][NH:10]C(C9=CC=CC=C9)C([H])C(C8=CC=CC=C8)[NH][C:20]([O][H])=[NH+:21]C.[Cl-]>>[Cl-].[H][NH+:10](C(C9=CC=CC=C9)C([H])C(C8=CC=CC=C8)[NH]1)[C:20]1([NH:21]C)[O][H] 10=20;20,21=21"
"[H][O:10]C(CC)C([H])C(C)[O][C:20]([NH][H])=[NH+:21]C.[Cl-]>>[Cl-].[H][O+:10](C(CC)C([H])C(C)[O]1)[C:20]1([NH:21]C)[NH][H] 10=20;20,21=21"
"[H][O+:10](C(C9=CC=CC=C9)C(C8=CC=CC=C8)[S]1)[C:20]1([O:21][Si](C)(C)(C))[S][H].[Cl-]>>[Cl-].[H][O:10]C(C9=CC=CC=C9)C(C8=CC=CC=C8)[S][C:20]([S][H])=[O+:21][Si](C)(C)(C) 21=20;20,10=10"
"[H]C1C(C(O[C:20](N1CCCCCC)([O-:10])[O:21]CC)C)[H]>>[H]C1C(C(O[C:20](=[O:10])N1CCCCCC)C)[H].[O-:21]CC 10=20;20,21=21"
"C[NH+:10]([H])[C:20]1([NH:21]C)[O][CH](C)C(C)[CH](C8=CC=CC=C8)[O]1.[Cl-]>>[Cl-].C[NH+:21]=[C:20]2[O][CH](C)[CH](C)C(C8=CC=CC=C8)[O]2.C[NH:10][H] 21=20;20,10=10"
"[H]N([C:20](=[O:10])OC(C(C([O-:21])CCCCCC)[H])CCCCCC)CCCCCC>>[H]N([C:20]1(OC(C(C([O:21]1)CCCCCC)[H])CCCCCC)[O-:10])CCCCCC 21=20;20,10=10"
"C6=CC=CC=C6[NH+:21]=[C:20]2[NH][CH](C7=CC=CC=C7)[CH](C)C([H])[O]2.C9=CC=CC=C9[O:10][H].[Cl-]>>[Cl-].C9=CC=CC=C9[O+:10]([H])[C:20]1([NH:21]C6=CC=CC=C6)[NH][CH](C7=CC=CC=C7)C(C)[CH]([H])[O]1 10=20;20,21=21"
"C1=CC=CC=C1N([C:20](=[O:10])OC(C(C([O-:21])CC)CC)CCCCCC)CC>>C1=CC=CC=C1N([C:20]1(OC(C(C([O:21]1)CC)CC)CCCCCC)[O-:10])CC 21=20;20,10=10"
"[H][NH+:10](C(C)C([H])C(C8=CC=CC=C8)[NH]1)[C:20]1([NH:21]C)[NH][H].[Cl-]>>[Cl-].[H][NH:10]C(C)C([H])C(C8=CC=CC=C8)[NH][C:20]([NH][H])=[NH+:21]C 21=20;20,10=10"
"[OH:21][C:20]1(C)C(C)=C(C)C(C)C(CC)[OH+:10]1>>[OH:10]C(CC)C(C)/C(C)=C(C)\[C:20](C)=[OH+:21] 21=20;20,10=10"
"C9=CC=CC=C9[S:10][H].[H][O+:21]=[C:20]([S]CC)[S]C.[Cl-]>>[Cl-].C9=CC=CC=C9[S+:10]([H])[C:20]([O:21][H])([S]CC)[S]C 10=20;20,21=21"
"[H][O:10]C([H])C([H])C(C8=CC=CC=C8)[O][C:20]([O]C)=[NH+:21]CC.[Cl-]>>[Cl-].[H][O+:10](C([H])C([H])C(C8=CC=CC=C8)[O]1)[C:20]1([NH:21]CC)[O]C 10=20;20,21=21"
"[H][O:10]C(C9=CC=CC=C9)C([H])C(C)[O][C:20]([O][H])=[NH+:21]CC.[Cl-]>>[Cl-].[H][O+:10](C(C9=CC=CC=C9)C([H])C(C)[O]1)[C:20]1([NH:21]CC)[O][H] 10=20;20,21=21"
"CN([C:20](=[O:10])OC(C(C([O-:21])C)CCCCCC)C)CC>>CN([C:20]1(OC(C(C([O:21]1)C)CCCCCC)C)[O-:10])CC 21=20;20,10=10"
"[H]C1C(C(O[C:20](N1C)([O-:10])[Cl:21])C1=CC=CC=C1)[H]>>[H]C1C(C(O[C:20](=[O:10])N1C)C1=CC=CC=C1)[H].[Cl-:21] 10=20;20,21=21"
"[H][O+:21]=[C:20]2[O][CH](C7=CC=CC=C7)[CH]([H])C(C)[S]2.[H][O:10][H].[Cl-]>>[Cl-].[H][O+:10]([H])[C:20]1([O:21][H])[O][CH](C7=CC=CC=C7)C([H])[CH](C)[S]1 10=20;20,21=21"
"CC[NH+:21]=[C:20]2[NH][CH](CC)[CH]([H])C(C8=CC=CC=C8)[O]2.[H][NH:10][H].[Cl-]>>[Cl-].[H][NH+:10]([H])[C:20]1([NH:21]CC)[NH][CH](CC)C([H])[CH](C8=CC=CC=C8)[O]1 10=20;20,21=21"
"[H][NH+:10]([H])[C:20]1([NH:21]C)[O]C(C)C([H])[NH]1.[Cl-]>>[Cl-].C[NH+:21]=[C:20]2[O]C(C)C([H])[NH]2.[H][NH:10][H] 21=20;20,10=10"
"CC1C(C(O[C:20](=[O:10])N1CCCCCC)CC)C.[O-:21]CC>>CC1C(C(O[C:20](N1CCCCCC)([O-:10])[O:21]CC)CC)C 21=20;20,10=10"
"C[NH+:21]=[C:20]2[O][CH]([H])[CH]([H])C(C)[NH]2.[H][O:10][H].[Cl-]>>[Cl-].[H][O+:10]([H])[C:20]1([NH:21]C)[O][CH]([H])C([H])[CH](C)[NH]1 10=20;20,21=21"
"CC[NH+:10]([H])[C:20]1([NH:21]C)[NH][CH]([H])C([H])[CH](CC)[O]1.[Cl-]>>[Cl-].C[NH+:21]=[C:20]2[NH][CH]([H])[CH]([H])C(CC)[O]2.CC[NH:10][H] 21=20;20,10=10"
"C[O+:21]=[C:20]2[S][CH](C7=CC=CC=C7)[CH]([H])C([H])[O]2.C[O:10][H].[Cl-]>>[Cl-].C[O+:10]([H])[C:20]1([O:21]C)[S][CH](C7=CC=CC=C7)C([H])[CH]([H])[O]1 10=20;20,21=21"
"CC[NH+:10]([H])[C:20]([NH:21]CC)([O][H])[O]C.[Cl-]>>[Cl-].CC[NH:10][H].CC[NH+:21]=[C:20]([O][H])[O]C 21=20;20,10=10"
"[OH:21][CH:20]2(OCC)C(C3=C(C([OH+:10]2)[H])C=CC=C3)[H]>>[OH:10]C(C1=C(C([CH:20](OCC)=[OH+:21])[H])C=CC=C1)[H] 21=20;20,10=10"
"C6=CC=CC=C6[NH+:21]=[C:20]2[NH][CH](CC)[CH](C)C(C8=CC=CC=C8)[O]2.[H][O:10][H].[Cl-]>>[Cl-].[H][O+:10]([H])[C:20]1([NH:21]C6=CC=CC=C6)[NH][CH](CC)C(C)[CH](C8=CC=CC=C8)[O]1 10=20;20,21=21"
"C1=CC=CC=C1C1C(C(O[C:20](N1CC)([O-:10])[Cl:21])C)[H]>>C1=CC=CC=C1C1C(C(O[C:20](=[O:10])N1CC)C)[H].[Cl-:21] 10=20;20,21=21"
"[OH:21][C:20]1([H])C([H])C([H])C(C)C([H])[OH+:10]1>>[OH:10]C([H])C(C)C([H])C([H])[C:20]([H])=[OH+:21] 21=20;20,10=10"
"[H][O+:10]([H])[C:20]1([NH:21]CC)[NH]C(CC)C([H])[NH]1.[Cl-]>>[Cl-].CC[NH+:21]=[C:20]2[NH]C(CC)C([H])[NH]2.[H][O:10][H] 21=20;20,10=10"
"[O:10]([K])C([H])C(C)C([C:20](OCC)=[O:21])[H]>>[O-:21][C:20]1(OCC)[O+:10]([K])C([H])C(C)C1[H] 10=20;20,21=21"
"[O:10]([Na])C(C)/C([H])=C([C:20]([H])=[O:21])/C>>[O-:21][C:20]1([H])[O+:10]([Na])C(C)C([H])=C1C 10=20;20,21=21"
"CN([C:20]1(OC(C([O:21]1)CC)C1=CC=CC=C1)[O-:10])CC>>CN([C:20](=[O:10])OC(C([O-:21])CC)C1=CC=CC=C1)CC 10=20;20,21=21"
"[H][NH+:10](C([H])C(C8=CC=CC=C8)[NH]1)[C:20]1([NH:21]C)[NH]C.[Cl-]>>[Cl-].[H][NH:10]C([H])C(C8=CC=CC=C8)[NH][C:20]([NH]C)=[NH+:21]C 21=20;20,10=10"
"[H][O:10]C(C)C(C)C([H])[NH][C:20]([O]CC)=[NH+:21][H].[Cl-]>>[Cl-].[H][O+:10](C(C)C(C)C([H])[NH]1)[C:20]1([NH:21][H])[O]CC 10=20;20,21=21"
"[H][O:10][H].C[NH+:21]=[C:20]([O]C)[NH]C7=CC=CC=C7.[Cl-]>>[Cl-].[H][O+:10]([H])[C:20]([NH:21]C)([O]C)[NH]C7=CC=CC=C7 10=20;20,21=21"
"[O-:21][CH:20]2([H])C(C3=C(C([NH+:10]2(C))[H])C=CC=C3)[H]>>[NH:10](C)C(C1=C(C([CH:20]([H])=[O:21])[H])C=CC=C1)[H] 21=20;20,10=10"
"[H][S+:10](C(C9=CC=CC=C9)C([H])C([H])[S]1)[C:20]1([O:21][H])[O][H].[Cl-]>>[Cl-].[H][S:10]C(C9=CC=CC=C9)C([H])C([H])[S][C:20]([O][H])=[O+:21][H] 21=20;20,10=10"
"C1=CC=CC=C1C1C(C(O[C:20](=[O:10])N1C1=CC=CC=C1)C1=CC=CC=C1)[H].[O-:21][H]>>C1=CC=CC=C1C1C(C(O[C:20](N1C1=CC=CC=C1)([O-:10])[O:21][H])C1=CC=CC=C1)[H] 21=20;20,10=10"
"C9=CC=CC=C9[O:10][H].C6=CC=CC=C6[NH+:21]=[C:20]([O]CC)[O]CC.[Cl-]>>[Cl-].C9=CC=CC=C9[O+:10]([H])[C:20]([NH:21]C6=CC=CC=C6)([O]CC)[O]CC 10=20;20,21=21"
"C[O+:21]=[C:20]2[O][CH]([H])[CH](C)C(C)[O]2.[H][S:10][H].[Cl-]>>[Cl-].[H][S+:10]([H])[C:20]1([O:21]C)[O][CH]([H])C(C)[CH](C)[O]1 10=20;20,21=21"
"CN([C:20]1(OC(C(C([O:21]1)[H])[H])C)[O-:10])C1=CC=CC=C1>>CN([C:20](=[O:10])OC(C(C([O-:21])[H])[H])C)C1=CC=CC=C1 10=20;20,21=21"
"[H][NH+:10](C([H])C([H])C([H])[NH]1)[C:20]1([NH:21]C)[NH][H].[Cl-]>>[Cl-].[H][NH:10]C([H])C([H])C([H])[NH][C:20]([NH][H])=[NH+:21]C 21=20;20,10=10"
"C6=CC=CC=C6[NH+:21]=[C:20]2[NH][CH](C)[CH](C)C(C)[O]2.CC[NH:10][H].[Cl-]>>[Cl-].CC[NH+:10]([H])[C:20]1([NH:21]C6=CC=CC=C6)[NH][CH](C)C(C)[CH](C)[O]1 10=20;20,21=21"
"C[O:10][H].[H][NH+:21]=[C:20]([O]C8=CC=CC=C8)[NH]C.[Cl-]>>[Cl-].C[O+:10]([H])[C:20]([NH:21][H])([O]C8=CC=CC=C8)[NH]C 10=20;20,21=21"
"C9=CC=CC=C9[NH+:10]([H])[C:20]1([NH:21]C)[O][CH](CC)C(C)[CH](C)[NH]1.[Cl-]>>[Cl-].C[NH+:21]=[C:20]2[O][CH](CC)[CH](C)C(C)[NH]2.C9=CC=CC=C9[NH:10][H] 21=20;20,10=10"
"CC1C(C(O[C:20](=[O:10])N1CCCCCC)CC)[H].[O-:21]CCCCCC>>CC1C(C(O[C:20](N1CCCCCC)([O-:10])[O:21]CCCCCC)CC)[H] 21=20;20,10=10"
"[O-:21][C:20]2([NH+:10](CC)C(C=CC=C3)=C3C2[H])OCC>>[NH:10](CC)C1=C(C([H])[C:20](OCC)=[O:21])C=CC=C1 21=20;20,10=10"
"C[O+:21]=[C:20]2[S]C(C)C([H])[O]2.C[S:10][H].[Cl-]>>[Cl-].C[S+:10]([H])[C:20]1([O:21]C)[S]C(C)C([H])[O]1 10=20;20,21=21"
"[H][NH:10]C(C)C(C8=CC=CC=C8)[NH][C:20]([O]C)=[NH+:21][H].[Cl-]>>[Cl-].[H][NH+:10](C(C)C(C8=CC=CC=C8)[NH]1)[C:20]1([NH:21][H])[O]C 10=20;20,21=21"
"[Si](C)(C)(C)[O+:21]=[C:20]2[S]C(C)C([H])[S]2.[H][S:10][H].[Cl-]>>[Cl-].[H][S+:10]([H])[C:20]1([O:21][Si](C)(C)(C))[S]C(C)C([H])[S]1 10=20;20,21=21"
"[H][NH:10]C(C9=CC=CC=C9)C([H])C(CC)[NH][C:20]([O]C)=[NH+:21]C6=CC=CC=C6.[Cl-]>>[Cl-].[H][NH+:10](C(C9=CC=CC=C9)C([H])C(CC)[NH]1)[C:20]1([NH:21]C6=CC=CC=C6)[O]C 10=20;20,21=21"
"[H][S:10]C(CC)C(C8=CC=CC=C8)[S][C:20]([O]CC)=[O+:21]C.[Cl-]>>[Cl-].[H][S+:10](C(CC)C(C8=CC=CC=C8)[S]1)[C:20]1([O:21]C)[O]CC 10=20;20,21=21"
"C9=CC=CC=C9[NH+:10]([H])[C:20]1([NH:21][H])[NH]C(C7=CC=CC=C7)C(C8=CC=CC=C8)[NH]1.[Cl-]>>[Cl-].[H][NH+:21]=[C:20]2[NH]C(C7=CC=CC=C7)C(C8=CC=CC=C8)[NH]2.C9=CC=CC=C9[NH:10][H] 21=20;20,10=10"
"[H][O+:10](C([H])C(C)C(C)[NH]1)[C:20]1([NH:21]CC)[NH]C.[Cl-]>>[Cl-].[H][O:10]C([H])C(C)C(C)[NH][C:20]([NH]C)=[NH+:21]CC 21=20;20,10=10"
"CCC1C(C(O[C:20](=[O:10])N1C1=CC=CC=C1)C)CC.[O-:21]CCCCCC>>CCC1C(C(O[C:20](N1C1=CC=CC=C1)([O-:10])[O:21]CCCCCC)C)CC 21=20;20,10=10"
"[H]C1C(C(O[C:20](N1C1=CC=CC=C1)([O-:10])[O:21]CC)CC)CCCCCC>>[H]C1C(C(O[C:20](=[O:10])N1C1=CC=CC=C1)CC)CCCCCC.[O-:21]CC 10=20;20,21=21"
"[O-:21][C:20]1(OCC)C([H])C(C)=C(C)C(C)[O+:10]1([Na])>>[O:10]([Na])C(C)/C(C)=C(C)\C([H])[C:20](OCC)=[O:21] 21=20;20,10=10"
"CCC1C(C(O[C:20](=[O:10])N1[H])[H])CC.[O-:21]C1=CC=CC=C1>>CCC1C(C(O[C:20](N1[H])([O-:10])[O:21]C1=CC=CC=C1)[H])CC 21=20;20,10=10"
"[H][NH+:10](C(CC)C([H])C(C)[O]1)[C:20]1([NH:21][H])[NH]CC.[Cl-]>>[Cl-].[H][NH:10]C(CC)C([H])C(C)[O][C:20]([NH]CC)=[NH+:21][H] 21=20;20,10=10"
"CCN([C:20](=[O:10])OC(C(C([O-:21])[H])[H])C)CCCCCC>>CCN([C:20]1(OC(C(C([O:21]1)[H])[H])C)[O-:10])CCCCCC 21=20;20,10=10"
"CC[NH+:21]=[C:20]2[NH][CH](CC)[CH]([H])C(CC)[NH]2.CC[NH:10][H].[Cl-]>>[Cl-].CC[NH+:10]([H])[C:20]1([NH:21]CC)[NH][CH](CC)C([H])[CH](CC)[NH]1 10=20;20,21=21"
"CCN([C:20]1(OC(C(C([O:21]1)CC)CC)CCCCCC)[O-:10])C>>CCN([C:20](=[O:10])OC(C(C([O-:21])CC)CC)CCCCCC)C 10=20;20,21=21"
"CC[NH+:21]=[C:20]2[O][CH](C)[CH]([H])C(CC)[O]2.C9=CC=CC=C9[NH:10][H].[Cl-]>>[Cl-].C9=CC=CC=C9[NH+:10]([H])[C:20]1([NH:21]CC)[O][CH](C)C([H])[CH](CC)[O]1 10=20;20,21=21"
"C[O+:10]([H])[C:20]1([NH:21][H])[NH][CH](C)C(C)[CH](C)[NH]1.[Cl-]>>[Cl-].[H][NH+:21]=[C:20]2[NH][CH](C)[CH](C)C(C)[NH]2.C[O:10][H] 21=20;20,10=10"
"CCN([C:20]([O-:10])(OCC)[O:21]C)[H]>>CCN([C:20](=[O:10])OCC)[H].[O-:21]C 10=20;20,21=21"
"CN([C:20]1(OC(C(C([O:21]1)C)[H])C)[O-:10])C>>CN([C:20](=[O:10])OC(C(C([O-:21])C)[H])C)C 10=20;20,21=21"
"C[NH:10][H].[H][NH+:21]=[C:20]([NH]C)[O]CC.[Cl-]>>[Cl-].C[NH+:10]([H])[C:20]([NH:21][H])([NH]C)[O]CC 10=20;20,21=21"
"C9=CC=CC=C9[NH+:10]([H])[C:20]1([NH:21]C)[NH]C(C)C([H])[NH]1.[Cl-]>>[Cl-].C[NH+:21]=[C:20]2[NH]C(C)C([H])[NH]2.C9=CC=CC=C9[NH:10][H] 21=20;20,10=10"
"C9=CC=CC=C9[S+:10]([H])[C:20]([O:21]C)([S]C)[S]CC.[Cl-]>>[Cl-].C9=CC=CC=C9[S:10][H].C[O+:21]=[C:20]([S]C)[S]CC 21=20;20,10=10"
"[H][NH:10]C(CC)C(C8=CC=CC=C8)[NH][C:20]([NH]CC)=[NH+:21]CC.[Cl-]>>[Cl-].[H][NH+:10](C(CC)C(C8=CC=CC=C8)[NH]1)[C:20]1([NH:21]CC)[NH]CC 10=20;20,21=21"
"[H][S+:10](C(C)C(C)[O]1)[C:20]1([O:21][Si](C)(C)(C))[S]C.[Cl-]>>[Cl-].[H][S:10]C(C)C(C)[O][C:20]([S]C)=[O+:21][Si](C)(C)(C) 21=20;20,10=10"
"C[O+:21]=[C:20]2[S][CH](C7=CC=CC=C7)[CH]([H])C([H])[S]2.C9=CC=CC=C9[S:10][H].[Cl-]>>[Cl-].C9=CC=CC=C9[S+:10]([H])[C:20]1([O:21]C)[S][CH](C7=CC=CC=C7)C([H])[CH]([H])[S]1 10=20;20,21=21"
"C1(C(O[C:20]([O-:10])([O:21]C1[H])OC)C)C>>C(C([O-:21])[H])(C(O[C:20](=[O:10])OC)C)C 10=20;20,21=21"
"[H][S:10]C([H])C(C)C(C)[O][C:20]([O]CC)=[O+:21][H].[Cl-]>>[Cl-].[H][S+:10](C([H])C(C)C(C)[O]1)[C:20]1([O:21][H])[O]CC 10=20;20,21=21"
"[H][S+:10](C([H])C([H])C(C8=CC=CC=C8)[S]1)[C:20]1([O:21][H])[S]C.[Cl-]>>[Cl-].[H][S:10]C([H])C([H])C(C8=CC=CC=C8)[S][C:20]([S]C)=[O+:21][H] 21=20;20,10=10"
"[H][S:10]C([H])C([H])C(CC)[S][C:20]([S]C)=[O+:21][H].[Cl-]>>[Cl-].[H][S+:10](C([H])C([H])C(CC)[S]1)[C:20]1([O:21][H])[S]C 10=20;20,21=21"
"C1=CC=CC=C1N([C:20](=[O:10])OC(C(C([O-:21])CCCCCC)[H])CC)CC>>C1=CC=CC=C1N([C:20]1(OC(C(C([O:21]1)CCCCCC)[H])CC)[O-:10])CC 21=20;20,10=10"
"CCCCCCN([C:20](=[O:10])OC(C(C([O-:21])CC)C)C)[H]>>CCCCCCN([C:20]1(OC(C(C([O:21]1)CC)C)C)[O-:10])[H] 21=20;20,10=10"
"[O:10]([Na])C(C)C(C)/C(C)=C([H])\[C:20](OCC)=[O:21]>>[O-:21][C:20]1(OCC)C([H])=C(C)C(C)C(C)[O+:10]1([Na]) 10=20;20,21=21"
"[H][NH+:10](C(CC)C([H])C(C8=CC=CC=C8)[NH]1)[C:20]1([NH:21]C6=CC=CC=C6)[O]C.[Cl-]>>[Cl-].[H][NH:10]C(CC)C([H])C(C8=CC=CC=C8)[NH][C:20]([O]C)=[NH+:21]C6=CC=CC=C6 21=20;20,10=10"
"[O:10]([Na])C(CC)C(O)C([C:20](C)=[O:21])C>>[O-:21][C:20]1(C)[O+:10]([Na])C(CC)C(O)C1C 10=20;20,21=21"
"[O-:21][C:20]1(C)C(C)C([H])=C([H])C(CC)[O+:10]1([Na])>>[O:10]([Na])C(CC)/C([H])=C([H])\C(C)[C:20](C)=[O:21] 21=20;20,10=10"
"[OH:21][C:20]1([H])C([H])C(C)=C([H])C(CC)[OH+:10]1>>[OH:10]C(CC)/C([H])=C(C)\C([H])[C:20]([H])=[OH+:21] 21=20;20,10=10"
"CC[S+:10]([H])[C:20]1([O:21][H])[O][CH]([H])C(C)[CH](C)[O]1.[Cl-]>>[Cl-].[H][O+:21]=[C:20]2[O][CH]([H])[CH](C)C(C)[O]2.CC[S:10][H] 21=20;20,10=10"
"CC[NH+:10]([H])[C:20]1([NH:21][H])[O][CH](CC)C(C)[CH](C)[O]1.[Cl-]>>[Cl-].[H][NH+:21]=[C:20]2[O][CH](CC)[CH](C)C(C)[O]2.CC[NH:10][H] 21=20;20,10=10"
"[O-:21][C:20]1(OC)C([H])C([H])C(C)C([H])[O+:10]1([K])>>[O:10]([K])C([H])C(C)C([H])C([H])[C:20](OC)=[O:21] 21=20;20,10=10"
"[H][O+:21]=[C:20]2[O][CH](C7=CC=CC=C7)[CH]([H])C(CC)[S]2.C[O:10][H].[Cl-]>>[Cl-].C[O+:10]([H])[C:20]1([O:21][H])[O][CH](C7=CC=CC=C7)C([H])[CH](CC)[S]1 10=20;20,21=21"
"C[NH+:21]=[C:20]2[O][CH](C)[CH]([H])C([H])[O]2.C9=CC=CC=C9[O:10][H].[Cl-]>>[Cl-].C9=CC=CC=C9[O+:10]([H])[C:20]1([NH:21]C)[O][CH](C)C([H])[CH]([H])[O]1 10=20;20,21=21"
"CC[O+:10]([H])[C:20]1([NH:21]CC)[O][CH]([H])C([H])[CH](CC)[NH]1.[Cl-]>>[Cl-].CC[NH+:21]=[C:20]2[O][CH]([H])[CH]([H])C(CC)[NH]2.CC[O:10][H] 21=20;20,10=10"
"C[O+:10]([H])[C:20]([NH:21]C6=CC=CC=C6)([NH]C8=CC=CC=C8)[O]C.[Cl-]>>[Cl-].C[O:10][H].C6=CC=CC=C6[NH+:21]=[C:20]([NH]C8=CC=CC=C8)[O]C 21=20;20,10=10"
"[H][O+:10](C(C)C(CC)[NH]1)[C:20]1([NH:21]C)[O][H].[Cl-]>>[Cl-].[H][O:10]C(C)C(CC)[NH][C:20]([O][H])=[NH+:21]C 21=20;20,10=10"
"[H][O+:10]([H])[C:20]1([NH:21]CC)[NH]C(C)C(CC)[O]1.[Cl-]>>[Cl-].CC[NH+:21]=[C:20]2[NH]C(C)C(CC)[O]2.[H][O:10][H] 21=20;20,10=10"
"CCCCCCC1C(C(O[C:20](N1CC)([O-:10])[O:21]C)C1=CC=CC=C1)CCCCCC>>CCCCCCC1C(C(O[C:20](=[O:10])N1CC)C1=CC=CC=C1)CCCCCC.[O-:21]C 10=20;20,21=21"
"CCCCCCN([C:20](=[O:10])OC(C(C([O-:21])[H])CCCCCC)CCCCCC)C>>CCCCCCN([C:20]1(OC(C(C([O:21]1)[H])CCCCCC)CCCCCC)[O-:10])C 21=20;20,10=10"
"C6=CC=CC=C6[NH+:21]=[C:20]2[NH][CH]([H])[CH]([H])C(C)[NH]2.CC[O:10][H].[Cl-]>>[Cl-].CC[O+:10]([H])[C:20]1([NH:21]C6=CC=CC=C6)[NH][CH]([H])C([H])[CH](C)[NH]1 10=20;20,21=21"
"[H][NH+:10]([H])[C:20]1([NH:21][H])[O]C(C7=CC=CC=C7)C(C)[O]1.[Cl-]>>[Cl-].[H][NH+:21]=[C:20]2[O]C(C7=CC=CC=C7)C(C)[O]2.[H][NH:10][H] 21=20;20,10=10"
"CC[O+:10]([H])[C:20]1([O:21]C)[O][CH](C)C([H])[CH](C8=CC=CC=C8)[S]1.[Cl-]>>[Cl-].C[O+:21]=[C:20]2[O][CH](C)[CH]([H])C(C8=CC=CC=C8)[S]2.CC[O:10][H] 21=20;20,10=10"
"[NH:10]([H])C(C)C(C)/C(C)=C(C)\[C:20]([H])=[O:21]>>[O-:21][C:20]1([H])C(C)=C(C)C(C)C(C)[NH+:10]1([H]) 10=20;20,21=21"
"[OH:10]C(C=CC=C1)=C1C([H])C([C:20](OCC)=[OH+:21])O>>[OH:21][C:20]2(OCC)C(C([H])C3=C([OH+:10]2)C=CC=C3)O 10=20;20,21=21"
"[NH:10]([H])C(C)C(C)C(C)C([H])[C:20](OCC)=[O:21]>>[O-:21][C:20]1(OCC)C([H])C(C)C(C)C(C)[NH+:10]1([H]) 10=20;20,21=21"
"C[O+:21]=[C:20]2[S][CH](C7=CC=CC=C7)[CH](C)C([H])[O]2.C[S:10][H].[Cl-]>>[Cl-].C[S+:10]([H])[C:20]1([O:21]C)[S][CH](C7=CC=CC=C7)C(C)[CH]([H])[O]1 10=20;20,21=21"
"[H][O:10]C(C9=CC=CC=C9)C([H])C([H])[S][C:20]([O]C7=CC=CC=C7)=[O+:21][H].[Cl-]>>[Cl-].[H][O+:10](C(C9=CC=CC=C9)C([H])C([H])[S]1)[C:20]1([O:21][H])[O]C7=CC=CC=C7 10=20;20,21=21"
"C6=CC=CC=C6[NH+:21]=[C:20]2[NH][CH](C7=CC=CC=C7)[CH](C)C([H])[NH]2.C[NH:10][H].[Cl-]>>[Cl-].C[NH+:10]([H])[C:20]1([NH:21]C6=CC=CC=C6)[NH][CH](C7=CC=CC=C7)C(C)[CH]([H])[NH]1 10=20;20,21=21"
"[H][S:10][H].[Si](C)(C)(C)[O+:21]=[C:20]([S]C8=CC=CC=C8)[O][H].[Cl-]>>[Cl-].[H][S+:10]([H])[C:20]([O:21][Si](C)(C)(C))([S]C8=CC=CC=C8)[O][H] 10=20;20,21=21"
"C6=CC=CC=C6[NH+:21]=[C:20]2[O][CH](CC)[CH](C)C([H])[O]2.C[NH:10][H].[Cl-]>>[Cl-].C[NH+:10]([H])[C:20]1([NH:21]C6=CC=CC=C6)[O][CH](CC)C(C)[CH]([H])[O]1 10=20;20,21=21"
"CCCCCCC1C(C(O[C:20](=[O:10])N1C)C1=CC=CC=C1)[H].[O-:21][H]>>CCCCCCC1C(C(O[C:20](N1C)([O-:10])[O:21][H])C1=CC=CC=C1)[H] 21=20;20,10=10"
"CC1C(C(O[C:20](N1C)([O-:10])[O:21]CCCCCC)CC)CC>>CC1C(C(O[C:20](=[O:10])N1C)CC)CC.[O-:21]CCCCCC 10=20;20,21=21"
"[O-:21][C:20]1(C)[O+:10]([K])C(CCC)C(O)=C1O>>[O:10]([K])C(CCC)/C(O)=C([C:20](C)=[O:21])/O 21=20;20,10=10"
"[O-:21][C:20]1(OCC)[O:10]C(C)C(C)N1C>>[O-:10]C(C)C(C)N([C:20](OCC)=[O:21])C 21=20;20,10=10"
"[H]C1C(C(O[C:20](N1C1=CC=CC=C1)([O-:10])[O:21]C1=CC=CC=C1)[H])CCCCCC>>[H]C1C(C(O[C:20](=[O:10])N1C1=CC=CC=C1)[H])CCCCCC.[O-:21]C1=CC=CC=C1 10=20;20,21=21"
"[H][O+:10]([H])[C:20]([NH:21]CC)([O][H])[O][H].[Cl-]>>[Cl-].[H][O:10][H].CC[NH+:21]=[C:20]([O][H])[O][H] 21=20;20,10=10"
"C[NH+:10]([H])[C:20]1([NH:21]CC)[NH][CH]([H])C(C)[CH]([H])[O]1.[Cl-]>>[Cl-].CC[NH+:21]=[C:20]2[NH][CH]([H])[CH](C)C([H])[O]2.C[NH:10][H] 21=20;20,10=10"
"C[O+:10]([H])[C:20]1([NH:21]C6=CC=CC=C6)[NH][CH](C7=CC=CC=C7)C([H])[CH]([H])[O]1.[Cl-]>>[Cl-].C6=CC=CC=C6[NH+:21]=[C:20]2[NH][CH](C7=CC=CC=C7)[CH]([H])C([H])[O]2.C[O:10][H] 21=20;20,10=10"
"[H][O:10]C([H])C([H])C(CC)[S][C:20]([S]CC)=[O+:21]C.[Cl-]>>[Cl-].[H][O+:10](C([H])C([H])C(CC)[S]1)[C:20]1([O:21]C)[S]CC 10=20;20,21=21"
"C1=CC=CC=C1N([C:20]1(OC(C([O:21]1)CC)C1=CC=CC=C1)[O-:10])CCCCCC>>C1=CC=CC=C1N([C:20](=[O:10])OC(C([O-:21])CC)C1=CC=CC=C1)CCCCCC 10=20;20,21=21"
"[H][O+:10](C([H])C([H])[O]1)[C:20]1([NH:21]C6=CC=CC=C6)[O]CC.[Cl-]>>[Cl-].[H][O:10]C([H])C([H])[O][C:20]([O]CC)=[NH+:21]C6=CC=CC=C6 21=20;20,10=10"
"CC1C(C(O[C:20](N1[H])([O-:10])[O:21]C)[H])C>>CC1C(C(O[C:20](=[O:10])N1[H])[H])C.[O-:21]C 10=20;20,21=21"
"C(C([O-:21])CCCCCC)(C(O[C:20](=[O:10])OCC)CC)CCCCCC>>C1(C(O[C:20]([O-:10])([O:21]C1CCCCCC)OCC)CC)CCCCCC 21=20;20,10=10"
"[O-:21][C:20]1(OCC)C(O)C(C)C(C)C(C)[NH+:10]1(C)>>[NH:10](C)C(C)C(C)C(C)C(O)[C:20](OCC)=[O:21] 21=20;20,10=10"
"[H][O+:10]([H])[C:20]([NH:21][H])([NH][H])[O][H].[Cl-]>>[Cl-].[H][O:10][H].[H][NH+:21]=[C:20]([NH][H])[O][H] 21=20;20,10=10"
"C9=CC=CC=C9[NH:10][H].C[NH+:21]=[C:20]([O]CC)[NH]CC.[Cl-]>>[Cl-].C9=CC=CC=C9[NH+:10]([H])[C:20]([NH:21]C)([O]CC)[NH]CC 10=20;20,21=21"
"[H][O+:10](C([H])C(CC)[S]1)[C:20]1([O:21]C)[S]CC.[Cl-]>>[Cl-].[H][O:10]C([H])C(CC)[S][C:20]([S]CC)=[O+:21]C 21=20;20,10=10"
"CCC1C(C(O[C:20](=[O:10])N1CC)C1=CC=CC=C1)[H].[O-:21]CC>>CCC1C(C(O[C:20](N1CC)([O-:10])[O:21]CC)C1=CC=CC=C1)[H] 21=20;20,10=10"
"[H][NH:10]C(C)C(C)C(C)[O][C:20]([O]C7=CC=CC=C7)=[NH+:21]C6=CC=CC=C6.[Cl-]>>[Cl-].[H][NH+:10](C(C)C(C)C(C)[O]1)[C:20]1([NH:21]C6=CC=CC=C6)[O]C7=CC=CC=C7 10=20;20,21=21"
"CC1C(C(O[C:20](=[O:10])N1[H])CC)C.[O-:21][H]>>CC1C(C(O[C:20](N1[H])([O-:10])[O:21][H])CC)C 21=20;20,10=10"
"C1=CC=CC=C1[O+:10]([Na])[C:21]([O-:20])(OC1=CC=CC=C1)OCC>>[O:20]=[C:21](OC1=CC=CC=C1)OCC.C1=CC=CC=C1[O:10][Na] 20=21;21,10=10"
"C[S+:10]([H])[C:20]1([O:21]C)[O]C(CC)C([H])[O]1.[Cl-]>>[Cl-].C[O+:21]=[C:20]2[O]C(CC)C([H])[O]2.C[S:10][H] 21=20;20,10=10"
"[H][O+:10]([H])[C:20]1([NH:21]C6=CC=CC=C6)[O]C([H])C([H])[O]1.[Cl-]>>[Cl-].C6=CC=CC=C6[NH+:21]=[C:20]2[O]C([H])C([H])[O]2.[H][O:10][H] 21=20;20,10=10"
"[H]C1C(O[C:20](=[O:10])N1CC)C1=CC=CC=C1.[O-:21]C>>[H]C1C(O[C:20](N1CC)([O-:10])[O:21]C)C1=CC=CC=C1 21=20;20,10=10"
"[OH:21][CH:20]2(OCC)C(C3=C(C([OH+:10]2)[H])C=CC=C3)O>>[OH:10]C(C1=C(C([CH:20](OCC)=[OH+:21])O)C=CC=C1)[H] 21=20;20,10=10"
"CCN([C:20](=[O:10])OC(C([O-:21])CCCCCC)[H])C>>CCN([C:20]1(OC(C([O:21]1)CCCCCC)[H])[O-:10])C 21=20;20,10=10"
"[H][O+:10](C(C9=CC=CC=C9)C(C)C(C8=CC=CC=C8)[NH]1)[C:20]1([NH:21]C)[NH][H].[Cl-]>>[Cl-].[H][O:10]C(C9=CC=CC=C9)C(C)C(C8=CC=CC=C8)[NH][C:20]([NH][H])=[NH+:21]C 21=20;20,10=10"
"C[NH+:21]=[C:20]2[NH][CH](C7=CC=CC=C7)[CH]([H])C(C8=CC=CC=C8)[NH]2.C[NH:10][H].[Cl-]>>[Cl-].C[NH+:10]([H])[C:20]1([NH:21]C)[NH][CH](C7=CC=CC=C7)C([H])[CH](C8=CC=CC=C8)[NH]1 10=20;20,21=21"
"CC[NH+:10]([H])[C:20]1([NH:21]C)[O]C(C)C(C)[NH]1.[Cl-]>>[Cl-].C[NH+:21]=[C:20]2[O]C(C)C(C)[NH]2.CC[NH:10][H] 21=20;20,10=10"
"[H][NH+:21]=[C:20]2[O][CH](C)[CH](C)C(CC)[O]2.CC[NH:10][H].[Cl-]>>[Cl-].CC[NH+:10]([H])[C:20]1([NH:21][H])[O][CH](C)C(C)[CH](CC)[O]1 10=20;20,21=21"
"C1=CC=CC=C1C1C(C(O[C:20](N1CCCCCC)([O-:10])[O:21]C)C)C>>C1=CC=CC=C1C1C(C(O[C:20](=[O:10])N1CCCCCC)C)C.[O-:21]C 10=20;20,21=21"
"CC[NH+:21]=[C:20]2[NH][CH](C7=CC=CC=C7)[CH]([H])C([H])[O]2.[H][NH:10][H].[Cl-]>>[Cl-].[H][NH+:10]([H])[C:20]1([NH:21]CC)[NH][CH](C7=CC=CC=C7)C([H])[CH]([H])[O]1 10=20;20,21=21"
"[H][NH+:10]([H])[C:20]1([NH:21]C6=CC=CC=C6)[NH][CH](CC)C([H])[CH](C8=CC=CC=C8)[O]1.[Cl-]>>[Cl-].C6=CC=CC=C6[NH+:21]=[C:20]2[NH][CH](CC)[CH]([H])C(C8=CC=CC=C8)[O]2.[H][NH:10][H] 21=20;20,10=10"
"[O:10]([K])C(C)/C(C)=C([H])\C(C)[C:20](C)=[O:21]>>[O-:21][C:20]1(C)C(C)C([H])=C(C)C(C)[O+:10]1([K]) 10=20;20,21=21"
"[H][NH:10]C([H])C([H])[NH][C:20]([NH]C7=CC=CC=C7)=[NH+:21]C.[Cl-]>>[Cl-].[H][NH+:10](C([H])C([H])[NH]1)[C:20]1([NH:21]C)[NH]C7=CC=CC=C7 10=20;20,21=21"
"[H][O+:10](C([H])C([H])[O]1)[C:20]1([NH:21]C)[O]C.[Cl-]>>[Cl-].[H][O:10]C([H])C([H])[O][C:20]([O]C)=[NH+:21]C 21=20;20,10=10"
"CC[NH+:21]=[C:20]2[O][CH](C)[CH](C)C(CC)[NH]2.CC[O:10][H].[Cl-]>>[Cl-].CC[O+:10]([H])[C:20]1([NH:21]CC)[O][CH](C)C(C)[CH](CC)[NH]1 10=20;20,21=21"
"CC[NH+:21]=[C:20]2[O]C(CC)C([H])[NH]2.C[O:10][H].[Cl-]>>[Cl-].C[O+:10]([H])[C:20]1([NH:21]CC)[O]C(CC)C([H])[NH]1 10=20;20,21=21"
"[H][S:10]C([H])C(C8=CC=CC=C8)[O][C:20]([O]C7=CC=CC=C7)=[O+:21][Si](C)(C)(C).[Cl-]>>[Cl-].[H][S+:10](C([H])C(C8=CC=CC=C8)[O]1)[C:20]1([O:21][Si](C)(C)(C))[O]C7=CC=CC=C7 10=20;20,21=21"
"C1(C(O[C:20]([O-:10])([O:21]C1CCCCCC)OC1=CC=CC=C1)CC)C1=CC=CC=C1>>C(C([O-:21])CCCCCC)(C(O[C:20](=[O:10])OC1=CC=CC=C1)CC)C1=CC=CC=C1 10=20;20,21=21"
"C1(C(O[C:20]([O-:10])([O:21]C1C)OCC)CC)[H]>>C(C([O-:21])C)(C(O[C:20](=[O:10])OCC)CC)[H] 10=20;20,21=21"
"[H][O:10][H].C[NH+:21]=[C:20]([O]C8=CC=CC=C8)[NH]C7=CC=CC=C7.[Cl-]>>[Cl-].[H][O+:10]([H])[C:20]([NH:21]C)([O]C8=CC=CC=C8)[NH]C7=CC=CC=C7 10=20;20,21=21"
"[O-:21][C:20]1(C)C([H])C(O)C([H])C([H])[O+:10]1([Na])>>[O:10]([Na])C([H])C([H])C(O)C([H])[C:20](C)=[O:21] 21=20;20,10=10"
"[O-:21][C:20]2([NH+:10](CC)C(C7=C2C=CC=C7)[H])OCC>>[NH:10](CC)C(C(C=CC=C9)=C9[C:20](OCC)=[O:21])[H] 21=20;20,10=10"
"CC[O+:10]([H])[C:20]1([NH:21]C)[O]C(C7=CC=CC=C7)C(C)[NH]1.[Cl-]>>[Cl-].C[NH+:21]=[C:20]2[O]C(C7=CC=CC=C7)C(C)[NH]2.CC[O:10][H] 21=20;20,10=10"
"[H][S:10]C([H])C(CC)[O][C:20]([O][H])=[O+:21][H].[Cl-]>>[Cl-].[H][S+:10](C([H])C(CC)[O]1)[C:20]1([O:21][H])[O][H] 10=20;20,21=21"
"[O-:21][C:20]1([H])C([H])C(O)C([H])C(C)[NH+:10]1(C)>>[NH:10](C)C(C)C([H])C(O)C([H])[C:20]([H])=[O:21] 21=20;20,10=10"
"C9=CC=CC=C9[O+:10]([H])[C:20]1([NH:21]CC)[NH]C(CC)C(C8=CC=CC=C8)[NH]1.[Cl-]>>[Cl-].CC[NH+:21]=[C:20]2[NH]C(CC)C(C8=CC=CC=C8)[NH]2.C9=CC=CC=C9[O:10][H] 21=20;20,10=10"
"[H][O+:10](C([H])C([H])[O]1)[C:20]1([O:21][H])[S][H].[Cl-]>>[Cl-].[H][O:10]C([H])C([H])[O][C:20]([S][H])=[O+:21][H] 21=20;20,10=10"
"C6=CC=CC=C6[NH+:21]=[C:20]2[NH][CH](C7=CC=CC=C7)[CH]([H])C(C8=CC=CC=C8)[O]2.[H][O:10][H].[Cl-]>>[Cl-].[H][O+:10]([H])[C:20]1([NH:21]C6=CC=CC=C6)[NH][CH](C7=CC=CC=C7)C([H])[CH](C8=CC=CC=C8)[O]1 10=20;20,21=21"
"CCC1C(C(O[C:20](N1CC)([O-:10])[O:21]C)C)CC>>CCC1C(C(O[C:20](=[O:10])N1CC)C)CC.[O-:21]C 10=20;20,21=21"
"[NH:10]([H])C([H])C(O)C([H])C(C)[C:20](C)=[O:21]>>[O-:21][C:20]1(C)C(C)C([H])C(O)C([H])[NH+:10]1([H]) 10=20;20,21=21"
"C[O+:21]=[C:20]2[O]C(C)C([H])[S]2.C[S:10][H].[Cl-]>>[Cl-].C[S+:10]([H])[C:20]1([O:21]C)[O]C(C)C([H])[S]1 10=20;20,21=21"
"[H][O+:10]([H])[C:20]([NH:21]CC)([O]C8=CC=CC=C8)[O]C.[Cl-]>>[Cl-].[H][O:10][H].CC[NH+:21]=[C:20]([O]C8=CC=CC=C8)[O]C 21=20;20,10=10"
"[H][NH+:21]=[C:20]2[NH][CH](C7=CC=CC=C7)[CH]([H])C([H])[NH]2.C[O:10][H].[Cl-]>>[Cl-].C[O+:10]([H])[C:20]1([NH:21][H])[NH][CH](C7=CC=CC=C7)C([H])[CH]([H])[NH]1 10=20;20,21=21"
"[H][O+:10](C(CC)C(C)C([H])[O]1)[C:20]1([O:21]C)[S]C7=CC=CC=C7.[Cl-]>>[Cl-].[H][O:10]C(CC)C(C)C([H])[O][C:20]([S]C7=CC=CC=C7)=[O+:21]C 21=20;20,10=10"
"[O-:21][C:20]1([H])[O+:10]([Na])C(CC)C([H])=C1[H]>>[O:10]([Na])C(CC)/C([H])=C([C:20]([H])=[O:21])/[H] 21=20;20,10=10"
"[H][S:10]C(C9=CC=CC=C9)C(CC)[O][C:20]([O]CC)=[O+:21]C.[Cl-]>>[Cl-].[H][S+:10](C(C9=CC=CC=C9)C(CC)[O]1)[C:20]1([O:21]C)[O]CC 10=20;20,21=21"
"[O-:21][C:20]1(OCC)C(C)C(C)C([H])C(CC)[NH+:10]1(C)>>[NH:10](C)C(CC)C([H])C(C)C(C)[C:20](OCC)=[O:21] 21=20;20,10=10"
"[H][NH:10]C(C9=CC=CC=C9)C(C)C(CC)[NH][C:20]([O]CC)=[NH+:21]C.[Cl-]>>[Cl-].[H][NH+:10](C(C9=CC=CC=C9)C(C)C(CC)[NH]1)[C:20]1([NH:21]C)[O]CC 10=20;20,21=21"
"[H][O:10]C(CC)C([H])[O][C:20]([O]C7=CC=CC=C7)=[NH+:21]C.[Cl-]>>[Cl-].[H][O+:10](C(CC)C([H])[O]1)[C:20]1([NH:21]C)[O]C7=CC=CC=C7 10=20;20,21=21"
"[H][S+:10](C(C9=CC=CC=C9)C([H])C([H])[S]1)[C:20]1([O:21]C)[S][H].[Cl-]>>[Cl-].[H][S:10]C(C9=CC=CC=C9)C([H])C([H])[S][C:20]([S][H])=[O+:21]C 21=20;20,10=10"
"CC[O:10][H].[H][NH+:21]=[C:20]([O][H])[NH]C.[Cl-]>>[Cl-].CC[O+:10]([H])[C:20]([NH:21][H])([O][H])[NH]C 10=20;20,21=21"
"CC[NH+:10]([H])[C:20]1([NH:21]C)[NH][CH](CC)C([H])[CH]([H])[O]1.[Cl-]>>[Cl-].C[NH+:21]=[C:20]2[NH][CH](CC)[CH]([H])C([H])[O]2.CC[NH:10][H] 21=20;20,10=10"
"[H][O+:10](C([H])C(C)C([H])[NH]1)[C:20]1([NH:21][H])[O]C.[Cl-]>>[Cl-].[H][O:10]C([H])C(C)C([H])[NH][C:20]([O]C)=[NH+:21][H] 21=20;20,10=10"
"C1=CC=CC=C1C1C(C(O[C:20](N1CC)([O-:10])[O:21]C1=CC=CC=C1)C)C>>C1=CC=CC=C1C1C(C(O[C:20](=[O:10])N1CC)C)C.[O-:21]C1=CC=CC=C1 10=20;20,21=21"
"[H][NH+:10](C([H])C([H])C(C)[O]1)[C:20]1([NH:21]CC)[NH]C7=CC=CC=C7.[Cl-]>>[Cl-].[H][NH:10]C([H])C([H])C(C)[O][C:20]([NH]C7=CC=CC=C7)=[NH+:21]CC 21=20;20,10=10"
"C1(C(O[C:20]([O-:10])([O:21]C1CC)OC1=CC=CC=C1)CCCCCC)[H]>>C(C([O-:21])CC)(C(O[C:20](=[O:10])OC1=CC=CC=C1)CCCCCC)[H] 10=20;20,21=21"
"[O:20]=[C:21](OC1=CC=CC=C1)OC.[H][O:10][K]>>[H][O+:10]([K])[C:21]([O-:20])(OC1=CC=CC=C1)OC 10=21;21,20=20"
"[H][NH+:10](C(C9=CC=CC=C9)C(C)C(CC)[O]1)[C:20]1([NH:21][H])[NH][H].[Cl-]>>[Cl-].[H][NH:10]C(C9=CC=CC=C9)C(C)C(CC)[O][C:20]([NH][H])=[NH+:21][H] 21=20;20,10=10"
"[CH2:20]([NH:10]CC)[Br:21]>>[CH2:20]=[NH+:10]CC.[Br-:21] 10=20;20,21=21"
"[H][S+:10](C(C)C(C8=CC=CC=C8)[S]1)[C:20]1([O:21][H])[S]CC.[Cl-]>>[Cl-].[H][S:10]C(C)C(C8=CC=CC=C8)[S][C:20]([S]CC)=[O+:21][H] 21=20;20,10=10"
"[O-:10]C(CC)/C(C)=C(C)\C(C)[C:20](OC)=[O:21]>>[O-:21][C:20]1(OC)C(C)C(C)=C(C)C(CC)[O:10]1 10=20;20,21=21"
"CCCCCCC1C(C(O[C:20](N1[H])([O-:10])[O:21]CCCCCC)CCCCCC)CC>>CCCCCCC1C(C(O[C:20](=[O:10])N1[H])CCCCCC)CC.[O-:21]CCCCCC 10=20;20,21=21"
"[O-:10]C(C(C1=C(C=CC=C1)[CH:20]([H])=[O:21])O)[H]>>[O-:21][CH:20]2([H])C3=C(C(C([O:10]2)[H])O)C=CC=C3  10=20;20,21=21"
"CCCCCCC1C(C(O[C:20](N1CCCCCC)([O-:10])[O:21]CC)C)CCCCCC>>CCCCCCC1C(C(O[C:20](=[O:10])N1CCCCCC)C)CCCCCC.[O-:21]CC 10=20;20,21=21"
"CN([C:20]1(OC(C(C([O:21]1)C)CC)CC)[O-:10])CCCCCC>>CN([C:20](=[O:10])OC(C(C([O-:21])C)CC)CC)CCCCCC 10=20;20,21=21"
"C[O+:10]([H])[C:20]1([O:21]C)[S][CH](CC)C(C)[CH]([H])[S]1.[Cl-]>>[Cl-].C[O+:21]=[C:20]2[S][CH](CC)[CH](C)C([H])[S]2.C[O:10][H] 21=20;20,10=10"
"[H][NH+:10](C([H])C([H])C(C)[O]1)[C:20]1([NH:21]C)[NH]CC.[Cl-]>>[Cl-].[H][NH:10]C([H])C([H])C(C)[O][C:20]([NH]CC)=[NH+:21]C 21=20;20,10=10"
"CC1C(O[C:20](N1CC)([O-:10])[O:21][H])C1=CC=CC=C1>>CC1C(O[C:20](=[O:10])N1CC)C1=CC=CC=C1.[O-:21][H] 10=20;20,21=21"
"[H][O:10]C(CC)C([H])[O][C:20]([S]C7=CC=CC=C7)=[O+:21][Si](C)(C)(C).[Cl-]>>[Cl-].[H][O+:10](C(CC)C([H])[O]1)[C:20]1([O:21][Si](C)(C)(C))[S]C7=CC=CC=C7 10=20;20,21=21"
"[H][O+:10](C([H])C([H])C([H])[O]1)[C:20]1([NH:21]CC)[O]C.[Cl-]>>[Cl-].[H][O:10]C([H])C([H])C([H])[O][C:20]([O]C)=[NH+:21]CC 21=20;20,10=10"
"CC1C(O[C:20](=[O:10])N1CCCCCC)CC.[O-:21]C1=CC=CC=C1>>CC1C(O[C:20](N1CCCCCC)([O-:10])[O:21]C1=CC=CC=C1)CC 21=20;20,10=10"
"CC[O+:10]([H])[C:20]([NH:21]C)([O]CC)[O]CC.[Cl-]>>[Cl-].CC[O:10][H].C[NH+:21]=[C:20]([O]CC)[O]CC 21=20;20,10=10"
"C[S:10][H].[Si](C)(C)(C)[O+:21]=[C:20]([O]C8=CC=CC=C8)[O]C.[Cl-]>>[Cl-].C[S+:10]([H])[C:20]([O:21][Si](C)(C)(C))([O]C8=CC=CC=C8)[O]C 10=20;20,21=21"
"[H][O+:10](C(CC)C([H])C([H])[O]1)[C:20]1([O:21]C)[S][H].[Cl-]>>[Cl-].[H][O:10]C(CC)C([H])C([H])[O][C:20]([S][H])=[O+:21]C 21=20;20,10=10"
"[OH:21][C:20]1(OC)[OH+:10]C(CC)C(C)=C1[H]>>[OH:10]C(CC)/C(C)=C([C:20](OC)=[OH+:21])/[H] 21=20;20,10=10"
"[H][O+:10](C([H])C(C)C([H])[O]1)[C:20]1([O:21][H])[S]C.[Cl-]>>[Cl-].[H][O:10]C([H])C(C)C([H])[O][C:20]([S]C)=[O+:21][H] 21=20;20,10=10"
"CC[NH+:10]([H])[C:20]1([NH:21]C6=CC=CC=C6)[NH][CH](C)C(C)[CH](CC)[O]1.[Cl-]>>[Cl-].C6=CC=CC=C6[NH+:21]=[C:20]2[NH][CH](C)[CH](C)C(CC)[O]2.CC[NH:10][H] 21=20;20,10=10"
"[O:21]=[C:20](OC)O[H].[O-:10]C1=CC=CC=C1>>C1=CC=CC=C1[O:10][C:20]([O-:21])(OC)O[H] 10=20;20,21=21"
"[H][O:10]C([H])C([H])[NH][C:20]([NH]C7=CC=CC=C7)=[NH+:21]C.[Cl-]>>[Cl-].[H][O+:10](C([H])C([H])[NH]1)[C:20]1([NH:21]C)[NH]C7=CC=CC=C7 10=20;20,21=21"
"[H][S+:10]([H])[C:20]1([O:21][H])[O]C(C)C([H])[O]1.[Cl-]>>[Cl-].[H][O+:21]=[C:20]2[O]C(C)C([H])[O]2.[H][S:10][H] 21=20;20,10=10"
"[H][S+:10](C(C)C(C)[S]1)[C:20]1([O:21][Si](C)(C)(C))[O]CC.[Cl-]>>[Cl-].[H][S:10]C(C)C(C)[S][C:20]([O]CC)=[O+:21][Si](C)(C)(C) 21=20;20,10=10"
"C9=CC=CC=C9[NH+:10]([H])[C:20]1([NH:21]C)[O][CH](C7=CC=CC=C7)C(C)[CH](C8=CC=CC=C8)[O]1.[Cl-]>>[Cl-].C[NH+:21]=[C:20]2[O][CH](C7=CC=CC=C7)[CH](C)C(C8=CC=CC=C8)[O]2.C9=CC=CC=C9[NH:10][H] 21=20;20,10=10"
"CC[O+:10]([H])[C:20]1([NH:21][H])[O]C([H])C([H])[O]1.[Cl-]>>[Cl-].[H][NH+:21]=[C:20]2[O]C([H])C([H])[O]2.CC[O:10][H] 21=20;20,10=10"
"[O-:21][C:20]1([H])C(O)C([H])C(O)C(CC)[NH+:10]1([H])>>[NH:10]([H])C(CC)C(O)C([H])C(O)[C:20]([H])=[O:21] 21=20;20,10=10"
"[O:10]([K])C(CC)C(C)C(C)C(O)[C:20](OCC)=[O:21]>>[O-:21][C:20]1(OCC)C(O)C(C)C(C)C(CC)[O+:10]1([K]) 10=20;20,21=21"
"[H][NH+:21]=[C:20]2[O][CH]([H])[CH](C)C(C8=CC=CC=C8)[NH]2.[H][NH:10][H].[Cl-]>>[Cl-].[H][NH+:10]([H])[C:20]1([NH:21][H])[O][CH]([H])C(C)[CH](C8=CC=CC=C8)[NH]1 10=20;20,21=21"
"[OH:21][C:20]1([H])[OH+:10]C([H])C(C)=C1O>>[OH:10]C([H])/C(C)=C([C:20]([H])=[OH+:21])/O 21=20;20,10=10"
"C1=CC=CC=C1N([C:20]1(OC(C(C([O:21]1)CC)[H])CCCCCC)[O-:10])CCCCCC>>C1=CC=CC=C1N([C:20](=[O:10])OC(C(C([O-:21])CC)[H])CCCCCC)CCCCCC 10=20;20,21=21"
"CCCCCCN([C:20]1(OC(C(C([O:21]1)CCCCCC)C)[H])[O-:10])CC>>CCCCCCN([C:20](=[O:10])OC(C(C([O-:21])CCCCCC)C)[H])CC 10=20;20,21=21"
"C[O+:21]=[C:20]2[S][CH](C7=CC=CC=C7)[CH]([H])C([H])[O]2.CC[S:10][H].[Cl-]>>[Cl-].CC[S+:10]([H])[C:20]1([O:21]C)[S][CH](C7=CC=CC=C7)C([H])[CH]([H])[O]1 10=20;20,21=21"
"CC[NH+:21]=[C:20]2[O]C(C)C([H])[O]2.C[O:10][H].[Cl-]>>[Cl-].C[O+:10]([H])[C:20]1([NH:21]CC)[O]C(C)C([H])[O]1 10=20;20,21=21"
"CC[NH+:21]=[C:20]2[NH]C(C)C(CC)[NH]2.CC[O:10][H].[Cl-]>>[Cl-].CC[O+:10]([H])[C:20]1([NH:21]CC)[NH]C(C)C(CC)[NH]1 10=20;20,21=21"
"[H][O:10]C(CC)C(C)C([H])[NH][C:20]([NH]C)=[NH+:21]CC.[Cl-]>>[Cl-].[H][O+:10](C(CC)C(C)C([H])[NH]1)[C:20]1([NH:21]CC)[NH]C 10=20;20,21=21"
"[Si](C)(C)(C)[O+:21]=[C:20]2[S]C(CC)C([H])[S]2.[H][O:10][H].[Cl-]>>[Cl-].[H][O+:10]([H])[C:20]1([O:21][Si](C)(C)(C))[S]C(CC)C([H])[S]1 10=20;20,21=21"
"[H][NH+:10](C(CC)C([H])C(CC)[O]1)[C:20]1([NH:21]C6=CC=CC=C6)[NH][H].[Cl-]>>[Cl-].[H][NH:10]C(CC)C([H])C(CC)[O][C:20]([NH][H])=[NH+:21]C6=CC=CC=C6 21=20;20,10=10"
"[H][O+:21]=[C:20]2[S]C([H])C([H])[S]2.C9=CC=CC=C9[O:10][H].[Cl-]>>[Cl-].C9=CC=CC=C9[O+:10]([H])[C:20]1([O:21][H])[S]C([H])C([H])[S]1 10=20;20,21=21"
"[OH:21][C:20]1([H])C([H])C(C)=C(C)C(C)[OH+:10]1>>[OH:10]C(C)/C(C)=C(C)\C([H])[C:20]([H])=[OH+:21] 21=20;20,10=10"
"[H][O:10]C(CC)C([H])[NH][C:20]([O][H])=[NH+:21]C6=CC=CC=C6.[Cl-]>>[Cl-].[H][O+:10](C(CC)C([H])[NH]1)[C:20]1([NH:21]C6=CC=CC=C6)[O][H] 10=20;20,21=21"
"[O-:21][C:20]1(OC)[O+:10]([Na])C(C)C(C)=C1O>>[O:10]([Na])C(C)/C(C)=C([C:20](OC)=[O:21])/O 21=20;20,10=10"
"C9=CC=CC=C9[S+:10]([H])[C:20]1([O:21][H])[O][CH](C7=CC=CC=C7)C(C)[CH]([H])[S]1.[Cl-]>>[Cl-].[H][O+:21]=[C:20]2[O][CH](C7=CC=CC=C7)[CH](C)C([H])[S]2.C9=CC=CC=C9[S:10][H] 21=20;20,10=10"
"[H][NH+:10](C(CC)C(C8=CC=CC=C8)[NH]1)[C:20]1([NH:21][H])[O]CC.[Cl-]>>[Cl-].[H][NH:10]C(CC)C(C8=CC=CC=C8)[NH][C:20]([O]CC)=[NH+:21][H] 21=20;20,10=10"
"C1=CC=CC=C1C1C(C(O[C:20](N1C)([O-:10])[O:21][H])[H])CCCCCC>>C1=CC=CC=C1C1C(C(O[C:20](=[O:10])N1C)[H])CCCCCC.[O-:21][H] 10=20;20,21=21"
"CCN([C:20]([O-:10])(OC1=CC=CC=C1)[O:21][H])C1=CC=CC=C1>>CCN([C:20](=[O:10])OC1=CC=CC=C1)C1=CC=CC=C1.[O-:21][H] 10=20;20,21=21"
"C(C([O-:21])[H])(C(O[C:20](=[O:10])OC1=CC=CC=C1)C)C1=CC=CC=C1>>C1(C(O[C:20]([O-:10])([O:21]C1[H])OC1=CC=CC=C1)C)C1=CC=CC=C1 21=20;20,10=10"
"C[O:10][H].[H][O+:21]=[C:20]([S]CC)[O][H].[Cl-]>>[Cl-].C[O+:10]([H])[C:20]([O:21][H])([S]CC)[O][H] 10=20;20,21=21"
"CN([C:20]1(OC(C(C([O:21]1)CC)C)CC)[O-:10])C1=CC=CC=C1>>CN([C:20](=[O:10])OC(C(C([O-:21])CC)C)CC)C1=CC=CC=C1 10=20;20,21=21"
"[H][O:10]C(C9=CC=CC=C9)C([H])C(CC)[S][C:20]([S][H])=[O+:21]C.[Cl-]>>[Cl-].[H][O+:10](C(C9=CC=CC=C9)C([H])C(CC)[S]1)[C:20]1([O:21]C)[S][H] 10=20;20,21=21"
"CC[S+:10]([H])[C:20]1([O:21]C)[S]C([H])C([H])[S]1.[Cl-]>>[Cl-].C[O+:21]=[C:20]2[S]C([H])C([H])[S]2.CC[S:10][H] 21=20;20,10=10"
"[Na][O+:21]([C:20]([O-:10])(OCC)OC1=CC=CC=C1)CCCCCC>>[Na][O:21]CCCCCC.[C:20](=[O:10])(OCC)OC1=CC=CC=C1 10=20;20,21=21"
"C[NH+:10]([H])[C:20]1([NH:21][H])[NH][CH](C7=CC=CC=C7)C(C)[CH](C8=CC=CC=C8)[O]1.[Cl-]>>[Cl-].[H][NH+:21]=[C:20]2[NH][CH](C7=CC=CC=C7)[CH](C)C(C8=CC=CC=C8)[O]2.C[NH:10][H] 21=20;20,10=10"
"C9=CC=CC=C9[O:10][H].CC[NH+:21]=[C:20]([O][H])[NH]CC.[Cl-]>>[Cl-].C9=CC=CC=C9[O+:10]([H])[C:20]([NH:21]CC)([O][H])[NH]CC 10=20;20,21=21"
"CC[NH+:21]=[C:20]2[O][CH]([H])[CH]([H])C(CC)[NH]2.C[O:10][H].[Cl-]>>[Cl-].C[O+:10]([H])[C:20]1([NH:21]CC)[O][CH]([H])C([H])[CH](CC)[NH]1 10=20;20,21=21"
"CC[NH:10][H].C6=CC=CC=C6[NH+:21]=[C:20]([NH]C)[NH]CC.[Cl-]>>[Cl-].CC[NH+:10]([H])[C:20]([NH:21]C6=CC=CC=C6)([NH]C)[NH]CC 10=20;20,21=21"
"[H][O:10]C(C9=CC=CC=C9)C(C)C(C8=CC=CC=C8)[NH][C:20]([NH]CC)=[NH+:21]CC.[Cl-]>>[Cl-].[H][O+:10](C(C9=CC=CC=C9)C(C)C(C8=CC=CC=C8)[NH]1)[C:20]1([NH:21]CC)[NH]CC 10=20;20,21=21"
"C[O+:21]=[C:20]2[O][CH]([H])[CH]([H])C([H])[O]2.C9=CC=CC=C9[S:10][H].[Cl-]>>[Cl-].C9=CC=CC=C9[S+:10]([H])[C:20]1([O:21]C)[O][CH]([H])C([H])[CH]([H])[O]1 10=20;20,21=21"
"[H][O+:10](C([H])C([H])C(C)[NH]1)[C:20]1([NH:21][H])[NH]C.[Cl-]>>[Cl-].[H][O:10]C([H])C([H])C(C)[NH][C:20]([NH]C)=[NH+:21][H] 21=20;20,10=10"
"[H]C1C(O[C:20](N1C)([O-:10])[O:21]C)C>>[H]C1C(O[C:20](=[O:10])N1C)C.[O-:21]C 10=20;20,21=21"
"CCCCCCN([C:20]([O-:10])(OC)[O:21]C1=CC=CC=C1)C1=CC=CC=C1>>CCCCCCN([C:20](=[O:10])OC)C1=CC=CC=C1.[O-:21]C1=CC=CC=C1 10=20;20,21=21"
"C[NH+:21]=[C:20]2[O]C([H])C(C)[O]2.C[NH:10][H].[Cl-]>>[Cl-].C[NH+:10]([H])[C:20]1([NH:21]C)[O]C([H])C(C)[O]1 10=20;20,21=21"
"CN([C:20](=[O:10])OC(C(C([O-:21])CC)[H])CCCCCC)[H]>>CN([C:20]1(OC(C(C([O:21]1)CC)[H])CCCCCC)[O-:10])[H] 21=20;20,10=10"
"[H][NH+:10](C(C)C([H])C(C8=CC=CC=C8)[O]1)[C:20]1([NH:21]C)[O]CC.[Cl-]>>[Cl-].[H][NH:10]C(C)C([H])C(C8=CC=CC=C8)[O][C:20]([O]CC)=[NH+:21]C 21=20;20,10=10"
"CN([C:20]1(OC(C(C([O:21]1)[H])CC)CCCCCC)[O-:10])C>>CN([C:20](=[O:10])OC(C(C([O-:21])[H])CC)CCCCCC)C 10=20;20,21=21"
"C[NH+:10]([H])[C:20]1([NH:21]C)[NH]C(C)C(C8=CC=CC=C8)[O]1.[Cl-]>>[Cl-].C[NH+:21]=[C:20]2[NH]C(C)C(C8=CC=CC=C8)[O]2.C[NH:10][H] 21=20;20,10=10"
"C1(C([O:21][C:20](O1)([O-:10])OC)CCCCCC)C1=CC=CC=C1>>C(C(O[C:20](=[O:10])OC)C1=CC=CC=C1)([O-:21])CCCCCC 10=20;20,21=21"
"CC[NH+:10]([H])[C:20]1([NH:21]C)[O][CH](CC)C([H])[CH](C)[O]1.[Cl-]>>[Cl-].C[NH+:21]=[C:20]2[O][CH](CC)[CH]([H])C(C)[O]2.CC[NH:10][H] 21=20;20,10=10"
"[O-:10]C([H])C(C)N([C:20](OC)=[O:21])C>>[O-:21][C:20]1(OC)[O:10]C([H])C(C)N1C 10=20;20,21=21"
"C[S+:10]([H])[C:20]([O:21][H])([S]C8=CC=CC=C8)[S][H].[Cl-]>>[Cl-].C[S:10][H].[H][O+:21]=[C:20]([S]C8=CC=CC=C8)[S][H] 21=20;20,10=10"
"C[O:10][H].C[NH+:21]=[C:20]([NH]CC)[O]C7=CC=CC=C7.[Cl-]>>[Cl-].C[O+:10]([H])[C:20]([NH:21]C)([NH]CC)[O]C7=CC=CC=C7 10=20;20,21=21"
"[H][O:10]C(CC)C(C)C([H])[O][C:20]([NH][H])=[NH+:21][H].[Cl-]>>[Cl-].[H][O+:10](C(CC)C(C)C([H])[O]1)[C:20]1([NH:21][H])[NH][H] 10=20;20,21=21"
"C9=CC=CC=C9[O:10][H].[H][O+:21]=[C:20]([O]C8=CC=CC=C8)[S]C7=CC=CC=C7.[Cl-]>>[Cl-].C9=CC=CC=C9[O+:10]([H])[C:20]([O:21][H])([O]C8=CC=CC=C8)[S]C7=CC=CC=C7 10=20;20,21=21"
"CC1C(C(O[C:20](=[O:10])N1CCCCCC)[H])[H].[O-:21]C>>CC1C(C(O[C:20](N1CCCCCC)([O-:10])[O:21]C)[H])[H] 21=20;20,10=10"
"CCC1C(C(O[C:20](=[O:10])N1CC)CCCCCC)CCCCCC.[O-:21]C1=CC=CC=C1>>CCC1C(C(O[C:20](N1CC)([O-:10])[O:21]C1=CC=CC=C1)CCCCCC)CCCCCC 21=20;20,10=10"
"C[NH:10][H].C[NH+:21]=[C:20]([O]C8=CC=CC=C8)[NH]CC.[Cl-]>>[Cl-].C[NH+:10]([H])[C:20]([NH:21]C)([O]C8=CC=CC=C8)[NH]CC 10=20;20,21=21"
"C1=CC=CC=C1C1C(C(O[C:20](=[O:10])N1CCCCCC)CC)CC.[O-:21][H]>>C1=CC=CC=C1C1C(C(O[C:20](N1CCCCCC)([O-:10])[O:21][H])CC)CC 21=20;20,10=10"
"[H][S:10]C(C9=CC=CC=C9)C(CC)[O][C:20]([O]C7=CC=CC=C7)=[O+:21]C.[Cl-]>>[Cl-].[H][S+:10](C(C9=CC=CC=C9)C(CC)[O]1)[C:20]1([O:21]C)[O]C7=CC=CC=C7 10=20;20,21=21"
"[H][O:10]C(C)C([H])C(C8=CC=CC=C8)[O][C:20]([NH][H])=[NH+:21][H].[Cl-]>>[Cl-].[H][O+:10](C(C)C([H])C(C8=CC=CC=C8)[O]1)[C:20]1([NH:21][H])[NH][H] 10=20;20,21=21"
"[H][NH:10]C(CC)C(C)C(CC)[O][C:20]([NH][H])=[NH+:21]C6=CC=CC=C6.[Cl-]>>[Cl-].[H][NH+:10](C(CC)C(C)C(CC)[O]1)[C:20]1([NH:21]C6=CC=CC=C6)[NH][H] 10=20;20,21=21"
"[H][NH:10]C(C)C([H])[O][C:20]([NH][H])=[NH+:21][H].[Cl-]>>[Cl-].[H][NH+:10](C(C)C([H])[O]1)[C:20]1([NH:21][H])[NH][H] 10=20;20,21=21"
"[H][NH+:10]([H])[C:20]1([NH:21][H])[O]C([H])C(CC)[O]1.[Cl-]>>[Cl-].[H][NH+:21]=[C:20]2[O]C([H])C(CC)[O]2.[H][NH:10][H] 21=20;20,10=10"
"[H][O+:10](C(C)C(C)C(CC)[S]1)[C:20]1([O:21][H])[S]CC.[Cl-]>>[Cl-].[H][O:10]C(C)C(C)C(CC)[S][C:20]([S]CC)=[O+:21][H] 21=20;20,10=10"
"[H][O:10]C([H])C(C)C(CC)[S][C:20]([S]CC)=[O+:21]C.[Cl-]>>[Cl-].[H][O+:10](C([H])C(C)C(CC)[S]1)[C:20]1([O:21]C)[S]CC 10=20;20,21=21"
"CC[NH+:10]([H])[C:20]1([NH:21]C)[O][CH](C)C(C)[CH]([H])[NH]1.[Cl-]>>[Cl-].C[NH+:21]=[C:20]2[O][CH](C)[CH](C)C([H])[NH]2.CC[NH:10][H] 21=20;20,10=10"
"CC[O+:10]([H])[C:20]1([NH:21]CC)[NH][CH]([H])C(C)[CH](CC)[O]1.[Cl-]>>[Cl-].CC[NH+:21]=[C:20]2[NH][CH]([H])[CH](C)C(CC)[O]2.CC[O:10][H] 21=20;20,10=10"
"C1=CC=CC=C1N([C:20](=[O:10])OC(C([O-:21])C)C1=CC=CC=C1)[H]>>C1=CC=CC=C1N([C:20]1(OC(C([O:21]1)C)C1=CC=CC=C1)[O-:10])[H] 21=20;20,10=10"
"[H][NH:10]C(C)C([H])C([H])[NH][C:20]([O][H])=[NH+:21][H].[Cl-]>>[Cl-].[H][NH+:10](C(C)C([H])C([H])[NH]1)[C:20]1([NH:21][H])[O][H] 10=20;20,21=21"
"C1=CC=CC=C1C1C(C(O[C:20](=[O:10])N1C1=CC=CC=C1)C)C.[O-:21]C>>C1=CC=CC=C1C1C(C(O[C:20](N1C1=CC=CC=C1)([O-:10])[O:21]C)C)C 21=20;20,10=10"
"C6=CC=CC=C6[NH+:21]=[C:20]2[NH][CH](C7=CC=CC=C7)[CH](C)C([H])[NH]2.CC[O:10][H].[Cl-]>>[Cl-].CC[O+:10]([H])[C:20]1([NH:21]C6=CC=CC=C6)[NH][CH](C7=CC=CC=C7)C(C)[CH]([H])[NH]1 10=20;20,21=21"
"[H][S:10]C([H])C(C)[S][C:20]([O]C)=[O+:21][H].[Cl-]>>[Cl-].[H][S+:10](C([H])C(C)[S]1)[C:20]1([O:21][H])[O]C 10=20;20,21=21"
"[H][O+:10]([H])[C:20]1([NH:21][H])[NH][CH](CC)C(C)[CH](C)[NH]1.[Cl-]>>[Cl-].[H][NH+:21]=[C:20]2[NH][CH](CC)[CH](C)C(C)[NH]2.[H][O:10][H] 21=20;20,10=10"
"CCC1C(C(O[C:20](N1CCCCCC)([O-:10])[O:21][H])CC)CCCCCC>>CCC1C(C(O[C:20](=[O:10])N1CCCCCC)CC)CCCCCC.[O-:21][H] 10=20;20,21=21"
"[H][O+:10]([Li])[C:21]([O-:20])(OCCCCCC)O[H]>>[O:20]=[C:21](OCCCCCC)O[H].[H][O:10][Li] 20=21;21,10=10"
"C[O+:21]=[C:20]2[O]C(C)C(C8=CC=CC=C8)[O]2.[H][O:10][H].[Cl-]>>[Cl-].[H][O+:10]([H])[C:20]1([O:21]C)[O]C(C)C(C8=CC=CC=C8)[O]1 10=20;20,21=21"
"[Na][O+:21]([C:20]([O-:10])(OC)OCC)C1=CC=CC=C1>>[Na][O:21]C1=CC=CC=C1.[C:20](=[O:10])(OC)OCC 10=20;20,21=21"
"[NH:10](C)C([H])C(O)C([H])C(C)[C:20](C)=[O:21]>>[O-:21][C:20]1(C)C(C)C([H])C(O)C([H])[NH+:10]1(C) 10=20;20,21=21"
"[H][NH+:10](C(CC)C([H])C(C)[NH]1)[C:20]1([NH:21][H])[NH]C.[Cl-]>>[Cl-].[H][NH:10]C(CC)C([H])C(C)[NH][C:20]([NH]C)=[NH+:21][H] 21=20;20,10=10"
"C6=CC=CC=C6[NH+:21]=[C:20]2[O][CH](CC)[CH](C)C(C8=CC=CC=C8)[NH]2.[H][O:10][H].[Cl-]>>[Cl-].[H][O+:10]([H])[C:20]1([NH:21]C6=CC=CC=C6)[O][CH](CC)C(C)[CH](C8=CC=CC=C8)[NH]1 10=20;20,21=21"
"[H][S+:10](C(C)C([H])C(C)[O]1)[C:20]1([O:21]C)[S]C.[Cl-]>>[Cl-].[H][S:10]C(C)C([H])C(C)[O][C:20]([S]C)=[O+:21]C 21=20;20,10=10"
"[H][S+:10](C(C9=CC=CC=C9)C(C8=CC=CC=C8)[O]1)[C:20]1([O:21]C)[O]C7=CC=CC=C7.[Cl-]>>[Cl-].[H][S:10]C(C9=CC=CC=C9)C(C8=CC=CC=C8)[O][C:20]([O]C7=CC=CC=C7)=[O+:21]C 21=20;20,10=10"
"[Si](C)(C)(C)[O+:21]=[C:20]2[S]C([H])C(C8=CC=CC=C8)[O]2.[H][O:10][H].[Cl-]>>[Cl-].[H][O+:10]([H])[C:20]1([O:21][Si](C)(C)(C))[S]C([H])C(C8=CC=CC=C8)[O]1 10=20;20,21=21"
"[H][O:10]C(C)C([H])C(CC)[O][C:20]([O]CC)=[NH+:21][H].[Cl-]>>[Cl-].[H][O+:10](C(C)C([H])C(CC)[O]1)[C:20]1([NH:21][H])[O]CC 10=20;20,21=21"
"[H][O:10]C(CC)C([H])[O][C:20]([O][H])=[NH+:21]C.[Cl-]>>[Cl-].[H][O+:10](C(CC)C([H])[O]1)[C:20]1([NH:21]C)[O][H] 10=20;20,21=21"
"[H][O+:10]([Na])[C:21]([O-:20])(OC)OC>>[O:20]=[C:21](OC)OC.[H][O:10][Na] 20=21;21,10=10"
"[H][S:10]C(C9=CC=CC=C9)C([H])C(C)[S][C:20]([O]C7=CC=CC=C7)=[O+:21][H].[Cl-]>>[Cl-].[H][S+:10](C(C9=CC=CC=C9)C([H])C(C)[S]1)[C:20]1([O:21][H])[O]C7=CC=CC=C7 10=20;20,21=21"
"CCCCCCC1C(C(O[C:20](N1C)([O-:10])[O:21]CCCCCC)[H])C>>CCCCCCC1C(C(O[C:20](=[O:10])N1C)[H])C.[O-:21]CCCCCC 10=20;20,21=21"
"[H][O+:10](C(CC)C(C)[NH]1)[C:20]1([NH:21]C)[NH]C7=CC=CC=C7.[Cl-]>>[Cl-].[H][O:10]C(CC)C(C)[NH][C:20]([NH]C7=CC=CC=C7)=[NH+:21]C 21=20;20,10=10"
"[H][NH:10]C.C1CC(=O)N(C1=O)O[C:20](=[O:21])OC1=CC=CC=C1>>[H][NH+:10]([C:20]([O-:21])(ON1C(=O)CCC1=O)OC1=CC=CC=C1)C 10=20;20,21=21"
"CCN([C:20](=[O:10])OC(C(C([O-:21])C1=CC=CC=C1)CC)[H])C>>CCN([C:20]1(OC(C(C([O:21]1)C1=CC=CC=C1)CC)[H])[O-:10])C 21=20;20,10=10"
"[H][O:10]C(C9=CC=CC=C9)C(C)[S][C:20]([S]C)=[O+:21]C.[Cl-]>>[Cl-].[H][O+:10](C(C9=CC=CC=C9)C(C)[S]1)[C:20]1([O:21]C)[S]C 10=20;20,21=21"
"CCCCCCN([C:20]([O-:10])([O:21]N1C(=O)CCC1=O)O[H])C>>CCCCCCN([C:20](=[O:10])O[H])C.C1CC(=O)N(C1=O)[O-:21] 10=20;20,21=21"
"CN([C:20](=[O:10])OC(C(C([O-:21])CC)CCCCCC)[H])[H]>>CN([C:20]1(OC(C(C([O:21]1)CC)CCCCCC)[H])[O-:10])[H] 21=20;20,10=10"
"C1(C([O:21][C:20](O1)([O-:10])OCCCCCC)CC)C>>C(C(O[C:20](=[O:10])OCCCCCC)C)([O-:21])CC 10=20;20,21=21"
"[O-:21][C:20]1(OC)[NH+:10](C)C(C)C([H])C1O>>[NH:10](C)C(C)C([H])C([C:20](OC)=[O:21])O 21=20;20,10=10"
"[O-:21][C:20]1(OCC)[NH+:10]([H])C(C)C(C)C1O>>[NH:10]([H])C(C)C(C)C([C:20](OCC)=[O:21])O 21=20;20,10=10"
"[H][S+:10](C(C)C(C)[O]1)[C:20]1([O:21][Si](C)(C)(C))[S][H].[Cl-]>>[Cl-].[H][S:10]C(C)C(C)[O][C:20]([S][H])=[O+:21][Si](C)(C)(C) 21=20;20,10=10"
"[O-:21][C:20]1(OC)C([H])C([H])C(C)C(CC)[O+:10]1([Na])>>[O:10]([Na])C(CC)C(C)C([H])C([H])[C:20](OC)=[O:21] 21=20;20,10=10"
"CC[O+:10]([H])[C:20]1([NH:21]CC)[O]C([H])C(C)[O]1.[Cl-]>>[Cl-].CC[NH+:21]=[C:20]2[O]C([H])C(C)[O]2.CC[O:10][H] 21=20;20,10=10"
"[H][S:10]C(C9=CC=CC=C9)C(C)C(C)[S][C:20]([O]C7=CC=CC=C7)=[O+:21]C.[Cl-]>>[Cl-].[H][S+:10](C(C9=CC=CC=C9)C(C)C(C)[S]1)[C:20]1([O:21]C)[O]C7=CC=CC=C7 10=20;20,21=21"
"CCC1C(C(O[C:20](N1CCCCCC)([O-:10])[Cl:21])C)[H]>>CCC1C(C(O[C:20](=[O:10])N1CCCCCC)C)[H].[Cl-:21] 10=20;20,21=21"
"C1=CC=CC=C1N([C:20](=[O:10])OCC)[H].[O-:21]CC>>C1=CC=CC=C1N([C:20]([O-:10])(OCC)[O:21]CC)[H] 21=20;20,10=10"
"C6=CC=CC=C6[NH+:21]=[C:20]2[NH][CH](C)[CH](C)C(C)[NH]2.[H][NH:10][H].[Cl-]>>[Cl-].[H][NH+:10]([H])[C:20]1([NH:21]C6=CC=CC=C6)[NH][CH](C)C(C)[CH](C)[NH]1 10=20;20,21=21"
"[H][O+:10](C(CC)C([H])C([H])[S]1)[C:20]1([O:21][H])[O][H].[Cl-]>>[Cl-].[H][O:10]C(CC)C([H])C([H])[S][C:20]([O][H])=[O+:21][H] 21=20;20,10=10"
"[O:10]([Na])C(CCC)/C(C)=C([C:20](C)=[O:21])/C>>[O-:21][C:20]1(C)[O+:10]([Na])C(CCC)C(C)=C1C 10=20;20,21=21"
"[H][O+:21]=[C:20]2[S][CH]([H])[CH]([H])C(C8=CC=CC=C8)[S]2.CC[S:10][H].[Cl-]>>[Cl-].CC[S+:10]([H])[C:20]1([O:21][H])[S][CH]([H])C([H])[CH](C8=CC=CC=C8)[S]1 10=20;20,21=21"
"CCN([C:20]1(OC(C(C([O:21]1)CCCCCC)CC)C1=CC=CC=C1)[O-:10])[H]>>CCN([C:20](=[O:10])OC(C(C([O-:21])CCCCCC)CC)C1=CC=CC=C1)[H] 10=20;20,21=21"
"[O:10]([Na])C([H])C(O)C([C:20]([H])=[O:21])[H]>>[O-:21][C:20]1([H])[O+:10]([Na])C([H])C(O)C1[H] 10=20;20,21=21"
"CC[O+:10]([H])[C:20]1([O:21]C)[O][CH](C)C(C)[CH](C8=CC=CC=C8)[S]1.[Cl-]>>[Cl-].C[O+:21]=[C:20]2[O][CH](C)[CH](C)C(C8=CC=CC=C8)[S]2.CC[O:10][H] 21=20;20,10=10"
"CC[S+:10]([H])[C:20]1([O:21]C)[S][CH](C)C(C)[CH](C)[O]1.[Cl-]>>[Cl-].C[O+:21]=[C:20]2[S][CH](C)[CH](C)C(C)[O]2.CC[S:10][H] 21=20;20,10=10"
"C9=CC=CC=C9[O+:10]([H])[C:20]1([O:21]C)[S]C(C)C(CC)[O]1.[Cl-]>>[Cl-].C[O+:21]=[C:20]2[S]C(C)C(CC)[O]2.C9=CC=CC=C9[O:10][H] 21=20;20,10=10"
"C6=CC=CC=C6[NH+:21]=[C:20]2[NH]C(CC)C(CC)[O]2.C[NH:10][H].[Cl-]>>[Cl-].C[NH+:10]([H])[C:20]1([NH:21]C6=CC=CC=C6)[NH]C(CC)C(CC)[O]1 10=20;20,21=21"
"[Si](C)(C)(C)[O+:21]=[C:20]2[O]C(C7=CC=CC=C7)C(C)[S]2.C9=CC=CC=C9[S:10][H].[Cl-]>>[Cl-].C9=CC=CC=C9[S+:10]([H])[C:20]1([O:21][Si](C)(C)(C))[O]C(C7=CC=CC=C7)C(C)[S]1 10=20;20,21=21"
"CN([C:20]1(OC(C(C([O:21]1)CC)C)[H])[O-:10])C>>CN([C:20](=[O:10])OC(C(C([O-:21])CC)C)[H])C 10=20;20,21=21"
"C[NH+:21]=[C:20]2[NH]C(C)C(C8=CC=CC=C8)[NH]2.C9=CC=CC=C9[O:10][H].[Cl-]>>[Cl-].C9=CC=CC=C9[O+:10]([H])[C:20]1([NH:21]C)[NH]C(C)C(C8=CC=CC=C8)[NH]1 10=20;20,21=21"
"C[NH+:21]=[C:20]2[NH][CH](C7=CC=CC=C7)[CH]([H])C(C8=CC=CC=C8)[O]2.C[NH:10][H].[Cl-]>>[Cl-].C[NH+:10]([H])[C:20]1([NH:21]C)[NH][CH](C7=CC=CC=C7)C([H])[CH](C8=CC=CC=C8)[O]1 10=20;20,21=21"
"C[NH+:21]=[C:20]2[NH]C(CC)C(C)[NH]2.[H][O:10][H].[Cl-]>>[Cl-].[H][O+:10]([H])[C:20]1([NH:21]C)[NH]C(CC)C(C)[NH]1 10=20;20,21=21"
"CCCCCC[O+:10]([K])[C:21]([O-:20])(OCCCCCC)OC>>[O:20]=[C:21](OCCCCCC)OC.CCCCCC[O:10][K] 20=21;21,10=10"
"CN([C:20]([O-:10])(OC)[O:21]CCCCCC)CCCCCC>>CN([C:20](=[O:10])OC)CCCCCC.[O-:21]CCCCCC 10=20;20,21=21"
"C9=CC=CC=C9[O+:10]([H])[C:20]1([NH:21]C6=CC=CC=C6)[NH]C(C7=CC=CC=C7)C(C8=CC=CC=C8)[NH]1.[Cl-]>>[Cl-].C6=CC=CC=C6[NH+:21]=[C:20]2[NH]C(C7=CC=CC=C7)C(C8=CC=CC=C8)[NH]2.C9=CC=CC=C9[O:10][H] 21=20;20,10=10"
"C1(C(O[C:20]([O-:10])([O:21]C1CC)OC1=CC=CC=C1)CCCCCC)C1=CC=CC=C1>>C(C([O-:21])CC)(C(O[C:20](=[O:10])OC1=CC=CC=C1)CCCCCC)C1=CC=CC=C1 10=20;20,21=21"
"C[S+:10]([H])[C:20]1([O:21][Si](C)(C)(C))[S]C(C7=CC=CC=C7)C(C8=CC=CC=C8)[O]1.[Cl-]>>[Cl-].[Si](C)(C)(C)[O+:21]=[C:20]2[S]C(C7=CC=CC=C7)C(C8=CC=CC=C8)[O]2.C[S:10][H] 21=20;20,10=10"
"CC[NH+:21]=[C:20]2[NH][CH](C7=CC=CC=C7)[CH](C)C(C)[NH]2.[H][O:10][H].[Cl-]>>[Cl-].[H][O+:10]([H])[C:20]1([NH:21]CC)[NH][CH](C7=CC=CC=C7)C(C)[CH](C)[NH]1 10=20;20,21=21"
"[Si](C)(C)(C)[O+:21]=[C:20]2[O]C(C)C(C)[S]2.CC[S:10][H].[Cl-]>>[Cl-].CC[S+:10]([H])[C:20]1([O:21][Si](C)(C)(C))[O]C(C)C(C)[S]1 10=20;20,21=21"
"[H][S+:10]([H])[C:20]1([O:21]C)[O][CH](CC)C([H])[CH](C)[O]1.[Cl-]>>[Cl-].C[O+:21]=[C:20]2[O][CH](CC)[CH]([H])C(C)[O]2.[H][S:10][H] 21=20;20,10=10"
"[H][NH+:10](C(CC)C([H])C(C8=CC=CC=C8)[O]1)[C:20]1([NH:21]CC)[NH]CC.[Cl-]>>[Cl-].[H][NH:10]C(CC)C([H])C(C8=CC=CC=C8)[O][C:20]([NH]CC)=[NH+:21]CC 21=20;20,10=10"
"CCCCCCC1C(C(O[C:20](N1C1=CC=CC=C1)([O-:10])[O:21]CCCCCC)CC)C>>CCCCCCC1C(C(O[C:20](=[O:10])N1C1=CC=CC=C1)CC)C.[O-:21]CCCCCC 10=20;20,21=21"
"[H]C1C(C(O[C:20](N1CCCCCC)([O-:10])[O:21]C)C)C>>[H]C1C(C(O[C:20](=[O:10])N1CCCCCC)C)C.[O-:21]C 10=20;20,21=21"
"[H][NH+:10](C(C)C(C)C(CC)[NH]1)[C:20]1([NH:21]C6=CC=CC=C6)[NH][H].[Cl-]>>[Cl-].[H][NH:10]C(C)C(C)C(CC)[NH][C:20]([NH][H])=[NH+:21]C6=CC=CC=C6 21=20;20,10=10"
"CCC1C(C(O[C:20](N1C)([O-:10])[O:21]C)[H])CCCCCC>>CCC1C(C(O[C:20](=[O:10])N1C)[H])CCCCCC.[O-:21]C 10=20;20,21=21"
"C6=CC=CC=C6[NH+:21]=[C:20]2[NH][CH]([H])[CH](C)C(CC)[O]2.C[O:10][H].[Cl-]>>[Cl-].C[O+:10]([H])[C:20]1([NH:21]C6=CC=CC=C6)[NH][CH]([H])C(C)[CH](CC)[O]1 10=20;20,21=21"
"[H][S:10]C(C)C([H])C([H])[S][C:20]([S]CC)=[O+:21][H].[Cl-]>>[Cl-].[H][S+:10](C(C)C([H])C([H])[S]1)[C:20]1([O:21][H])[S]CC 10=20;20,21=21"
"[H][NH:10]C(C9=CC=CC=C9)C([H])C(C)[O][C:20]([O][H])=[NH+:21]C6=CC=CC=C6.[Cl-]>>[Cl-].[H][NH+:10](C(C9=CC=CC=C9)C([H])C(C)[O]1)[C:20]1([NH:21]C6=CC=CC=C6)[O][H] 10=20;20,21=21"
"[H][S+:10](C(C9=CC=CC=C9)C([H])C(CC)[S]1)[C:20]1([O:21][H])[O]C7=CC=CC=C7.[Cl-]>>[Cl-].[H][S:10]C(C9=CC=CC=C9)C([H])C(CC)[S][C:20]([O]C7=CC=CC=C7)=[O+:21][H] 21=20;20,10=10"
"[H][NH:10]C(CC)C([H])C(CC)[NH][C:20]([NH]C7=CC=CC=C7)=[NH+:21]CC.[Cl-]>>[Cl-].[H][NH+:10](C(CC)C([H])C(CC)[NH]1)[C:20]1([NH:21]CC)[NH]C7=CC=CC=C7 10=20;20,21=21"
"C6=CC=CC=C6[NH+:21]=[C:20]2[O][CH](C)[CH](C)C(C)[O]2.[H][NH:10][H].[Cl-]>>[Cl-].[H][NH+:10]([H])[C:20]1([NH:21]C6=CC=CC=C6)[O][CH](C)C(C)[CH](C)[O]1 10=20;20,21=21"
"CCCCCCN([C:20]1(OC(C(C([O:21]1)C)C)CC)[O-:10])C1=CC=CC=C1>>CCCCCCN([C:20](=[O:10])OC(C(C([O-:21])C)C)CC)C1=CC=CC=C1 10=20;20,21=21"
"C[O:10][H].C[NH+:21]=[C:20]([O][H])[NH]CC.[Cl-]>>[Cl-].C[O+:10]([H])[C:20]([NH:21]C)([O][H])[NH]CC 10=20;20,21=21"
"[Li][O+:21]([C:20]([O-:10])(O[H])OC1=CC=CC=C1)CCCCCC>>[Li][O:21]CCCCCC.[C:20](=[O:10])(O[H])OC1=CC=CC=C1 10=20;20,21=21"
"C(C([O-:21])CCCCCC)(C(O[C:20](=[O:10])OCCCCCC)C)C>>C1(C(O[C:20]([O-:10])([O:21]C1CCCCCC)OCCCCCC)C)C 21=20;20,10=10"
"[H][NH+:10](C([H])C([H])C(C)[O]1)[C:20]1([NH:21]C)[O]CC.[Cl-]>>[Cl-].[H][NH:10]C([H])C([H])C(C)[O][C:20]([O]CC)=[NH+:21]C 21=20;20,10=10"
"[H][O+:10](C(CC)C([H])[NH]1)[C:20]1([NH:21]CC)[NH]CC.[Cl-]>>[Cl-].[H][O:10]C(CC)C([H])[NH][C:20]([NH]CC)=[NH+:21]CC 21=20;20,10=10"
"[H][NH+:21]=[C:20]2[NH]C(C)C(CC)[NH]2.[H][O:10][H].[Cl-]>>[Cl-].[H][O+:10]([H])[C:20]1([NH:21][H])[NH]C(C)C(CC)[NH]1 10=20;20,21=21"
"[OH:10]C(C=CC=C1)=C1C(C)C([C:20](C)=[OH+:21])O>>[OH:21][C:20]2(C)C(C(C)C3=C([OH+:10]2)C=CC=C3)O 10=20;20,21=21"
"[H][O+:10](C(C)C(C)C(C8=CC=CC=C8)[NH]1)[C:20]1([NH:21]C6=CC=CC=C6)[O][H].[Cl-]>>[Cl-].[H][O:10]C(C)C(C)C(C8=CC=CC=C8)[NH][C:20]([O][H])=[NH+:21]C6=CC=CC=C6 21=20;20,10=10"
"C1=CC=CC=C1N([C:20]1(OC(C(C([O:21]1)C)CC)CCCCCC)[O-:10])CC>>C1=CC=CC=C1N([C:20](=[O:10])OC(C(C([O-:21])C)CC)CCCCCC)CC 10=20;20,21=21"
"[H][NH:10]C(CC)C([H])C([H])[NH][C:20]([NH]CC)=[NH+:21]CC.[Cl-]>>[Cl-].[H][NH+:10](C(CC)C([H])C([H])[NH]1)[C:20]1([NH:21]CC)[NH]CC 10=20;20,21=21"
"[H][O+:10](C(C9=CC=CC=C9)C([H])[S]1)[C:20]1([O:21]C)[O]C7=CC=CC=C7.[Cl-]>>[Cl-].[H][O:10]C(C9=CC=CC=C9)C([H])[S][C:20]([O]C7=CC=CC=C7)=[O+:21]C 21=20;20,10=10"
"[H][NH+:10](C(CC)C(C8=CC=CC=C8)[O]1)[C:20]1([NH:21]C)[NH]CC.[Cl-]>>[Cl-].[H][NH:10]C(CC)C(C8=CC=CC=C8)[O][C:20]([NH]CC)=[NH+:21]C 21=20;20,10=10"
"[O-:21][C:20]1(OCC)[O:10]C([H])C(C)=C1O>>[O-:10]C([H])/C(C)=C([C:20](OCC)=[O:21])/O 21=20;20,10=10"
"CC[S+:10]([H])[C:20]1([O:21]C)[S][CH](C)C(C)[CH](C)[S]1.[Cl-]>>[Cl-].C[O+:21]=[C:20]2[S][CH](C)[CH](C)C(C)[S]2.CC[S:10][H] 21=20;20,10=10"
"CC[NH+:21]=[C:20]2[NH]C(C)C(C8=CC=CC=C8)[NH]2.[H][NH:10][H].[Cl-]>>[Cl-].[H][NH+:10]([H])[C:20]1([NH:21]CC)[NH]C(C)C(C8=CC=CC=C8)[NH]1 10=20;20,21=21"
"C[O+:21]=[C:20]2[S][CH]([H])[CH]([H])C(C8=CC=CC=C8)[S]2.C9=CC=CC=C9[O:10][H].[Cl-]>>[Cl-].C9=CC=CC=C9[O+:10]([H])[C:20]1([O:21]C)[S][CH]([H])C([H])[CH](C8=CC=CC=C8)[S]1 10=20;20,21=21"
"C9=CC=CC=C9[S+:10]([H])[C:20]1([O:21]C)[S][CH](C)C([H])[CH](C)[O]1.[Cl-]>>[Cl-].C[O+:21]=[C:20]2[S][CH](C)[CH]([H])C(C)[O]2.C9=CC=CC=C9[S:10][H] 21=20;20,10=10"
"[H][O+:21]=[C:20]2[O][CH]([H])[CH]([H])C([H])[S]2.C[S:10][H].[Cl-]>>[Cl-].C[S+:10]([H])[C:20]1([O:21][H])[O][CH]([H])C([H])[CH]([H])[S]1 10=20;20,21=21"
"[OH:10]C(C)C(C)C([C:20](OC)=[OH+:21])[H]>>[OH:21][C:20]1(OC)[OH+:10]C(C)C(C)C1[H] 10=20;20,21=21"
"[H][O+:21]=[C:20]2[O][CH](C7=CC=CC=C7)[CH]([H])C(CC)[O]2.CC[O:10][H].[Cl-]>>[Cl-].CC[O+:10]([H])[C:20]1([O:21][H])[O][CH](C7=CC=CC=C7)C([H])[CH](CC)[O]1 10=20;20,21=21"
"[H][O+:10](C(C9=CC=CC=C9)C([H])C(C)[O]1)[C:20]1([NH:21]CC)[O][H].[Cl-]>>[Cl-].[H][O:10]C(C9=CC=CC=C9)C([H])C(C)[O][C:20]([O][H])=[NH+:21]CC 21=20;20,10=10"
"CC[NH+:10]([H])[C:20]1([NH:21][H])[O]C(C)C([H])[O]1.[Cl-]>>[Cl-].[H][NH+:21]=[C:20]2[O]C(C)C([H])[O]2.CC[NH:10][H] 21=20;20,10=10"
"CC[NH+:21]=[C:20]2[O]C(CC)C(CC)[O]2.C[NH:10][H].[Cl-]>>[Cl-].C[NH+:10]([H])[C:20]1([NH:21]CC)[O]C(CC)C(CC)[O]1 10=20;20,21=21"
"[O:20]=[C:21](OC1=CC=CC=C1)OC1=CC=CC=C1.C1=CC=CC=C1[O:10][Na]>>C1=CC=CC=C1[O+:10]([Na])[C:21]([O-:20])(OC1=CC=CC=C1)OC1=CC=CC=C1 10=21;21,20=20"
"[O-:21][C:20]1(OCC)C(C)C(C)C([H])C([H])[O+:10]1([Na])>>[O:10]([Na])C([H])C([H])C(C)C(C)[C:20](OCC)=[O:21] 21=20;20,10=10"
"[H][NH+:10](C(C)C([H])C(CC)[NH]1)[C:20]1([NH:21]C6=CC=CC=C6)[O]CC.[Cl-]>>[Cl-].[H][NH:10]C(C)C([H])C(CC)[NH][C:20]([O]CC)=[NH+:21]C6=CC=CC=C6 21=20;20,10=10"
"C9=CC=CC=C9[O:10][H].[H][O+:21]=[C:20]([S]CC)[O]C.[Cl-]>>[Cl-].C9=CC=CC=C9[O+:10]([H])[C:20]([O:21][H])([S]CC)[O]C 10=20;20,21=21"
"CCN([C:20]1(OC(C(C([O:21]1)C1=CC=CC=C1)[H])[H])[O-:10])C>>CCN([C:20](=[O:10])OC(C(C([O-:21])C1=CC=CC=C1)[H])[H])C 10=20;20,21=21"
"[H][O+:10]([H])[C:20]1([O:21]C)[S][CH](CC)C(C)[CH](CC)[S]1.[Cl-]>>[Cl-].C[O+:21]=[C:20]2[S][CH](CC)[CH](C)C(CC)[S]2.[H][O:10][H] 21=20;20,10=10"
"C1=CC=CC=C1C1C(C(O[C:20](=[O:10])N1C)[H])CCCCCC.[O-:21]CC>>C1=CC=CC=C1C1C(C(O[C:20](N1C)([O-:10])[O:21]CC)[H])CCCCCC 21=20;20,10=10"
"[H]C1C(C(O[C:20](N1C1=CC=CC=C1)([O-:10])[Cl:21])CC)CCCCCC>>[H]C1C(C(O[C:20](=[O:10])N1C1=CC=CC=C1)CC)CCCCCC.[Cl-:21] 10=20;20,21=21"
"C1=CC=CC=C1C1C(C(O[C:20](=[O:10])N1C1=CC=CC=C1)CCCCCC)C.[O-:21][H]>>C1=CC=CC=C1C1C(C(O[C:20](N1C1=CC=CC=C1)([O-:10])[O:21][H])CCCCCC)C 21=20;20,10=10"
"[Si](C)(C)(C)[O+:21]=[C:20]2[O]C(C)C(C8=CC=CC=C8)[S]2.CC[S:10][H].[Cl-]>>[Cl-].CC[S+:10]([H])[C:20]1([O:21][Si](C)(C)(C))[O]C(C)C(C8=CC=CC=C8)[S]1 10=20;20,21=21"
"C9=CC=CC=C9[NH+:10]([H])[C:20]1([NH:21]C6=CC=CC=C6)[NH][CH](CC)C(C)[CH](C8=CC=CC=C8)[NH]1.[Cl-]>>[Cl-].C6=CC=CC=C6[NH+:21]=[C:20]2[NH][CH](CC)[CH](C)C(C8=CC=CC=C8)[NH]2.C9=CC=CC=C9[NH:10][H] 21=20;20,10=10"
"[H][NH+:10](C(CC)C([H])C(C)[O]1)[C:20]1([NH:21]CC)[O]CC.[Cl-]>>[Cl-].[H][NH:10]C(CC)C([H])C(C)[O][C:20]([O]CC)=[NH+:21]CC 21=20;20,10=10"
"[H]N([C:20](=[O:10])OC(C(C([O-:21])CC)C)CC)CCCCCC>>[H]N([C:20]1(OC(C(C([O:21]1)CC)C)CC)[O-:10])CCCCCC 21=20;20,10=10"
"CCCCCC[O+:10]([Na])[C:21]([O-:20])(OC1=CC=CC=C1)OC1=CC=CC=C1>>[O:20]=[C:21](OC1=CC=CC=C1)OC1=CC=CC=C1.CCCCCC[O:10][Na] 20=21;21,10=10"
"C1CC[N:10](CC1)[CH:20]([I:21])C>>C1CC[N+:10](=[CH:20]C)CC1.[I-:21] 10=20;20,21=21"
"CCCCCCC1C(C(O[C:20](N1C1=CC=CC=C1)([O-:10])[Cl:21])C1=CC=CC=C1)CCCCCC>>CCCCCCC1C(C(O[C:20](=[O:10])N1C1=CC=CC=C1)C1=CC=CC=C1)CCCCCC.[Cl-:21] 10=20;20,21=21"
"[H][S+:10](C(C9=CC=CC=C9)C([H])C(C)[O]1)[C:20]1([O:21]C)[O]CC.[Cl-]>>[Cl-].[H][S:10]C(C9=CC=CC=C9)C([H])C(C)[O][C:20]([O]CC)=[O+:21]C 21=20;20,10=10"
"C1=CC=CC=C1C1C(C(O[C:20](N1CC)([O-:10])[Cl:21])CCCCCC)C>>C1=CC=CC=C1C1C(C(O[C:20](=[O:10])N1CC)CCCCCC)C.[Cl-:21] 10=20;20,21=21"
"[O-:21][C:20]1([H])C(C)C(C)=C([H])C(CC)[O+:10]1([Na])>>[O:10]([Na])C(CC)/C([H])=C(C)\C(C)[C:20]([H])=[O:21] 21=20;20,10=10"
"[H][S+:10](C(C)C([H])[S]1)[C:20]1([O:21]C)[O]CC.[Cl-]>>[Cl-].[H][S:10]C(C)C([H])[S][C:20]([O]CC)=[O+:21]C 21=20;20,10=10"
"C[S+:10]([H])[C:20]1([O:21]C)[O][CH](C)C(C)[CH]([H])[S]1.[Cl-]>>[Cl-].C[O+:21]=[C:20]2[O][CH](C)[CH](C)C([H])[S]2.C[S:10][H] 21=20;20,10=10"
"[H][O+:10](C(CC)C(CC)[NH]1)[C:20]1([NH:21][H])[O]CC.[Cl-]>>[Cl-].[H][O:10]C(CC)C(CC)[NH][C:20]([O]CC)=[NH+:21][H] 21=20;20,10=10"
"[H][O:10]C(C9=CC=CC=C9)C(C)C(C8=CC=CC=C8)[O][C:20]([O]CC)=[O+:21]C.[Cl-]>>[Cl-].[H][O+:10](C(C9=CC=CC=C9)C(C)C(C8=CC=CC=C8)[O]1)[C:20]1([O:21]C)[O]CC 10=20;20,21=21"
"CCCCCCN([C:20]1(OC(C(C([O:21]1)CC)CC)CC)[O-:10])CCCCCC>>CCCCCCN([C:20](=[O:10])OC(C(C([O-:21])CC)CC)CC)CCCCCC 10=20;20,21=21"
"CCN([C:20]1(OC(C(C([O:21]1)CC)[H])C)[O-:10])CCCCCC>>CCN([C:20](=[O:10])OC(C(C([O-:21])CC)[H])C)CCCCCC 10=20;20,21=21"
"C[O+:10]([H])[C:20]1([NH:21][H])[O]C([H])C(CC)[NH]1.[Cl-]>>[Cl-].[H][NH+:21]=[C:20]2[O]C([H])C(CC)[NH]2.C[O:10][H] 21=20;20,10=10"
"[O-:21][C:20]1([H])[O:10]C(CC)C(O)=C1[H]>>[O-:10]C(CC)/C(O)=C([C:20]([H])=[O:21])/[H] 21=20;20,10=10"
"[H][S+:10](C(C)C([H])C(C8=CC=CC=C8)[S]1)[C:20]1([O:21]C)[S]C7=CC=CC=C7.[Cl-]>>[Cl-].[H][S:10]C(C)C([H])C(C8=CC=CC=C8)[S][C:20]([S]C7=CC=CC=C7)=[O+:21]C 21=20;20,10=10"
"[H][S+:10](C(CC)C([H])C(C8=CC=CC=C8)[S]1)[C:20]1([O:21][H])[S]C7=CC=CC=C7.[Cl-]>>[Cl-].[H][S:10]C(CC)C([H])C(C8=CC=CC=C8)[S][C:20]([S]C7=CC=CC=C7)=[O+:21][H] 21=20;20,10=10"
"C[O+:21]=[C:20]2[O][CH](CC)[CH](C)C(C)[S]2.C9=CC=CC=C9[S:10][H].[Cl-]>>[Cl-].C9=CC=CC=C9[S+:10]([H])[C:20]1([O:21]C)[O][CH](CC)C(C)[CH](C)[S]1 10=20;20,21=21"
"[H][O+:10](C(C9=CC=CC=C9)C(C)C([H])[S]1)[C:20]1([O:21][H])[S]C.[Cl-]>>[Cl-].[H][O:10]C(C9=CC=CC=C9)C(C)C([H])[S][C:20]([S]C)=[O+:21][H] 21=20;20,10=10"
"[O-:21][C:20]1([H])C([H])=C(C)C(C)C([H])[NH+:10]1(C)>>[NH:10](C)C([H])C(C)/C(C)=C([H])\[C:20]([H])=[O:21] 21=20;20,10=10"
"[H][NH:10]C([H])C(C)C(C8=CC=CC=C8)[NH][C:20]([NH]C7=CC=CC=C7)=[NH+:21]C6=CC=CC=C6.[Cl-]>>[Cl-].[H][NH+:10](C([H])C(C)C(C8=CC=CC=C8)[NH]1)[C:20]1([NH:21]C6=CC=CC=C6)[NH]C7=CC=CC=C7 10=20;20,21=21"
"C1(C(O[C:20]([O-:10])([O:21]C1CCCCCC)O[H])C1=CC=CC=C1)CCCCCC>>C(C([O-:21])CCCCCC)(C(O[C:20](=[O:10])O[H])C1=CC=CC=C1)CCCCCC 10=20;20,21=21"
"[H][O:10]C(C9=CC=CC=C9)C(C)C(C8=CC=CC=C8)[O][C:20]([O]C7=CC=CC=C7)=[O+:21]C.[Cl-]>>[Cl-].[H][O+:10](C(C9=CC=CC=C9)C(C)C(C8=CC=CC=C8)[O]1)[C:20]1([O:21]C)[O]C7=CC=CC=C7 10=20;20,21=21"
"C[NH+:21]=[C:20]2[NH][CH]([H])[CH](C)C(C8=CC=CC=C8)[NH]2.C[NH:10][H].[Cl-]>>[Cl-].C[NH+:10]([H])[C:20]1([NH:21]C)[NH][CH]([H])C(C)[CH](C8=CC=CC=C8)[NH]1 10=20;20,21=21"
"CCN([C:20]1(OC(C(C([O:21]1)C1=CC=CC=C1)C)C1=CC=CC=C1)[O-:10])[H]>>CCN([C:20](=[O:10])OC(C(C([O-:21])C1=CC=CC=C1)C)C1=CC=CC=C1)[H] 10=20;20,21=21"
"C6=CC=CC=C6[NH+:21]=[C:20]2[NH]C(C7=CC=CC=C7)C([H])[O]2.C9=CC=CC=C9[NH:10][H].[Cl-]>>[Cl-].C9=CC=CC=C9[NH+:10]([H])[C:20]1([NH:21]C6=CC=CC=C6)[NH]C(C7=CC=CC=C7)C([H])[O]1 10=20;20,21=21"
"C[NH+:10]([H])[C:20]([NH:21][H])([NH][H])[O][H].[Cl-]>>[Cl-].C[NH:10][H].[H][NH+:21]=[C:20]([NH][H])[O][H] 21=20;20,10=10"
"C[S+:10]([H])[C:20]1([O:21][H])[S][CH](C7=CC=CC=C7)C(C)[CH](C)[S]1.[Cl-]>>[Cl-].[H][O+:21]=[C:20]2[S][CH](C7=CC=CC=C7)[CH](C)C(C)[S]2.C[S:10][H] 21=20;20,10=10"
"CCCCCCC1C(C(O[C:20](=[O:10])N1C1=CC=CC=C1)[H])[H].[O-:21][H]>>CCCCCCC1C(C(O[C:20](N1C1=CC=CC=C1)([O-:10])[O:21][H])[H])[H] 21=20;20,10=10"
"[H][O+:21]=[C:20]2[S][CH](C)[CH](C)C([H])[S]2.[H][O:10][H].[Cl-]>>[Cl-].[H][O+:10]([H])[C:20]1([O:21][H])[S][CH](C)C(C)[CH]([H])[S]1 10=20;20,21=21"
"[O-:21][C:20]1(OCC)C([H])C(O)C(C)C(C)[O+:10]1([K])>>[O:10]([K])C(C)C(C)C(O)C([H])[C:20](OCC)=[O:21] 21=20;20,10=10"
"[O-:10]C([H])/C([H])=C([H])\C([H])[C:20](C)=[O:21]>>[O-:21][C:20]1(C)C([H])C([H])=C([H])C([H])[O:10]1 10=20;20,21=21"
"[H][NH:10]C(C)C([H])C(CC)[NH][C:20]([NH]C7=CC=CC=C7)=[NH+:21]C.[Cl-]>>[Cl-].[H][NH+:10](C(C)C([H])C(CC)[NH]1)[C:20]1([NH:21]C)[NH]C7=CC=CC=C7 10=20;20,21=21"
"[H][S+:10](C([H])C([H])[S]1)[C:20]1([O:21][Si](C)(C)(C))[O]C7=CC=CC=C7.[Cl-]>>[Cl-].[H][S:10]C([H])C([H])[S][C:20]([O]C7=CC=CC=C7)=[O+:21][Si](C)(C)(C) 21=20;20,10=10"
"C9=CC=CC=C9[O:10][H].[Si](C)(C)(C)[O+:21]=[C:20]([O]C8=CC=CC=C8)[S]C7=CC=CC=C7.[Cl-]>>[Cl-].C9=CC=CC=C9[O+:10]([H])[C:20]([O:21][Si](C)(C)(C))([O]C8=CC=CC=C8)[S]C7=CC=CC=C7 10=20;20,21=21"
"[H][O:10]C(C)C([H])C([H])[O][C:20]([O]CC)=[NH+:21]C6=CC=CC=C6.[Cl-]>>[Cl-].[H][O+:10](C(C)C([H])C([H])[O]1)[C:20]1([NH:21]C6=CC=CC=C6)[O]CC 10=20;20,21=21"
"CCCCCCN([C:20](=[O:10])OC(C(C([O-:21])C1=CC=CC=C1)CCCCCC)[H])C>>CCCCCCN([C:20]1(OC(C(C([O:21]1)C1=CC=CC=C1)CCCCCC)[H])[O-:10])C 21=20;20,10=10"
"CC[S+:10]([H])[C:20]1([O:21]C)[S][CH]([H])C([H])[CH](C)[O]1.[Cl-]>>[Cl-].C[O+:21]=[C:20]2[S][CH]([H])[CH]([H])C(C)[O]2.CC[S:10][H] 21=20;20,10=10"
"[H][O+:10](C(C)C(C)C(C8=CC=CC=C8)[NH]1)[C:20]1([NH:21]C)[O]C7=CC=CC=C7.[Cl-]>>[Cl-].[H][O:10]C(C)C(C)C(C8=CC=CC=C8)[NH][C:20]([O]C7=CC=CC=C7)=[NH+:21]C 21=20;20,10=10"
"[H][NH+:10](C(C)C(C)C(CC)[NH]1)[C:20]1([NH:21]CC)[O][H].[Cl-]>>[Cl-].[H][NH:10]C(C)C(C)C(CC)[NH][C:20]([O][H])=[NH+:21]CC 21=20;20,10=10"
"CC[NH+:21]=[C:20]2[O]C(CC)C(CC)[O]2.CC[O:10][H].[Cl-]>>[Cl-].CC[O+:10]([H])[C:20]1([NH:21]CC)[O]C(CC)C(CC)[O]1 10=20;20,21=21"
"[H][NH+:21]=[C:20]2[O]C(C7=CC=CC=C7)C(C)[NH]2.C[NH:10][H].[Cl-]>>[Cl-].C[NH+:10]([H])[C:20]1([NH:21][H])[O]C(C7=CC=CC=C7)C(C)[NH]1 10=20;20,21=21"
"[H][O:10]C(C9=CC=CC=C9)C(C8=CC=CC=C8)[NH][C:20]([O]C7=CC=CC=C7)=[NH+:21][H].[Cl-]>>[Cl-].[H][O+:10](C(C9=CC=CC=C9)C(C8=CC=CC=C8)[NH]1)[C:20]1([NH:21][H])[O]C7=CC=CC=C7 10=20;20,21=21"
"[O-:21][C:20]1([H])C([H])C([H])C(C)C(CCC)[O:10]1>>[O-:10]C(CCC)C(C)C([H])C([H])[C:20]([H])=[O:21] 21=20;20,10=10"
"C1=CC=CC=C1C1C(C(O[C:20](N1CC)([O-:10])[O:21][H])CCCCCC)C>>C1=CC=CC=C1C1C(C(O[C:20](=[O:10])N1CC)CCCCCC)C.[O-:21][H] 10=20;20,21=21"
"CC[NH+:10]([H])[C:20]([NH:21]C)([NH]C8=CC=CC=C8)[O]CC.[Cl-]>>[Cl-].CC[NH:10][H].C[NH+:21]=[C:20]([NH]C8=CC=CC=C8)[O]CC 21=20;20,10=10"
"CCCCCCN([C:20](=[O:10])OC(C(C([O-:21])CCCCCC)[H])C)C1=CC=CC=C1>>CCCCCCN([C:20]1(OC(C(C([O:21]1)CCCCCC)[H])C)[O-:10])C1=CC=CC=C1 21=20;20,10=10"
"C1=CC=CC=C1C1C(O[C:20](N1CC)([O-:10])[O:21][H])CC>>C1=CC=CC=C1C1C(O[C:20](=[O:10])N1CC)CC.[O-:21][H] 10=20;20,21=21"
"[O-:21][C:20]1([H])C(C)C([H])C([H])C(CC)[O+:10]1([K])>>[O:10]([K])C(CC)C([H])C([H])C(C)[C:20]([H])=[O:21] 21=20;20,10=10"
"C9=CC=CC=C9[NH:10][H].C6=CC=CC=C6[NH+:21]=[C:20]([O]C)[O]C.[Cl-]>>[Cl-].C9=CC=CC=C9[NH+:10]([H])[C:20]([NH:21]C6=CC=CC=C6)([O]C)[O]C 10=20;20,21=21"
"CN([C:20](=[O:10])OC(C(C([O-:21])[H])CCCCCC)CCCCCC)CCCCCC>>CN([C:20]1(OC(C(C([O:21]1)[H])CCCCCC)CCCCCC)[O-:10])CCCCCC 21=20;20,10=10"
"[H][O+:10]([H])[C:20]1([O:21][H])[S][CH](C7=CC=CC=C7)C([H])[CH](C)[S]1.[Cl-]>>[Cl-].[H][O+:21]=[C:20]2[S][CH](C7=CC=CC=C7)[CH]([H])C(C)[S]2.[H][O:10][H] 21=20;20,10=10"
"[Na][O+:21]([C:20]([O-:10])(O[H])O[H])[H]>>[Na][O:21][H].[C:20](=[O:10])(O[H])O[H] 10=20;20,21=21"
"CC[O+:10]([H])[C:20]([NH:21]C6=CC=CC=C6)([O]CC)[NH]C.[Cl-]>>[Cl-].CC[O:10][H].C6=CC=CC=C6[NH+:21]=[C:20]([O]CC)[NH]C 21=20;20,10=10"
"[H][NH:10]C(C)C([H])[O][C:20]([NH]CC)=[NH+:21][H].[Cl-]>>[Cl-].[H][NH+:10](C(C)C([H])[O]1)[C:20]1([NH:21][H])[NH]CC 10=20;20,21=21"
"[O-:21][C:20]1(OC)C([H])C(C)C([H])C(C)[O+:10]1([Na])>>[O:10]([Na])C(C)C([H])C(C)C([H])[C:20](OC)=[O:21] 21=20;20,10=10"
"CC[O+:10]([H])[C:20]1([NH:21]C6=CC=CC=C6)[O][CH]([H])C([H])[CH]([H])[NH]1.[Cl-]>>[Cl-].C6=CC=CC=C6[NH+:21]=[C:20]2[O][CH]([H])[CH]([H])C([H])[NH]2.CC[O:10][H] 21=20;20,10=10"
"[H][O:10]C(CC)C(C)C(C)[S][C:20]([S]C)=[O+:21]C.[Cl-]>>[Cl-].[H][O+:10](C(CC)C(C)C(C)[S]1)[C:20]1([O:21]C)[S]C 10=20;20,21=21"
"CCCCCCC1C(C(O[C:20](N1CC)([O-:10])[O:21]C1=CC=CC=C1)CC)[H]>>CCCCCCC1C(C(O[C:20](=[O:10])N1CC)CC)[H].[O-:21]C1=CC=CC=C1 10=20;20,21=21"
"CCCCCCC1C(C(O[C:20](N1C)([O-:10])[O:21]C)[H])CCCCCC>>CCCCCCC1C(C(O[C:20](=[O:10])N1C)[H])CCCCCC.[O-:21]C 10=20;20,21=21"
"[H][S+:10]([H])[C:20]1([O:21][H])[S]C(C)C(CC)[O]1.[Cl-]>>[Cl-].[H][O+:21]=[C:20]2[S]C(C)C(CC)[O]2.[H][S:10][H] 21=20;20,10=10"
"C1=CC=CC=C1N([C:20](=[O:10])OC(C(C([O-:21])C1=CC=CC=C1)CCCCCC)CCCCCC)CC>>C1=CC=CC=C1N([C:20]1(OC(C(C([O:21]1)C1=CC=CC=C1)CCCCCC)CCCCCC)[O-:10])CC 21=20;20,10=10"
"C[O+:10]([H])[C:20]1([NH:21][H])[O]C(C7=CC=CC=C7)C(C8=CC=CC=C8)[O]1.[Cl-]>>[Cl-].[H][NH+:21]=[C:20]2[O]C(C7=CC=CC=C7)C(C8=CC=CC=C8)[O]2.C[O:10][H] 21=20;20,10=10"
"[H][NH:10]C(C)C([H])C(C8=CC=CC=C8)[NH][C:20]([NH]C)=[NH+:21]C6=CC=CC=C6.[Cl-]>>[Cl-].[H][NH+:10](C(C)C([H])C(C8=CC=CC=C8)[NH]1)[C:20]1([NH:21]C6=CC=CC=C6)[NH]C 10=20;20,21=21"
"C[S+:10]([H])[C:20]([O:21][Si](C)(C)(C))([O][H])[O]CC.[Cl-]>>[Cl-].C[S:10][H].[Si](C)(C)(C)[O+:21]=[C:20]([O][H])[O]CC 21=20;20,10=10"
"[OH:21][C:20]1([H])[OH+:10]C(CC)C(C)=C1[H]>>[OH:10]C(CC)/C(C)=C([C:20]([H])=[OH+:21])/[H] 21=20;20,10=10"
"[H][O:10]C(CC)C(C)[S][C:20]([O]C7=CC=CC=C7)=[O+:21][Si](C)(C)(C).[Cl-]>>[Cl-].[H][O+:10](C(CC)C(C)[S]1)[C:20]1([O:21][Si](C)(C)(C))[O]C7=CC=CC=C7 10=20;20,21=21"
"[H][O:10]C(C)C([H])C([H])[NH][C:20]([O]CC)=[NH+:21][H].[Cl-]>>[Cl-].[H][O+:10](C(C)C([H])C([H])[NH]1)[C:20]1([NH:21][H])[O]CC 10=20;20,21=21"
"[OH:10]C(CCC)C([H])C(O)C([H])[C:20](OCC)=[OH+:21]>>[OH:21][C:20]1(OCC)C([H])C(O)C([H])C(CCC)[OH+:10]1 10=20;20,21=21"
"CC1C(C(O[C:20](=[O:10])N1C1=CC=CC=C1)[H])CC.[O-:21]CCCCCC>>CC1C(C(O[C:20](N1C1=CC=CC=C1)([O-:10])[O:21]CCCCCC)[H])CC 21=20;20,10=10"
"[H][NH:10]C(C9=CC=CC=C9)C(C)C([H])[NH][C:20]([O]C)=[NH+:21]C6=CC=CC=C6.[Cl-]>>[Cl-].[H][NH+:10](C(C9=CC=CC=C9)C(C)C([H])[NH]1)[C:20]1([NH:21]C6=CC=CC=C6)[O]C 10=20;20,21=21"
"C9=CC=CC=C9[NH+:10]([H])[C:20]1([NH:21]CC)[NH][CH](C7=CC=CC=C7)C(C)[CH]([H])[NH]1.[Cl-]>>[Cl-].CC[NH+:21]=[C:20]2[NH][CH](C7=CC=CC=C7)[CH](C)C([H])[NH]2.C9=CC=CC=C9[NH:10][H] 21=20;20,10=10"
"[O-:21][C:20]1([H])[O:10]C([H])C(C)N1[H]>>[O-:10]C([H])C(C)N([C:20]([H])=[O:21])[H] 21=20;20,10=10"
"[H][NH:10]C(C9=CC=CC=C9)C(C)C(C8=CC=CC=C8)[NH][C:20]([O]C)=[NH+:21][H].[Cl-]>>[Cl-].[H][NH+:10](C(C9=CC=CC=C9)C(C)C(C8=CC=CC=C8)[NH]1)[C:20]1([NH:21][H])[O]C 10=20;20,21=21"
"[H][NH+:10](C([H])C([H])C(C)[O]1)[C:20]1([NH:21]CC)[NH]C.[Cl-]>>[Cl-].[H][NH:10]C([H])C([H])C(C)[O][C:20]([NH]C)=[NH+:21]CC 21=20;20,10=10"
"[H][S+:10](C(C9=CC=CC=C9)C(C)[O]1)[C:20]1([O:21][H])[S]C.[Cl-]>>[Cl-].[H][S:10]C(C9=CC=CC=C9)C(C)[O][C:20]([S]C)=[O+:21][H] 21=20;20,10=10"
"CCCCCCC1C(O[C:20](=[O:10])N1CCCCCC)CCCCCC.[O-:21]CCCCCC>>CCCCCCC1C(O[C:20](N1CCCCCC)([O-:10])[O:21]CCCCCC)CCCCCC 21=20;20,10=10"
"[H][NH:10]C([H])C([H])[NH][C:20]([O]C7=CC=CC=C7)=[NH+:21]C6=CC=CC=C6.[Cl-]>>[Cl-].[H][NH+:10](C([H])C([H])[NH]1)[C:20]1([NH:21]C6=CC=CC=C6)[O]C7=CC=CC=C7 10=20;20,21=21"
"[H][NH:10]C(C9=CC=CC=C9)C([H])[NH][C:20]([O]CC)=[NH+:21]CC.[Cl-]>>[Cl-].[H][NH+:10](C(C9=CC=CC=C9)C([H])[NH]1)[C:20]1([NH:21]CC)[O]CC 10=20;20,21=21"
"[H]C1C(C(O[C:20](N1CCCCCC)([O-:10])[Cl:21])CC)C>>[H]C1C(C(O[C:20](=[O:10])N1CCCCCC)CC)C.[Cl-:21] 10=20;20,21=21"
"C6=CC=CC=C6[NH+:21]=[C:20]2[O][CH]([H])[CH](C)C(C)[O]2.C[O:10][H].[Cl-]>>[Cl-].C[O+:10]([H])[C:20]1([NH:21]C6=CC=CC=C6)[O][CH]([H])C(C)[CH](C)[O]1 10=20;20,21=21"
"[H][S+:10](C(C)C([H])C(C8=CC=CC=C8)[O]1)[C:20]1([O:21]C)[O]C.[Cl-]>>[Cl-].[H][S:10]C(C)C([H])C(C8=CC=CC=C8)[O][C:20]([O]C)=[O+:21]C 21=20;20,10=10"
"[O-:21][C:20]1(OC)[O:10]C(CCC)C(O)C1[H]>>[O-:10]C(CCC)C(O)C([C:20](OC)=[O:21])[H] 21=20;20,10=10"
"C9=CC=CC=C9[NH+:10]([H])[C:20]([NH:21]C)([O]C8=CC=CC=C8)[NH]CC.[Cl-]>>[Cl-].C9=CC=CC=C9[NH:10][H].C[NH+:21]=[C:20]([O]C8=CC=CC=C8)[NH]CC 21=20;20,10=10"
"[H][O:10]C([H])C([H])C(CC)[S][C:20]([O]C7=CC=CC=C7)=[O+:21][H].[Cl-]>>[Cl-].[H][O+:10](C([H])C([H])C(CC)[S]1)[C:20]1([O:21][H])[O]C7=CC=CC=C7 10=20;20,21=21"
"[H][O+:10](C(CC)C([H])[NH]1)[C:20]1([NH:21]C6=CC=CC=C6)[O]C7=CC=CC=C7.[Cl-]>>[Cl-].[H][O:10]C(CC)C([H])[NH][C:20]([O]C7=CC=CC=C7)=[NH+:21]C6=CC=CC=C6 21=20;20,10=10"
"[OH:21][C:20]1([H])[OH+:10]C(C)C(C)C1[H]>>[OH:10]C(C)C(C)C([C:20]([H])=[OH+:21])[H] 21=20;20,10=10"
"[H][O+:10]([H])[C:20]([NH:21]CC)([NH]C8=CC=CC=C8)[NH]C7=CC=CC=C7.[Cl-]>>[Cl-].[H][O:10][H].CC[NH+:21]=[C:20]([NH]C8=CC=CC=C8)[NH]C7=CC=CC=C7 21=20;20,10=10"
"C[NH+:10]([H])[C:20]([NH:21]C)([O]CC)[O]C.[Cl-]>>[Cl-].C[NH:10][H].C[NH+:21]=[C:20]([O]CC)[O]C 21=20;20,10=10"
"[H][S+:10](C([H])C([H])C([H])[S]1)[C:20]1([O:21][H])[S][H].[Cl-]>>[Cl-].[H][S:10]C([H])C([H])C([H])[S][C:20]([S][H])=[O+:21][H] 21=20;20,10=10"
"C[S+:10]([H])[C:20]1([O:21]C)[S]C(C7=CC=CC=C7)C(CC)[O]1.[Cl-]>>[Cl-].C[O+:21]=[C:20]2[S]C(C7=CC=CC=C7)C(CC)[O]2.C[S:10][H] 21=20;20,10=10"
"[H][NH+:10](C(CC)C([H])[O]1)[C:20]1([NH:21]CC)[O][H].[Cl-]>>[Cl-].[H][NH:10]C(CC)C([H])[O][C:20]([O][H])=[NH+:21]CC 21=20;20,10=10"
"CC1C(C(O[C:20](N1C1=CC=CC=C1)([O-:10])[Cl:21])CCCCCC)C1=CC=CC=C1>>CC1C(C(O[C:20](=[O:10])N1C1=CC=CC=C1)CCCCCC)C1=CC=CC=C1.[Cl-:21] 10=20;20,21=21"
"C1=CC=CC=C1N([C:20](=[O:10])OC(C(C([O-:21])CCCCCC)C)C)[H]>>C1=CC=CC=C1N([C:20]1(OC(C(C([O:21]1)CCCCCC)C)C)[O-:10])[H] 21=20;20,10=10"
"C1=CC=CC=C1N([C:20](=[O:10])OCC)C.[O-:21]CC>>C1=CC=CC=C1N([C:20]([O-:10])(OCC)[O:21]CC)C 21=20;20,10=10"
"[OH:10]C([H])C([H])C(C)C([H])[C:20](OCC)=[OH+:21]>>[OH:21][C:20]1(OCC)C([H])C(C)C([H])C([H])[OH+:10]1 10=20;20,21=21"
"CCC1C(C(O[C:20](=[O:10])N1[H])CC)[H].[O-:21]CC>>CCC1C(C(O[C:20](N1[H])([O-:10])[O:21]CC)CC)[H] 21=20;20,10=10"
"[H][O+:10]([H])[C:20]([NH:21][H])([NH]CC)[NH]CC.[Cl-]>>[Cl-].[H][O:10][H].[H][NH+:21]=[C:20]([NH]CC)[NH]CC 21=20;20,10=10"
"[H][NH+:21]=[C:20]2[O][CH](C7=CC=CC=C7)[CH](C)C(C8=CC=CC=C8)[O]2.CC[NH:10][H].[Cl-]>>[Cl-].CC[NH+:10]([H])[C:20]1([NH:21][H])[O][CH](C7=CC=CC=C7)C(C)[CH](C8=CC=CC=C8)[O]1 10=20;20,21=21"
"C[O+:10]([K])[C:21]([O-:20])(OCC)OCCCCCC>>[O:20]=[C:21](OCC)OCCCCCC.C[O:10][K] 20=21;21,10=10"
"[H][S+:10](C(CC)C(C)[S]1)[C:20]1([O:21][H])[S][H].[Cl-]>>[Cl-].[H][S:10]C(CC)C(C)[S][C:20]([S][H])=[O+:21][H] 21=20;20,10=10"
"[O-:21][C:20]1(OCC)C(C)C([H])C([H])C([H])[NH+:10]1(C)>>[NH:10](C)C([H])C([H])C([H])C(C)[C:20](OCC)=[O:21] 21=20;20,10=10"
"[H][O+:10](C(CC)C(C)C([H])[O]1)[C:20]1([NH:21]C6=CC=CC=C6)[O]C.[Cl-]>>[Cl-].[H][O:10]C(CC)C(C)C([H])[O][C:20]([O]C)=[NH+:21]C6=CC=CC=C6 21=20;20,10=10"
"[H][NH+:21]=[C:20]2[NH]C([H])C([H])[O]2.[H][NH:10][H].[Cl-]>>[Cl-].[H][NH+:10]([H])[C:20]1([NH:21][H])[NH]C([H])C([H])[O]1 10=20;20,21=21"
"[H][NH+:10](C([H])C([H])C(CC)[O]1)[C:20]1([NH:21]CC)[O]CC.[Cl-]>>[Cl-].[H][NH:10]C([H])C([H])C(CC)[O][C:20]([O]CC)=[NH+:21]CC 21=20;20,10=10"
"C1=CC=CC=C1[O:10][C:20]([O-:21])(O[H])OC1=CC=CC=C1>>[O:21]=[C:20](O[H])OC1=CC=CC=C1.[O-:10]C1=CC=CC=C1 21=20;20,10=10"
"CN([C:20]1(OC(C(C([O:21]1)[H])C)C1=CC=CC=C1)[O-:10])[H]>>CN([C:20](=[O:10])OC(C(C([O-:21])[H])C)C1=CC=CC=C1)[H] 10=20;20,21=21"
"CC1C(C(O[C:20](=[O:10])N1C1=CC=CC=C1)[H])CCCCCC.[O-:21]C>>CC1C(C(O[C:20](N1C1=CC=CC=C1)([O-:10])[O:21]C)[H])CCCCCC 21=20;20,10=10"
"[H][O+:10](C([H])C([H])C(CC)[O]1)[C:20]1([NH:21]CC)[O][H].[Cl-]>>[Cl-].[H][O:10]C([H])C([H])C(CC)[O][C:20]([O][H])=[NH+:21]CC 21=20;20,10=10"
"[H][NH+:10](C(C)C(C8=CC=CC=C8)[O]1)[C:20]1([NH:21]C)[O]CC.[Cl-]>>[Cl-].[H][NH:10]C(C)C(C8=CC=CC=C8)[O][C:20]([O]CC)=[NH+:21]C 21=20;20,10=10"
"CC[O+:10]([H])[C:20]1([O:21][Si](C)(C)(C))[S]C(C)C(C8=CC=CC=C8)[O]1.[Cl-]>>[Cl-].[Si](C)(C)(C)[O+:21]=[C:20]2[S]C(C)C(C8=CC=CC=C8)[O]2.CC[O:10][H] 21=20;20,10=10"
"[O:10]([K])C(CCC)C([H])C([C:20](OC)=[O:21])[H]>>[O-:21][C:20]1(OC)[O+:10]([K])C(CCC)C([H])C1[H] 10=20;20,21=21"
"CCCCCCC1C(O[C:20](N1[H])([O-:10])[O:21]C1=CC=CC=C1)CCCCCC>>CCCCCCC1C(O[C:20](=[O:10])N1[H])CCCCCC.[O-:21]C1=CC=CC=C1 10=20;20,21=21"
"C1=CC=CC=C1N([C:20]1(OC(C(C([O:21]1)CC)[H])[H])[O-:10])[H]>>C1=CC=CC=C1N([C:20](=[O:10])OC(C(C([O-:21])CC)[H])[H])[H] 10=20;20,21=21"
"C9=CC=CC=C9[S+:10]([H])[C:20]1([O:21][Si](C)(C)(C))[O]C(C)C(CC)[O]1.[Cl-]>>[Cl-].[Si](C)(C)(C)[O+:21]=[C:20]2[O]C(C)C(CC)[O]2.C9=CC=CC=C9[S:10][H] 21=20;20,10=10"
"[Na][O+:21]([C:20]([O-:10])(OC1=CC=CC=C1)OC1=CC=CC=C1)C>>[Na][O:21]C.[C:20](=[O:10])(OC1=CC=CC=C1)OC1=CC=CC=C1 10=20;20,21=21"
"C[NH+:10]([H])[C:20]1([NH:21]C6=CC=CC=C6)[NH][CH](C7=CC=CC=C7)C(C)[CH]([H])[O]1.[Cl-]>>[Cl-].C6=CC=CC=C6[NH+:21]=[C:20]2[NH][CH](C7=CC=CC=C7)[CH](C)C([H])[O]2.C[NH:10][H] 21=20;20,10=10"
"C6=CC=CC=C6[NH+:21]=[C:20]2[O][CH](C7=CC=CC=C7)[CH](C)C([H])[O]2.CC[O:10][H].[Cl-]>>[Cl-].CC[O+:10]([H])[C:20]1([NH:21]C6=CC=CC=C6)[O][CH](C7=CC=CC=C7)C(C)[CH]([H])[O]1 10=20;20,21=21"
"CC[NH+:10]([H])[C:20]1([NH:21]C)[O][CH](C7=CC=CC=C7)C([H])[CH](CC)[NH]1.[Cl-]>>[Cl-].C[NH+:21]=[C:20]2[O][CH](C7=CC=CC=C7)[CH]([H])C(CC)[NH]2.CC[NH:10][H] 21=20;20,10=10"
"C[NH+:10]([H])[C:20]1([NH:21]C)[NH][CH]([H])C([H])[CH](C8=CC=CC=C8)[O]1.[Cl-]>>[Cl-].C[NH+:21]=[C:20]2[NH][CH]([H])[CH]([H])C(C8=CC=CC=C8)[O]2.C[NH:10][H] 21=20;20,10=10"
"[H][O+:21]=[C:20]2[S][CH]([H])[CH]([H])C(C8=CC=CC=C8)[S]2.C9=CC=CC=C9[S:10][H].[Cl-]>>[Cl-].C9=CC=CC=C9[S+:10]([H])[C:20]1([O:21][H])[S][CH]([H])C([H])[CH](C8=CC=CC=C8)[S]1 10=20;20,21=21"
"[H][NH+:10](C([H])C(C)C(C8=CC=CC=C8)[O]1)[C:20]1([NH:21][H])[O][H].[Cl-]>>[Cl-].[H][NH:10]C([H])C(C)C(C8=CC=CC=C8)[O][C:20]([O][H])=[NH+:21][H] 21=20;20,10=10"
"[H][S:10]C(C9=CC=CC=C9)C(C)C(CC)[O][C:20]([O]CC)=[O+:21]C.[Cl-]>>[Cl-].[H][S+:10](C(C9=CC=CC=C9)C(C)C(CC)[O]1)[C:20]1([O:21]C)[O]CC 10=20;20,21=21"
"[O-:21][C:20]1(OC)C(C)C([H])=C([H])C(CCC)[O+:10]1([Na])>>[O:10]([Na])C(CCC)/C([H])=C([H])\C(C)[C:20](OC)=[O:21] 21=20;20,10=10"
"[NH:10](C)C(C)C([H])/C([H])=C(C)\[C:20](OCC)=[O:21]>>[O-:21][C:20]1(OCC)C(C)=C([H])C([H])C(C)[NH+:10]1(C) 10=20;20,21=21"
"[H][O:10]C([H])C(C)C(C8=CC=CC=C8)[NH][C:20]([O][H])=[NH+:21]C6=CC=CC=C6.[Cl-]>>[Cl-].[H][O+:10](C([H])C(C)C(C8=CC=CC=C8)[NH]1)[C:20]1([NH:21]C6=CC=CC=C6)[O][H] 10=20;20,21=21"
"[OH:10]C(C)C(C)C([H])C(C)[C:20](C)=[OH+:21]>>[OH:21][C:20]1(C)C(C)C([H])C(C)C(C)[OH+:10]1 10=20;20,21=21"
"[H][O+:10](C(C9=CC=CC=C9)C(C)C(CC)[O]1)[C:20]1([O:21]C)[S]CC.[Cl-]>>[Cl-].[H][O:10]C(C9=CC=CC=C9)C(C)C(CC)[O][C:20]([S]CC)=[O+:21]C 21=20;20,10=10"
"C[O+:21]=[C:20]2[S][CH]([H])[CH]([H])C(CC)[S]2.C9=CC=CC=C9[S:10][H].[Cl-]>>[Cl-].C9=CC=CC=C9[S+:10]([H])[C:20]1([O:21]C)[S][CH]([H])C([H])[CH](CC)[S]1 10=20;20,21=21"
"[H][S+:10](C(CC)C(C)C(C8=CC=CC=C8)[S]1)[C:20]1([O:21][H])[S]C.[Cl-]>>[Cl-].[H][S:10]C(CC)C(C)C(C8=CC=CC=C8)[S][C:20]([S]C)=[O+:21][H] 21=20;20,10=10"
"CC[S+:10]([H])[C:20]1([O:21][Si](C)(C)(C))[S]C(C7=CC=CC=C7)C(C)[O]1.[Cl-]>>[Cl-].[Si](C)(C)(C)[O+:21]=[C:20]2[S]C(C7=CC=CC=C7)C(C)[O]2.CC[S:10][H] 21=20;20,10=10"
"[H][NH+:10](C(C)C(C8=CC=CC=C8)[O]1)[C:20]1([NH:21]C6=CC=CC=C6)[NH][H].[Cl-]>>[Cl-].[H][NH:10]C(C)C(C8=CC=CC=C8)[O][C:20]([NH][H])=[NH+:21]C6=CC=CC=C6 21=20;20,10=10"
"CCCCCCN([C:20]1(OC(C([O:21]1)C1=CC=CC=C1)CCCCCC)[O-:10])[H]>>CCCCCCN([C:20](=[O:10])OC(C([O-:21])C1=CC=CC=C1)CCCCCC)[H] 10=20;20,21=21"
"[H][O+:21]=[C:20]2[O][CH](CC)[CH]([H])C([H])[O]2.C[O:10][H].[Cl-]>>[Cl-].C[O+:10]([H])[C:20]1([O:21][H])[O][CH](CC)C([H])[CH]([H])[O]1 10=20;20,21=21"
"[H][O+:10](C(C)C(C)[S]1)[C:20]1([O:21]C)[O]CC.[Cl-]>>[Cl-].[H][O:10]C(C)C(C)[S][C:20]([O]CC)=[O+:21]C 21=20;20,10=10"
"[H][NH+:21]=[C:20]2[O][CH]([H])[CH](C)C([H])[O]2.[H][NH:10][H].[Cl-]>>[Cl-].[H][NH+:10]([H])[C:20]1([NH:21][H])[O][CH]([H])C(C)[CH]([H])[O]1 10=20;20,21=21"
"CCCCCCC1C(C(O[C:20](=[O:10])N1[H])CC)[H].[O-:21][H]>>CCCCCCC1C(C(O[C:20](N1[H])([O-:10])[O:21][H])CC)[H] 21=20;20,10=10"
"[H][O+:21]=[C:20]2[S][CH]([H])[CH]([H])C(CC)[O]2.CC[O:10][H].[Cl-]>>[Cl-].CC[O+:10]([H])[C:20]1([O:21][H])[S][CH]([H])C([H])[CH](CC)[O]1 10=20;20,21=21"
"C9=CC=CC=C9[NH+:10]([H])[C:20]([NH:21][H])([O]C)[O]C7=CC=CC=C7.[Cl-]>>[Cl-].C9=CC=CC=C9[NH:10][H].[H][NH+:21]=[C:20]([O]C)[O]C7=CC=CC=C7 21=20;20,10=10"
"C6=CC=CC=C6[NH+:21]=[C:20]2[O]C([H])C(C)[O]2.C[O:10][H].[Cl-]>>[Cl-].C[O+:10]([H])[C:20]1([NH:21]C6=CC=CC=C6)[O]C([H])C(C)[O]1 10=20;20,21=21"
"C6=CC=CC=C6[NH+:21]=[C:20]2[NH][CH](CC)[CH]([H])C(C)[O]2.CC[O:10][H].[Cl-]>>[Cl-].CC[O+:10]([H])[C:20]1([NH:21]C6=CC=CC=C6)[NH][CH](CC)C([H])[CH](C)[O]1 10=20;20,21=21"
"[O:10]([Na])C(CCC)/C([H])=C([C:20](OC)=[O:21])/[H]>>[O-:21][C:20]1(OC)[O+:10]([Na])C(CCC)C([H])=C1[H] 10=20;20,21=21"
"[H][NH+:21]=[C:20]2[O][CH](CC)[CH]([H])C(C8=CC=CC=C8)[NH]2.[H][NH:10][H].[Cl-]>>[Cl-].[H][NH+:10]([H])[C:20]1([NH:21][H])[O][CH](CC)C([H])[CH](C8=CC=CC=C8)[NH]1 10=20;20,21=21"
"[Li][O+:21]([C:20]([O-:10])(OC1=CC=CC=C1)O[H])C1=CC=CC=C1>>[Li][O:21]C1=CC=CC=C1.[C:20](=[O:10])(OC1=CC=CC=C1)O[H] 10=20;20,21=21"
"C[O+:21]=[C:20]2[O][CH]([H])[CH]([H])C(CC)[S]2.C9=CC=CC=C9[O:10][H].[Cl-]>>[Cl-].C9=CC=CC=C9[O+:10]([H])[C:20]1([O:21]C)[O][CH]([H])C([H])[CH](CC)[S]1 10=20;20,21=21"
"CCN([C:20](=[O:10])OC(C(C([O-:21])CC)C)C1=CC=CC=C1)CC>>CCN([C:20]1(OC(C(C([O:21]1)CC)C)C1=CC=CC=C1)[O-:10])CC 21=20;20,10=10"
"C1=CC=CC=C1C1C(C(O[C:20](N1C)([O-:10])[O:21]C1=CC=CC=C1)[H])[H]>>C1=CC=CC=C1C1C(C(O[C:20](=[O:10])N1C)[H])[H].[O-:21]C1=CC=CC=C1 10=20;20,21=21"
"CCC1C(O[C:20](=[O:10])N1CCCCCC)[H].[O-:21]C1=CC=CC=C1>>CCC1C(O[C:20](N1CCCCCC)([O-:10])[O:21]C1=CC=CC=C1)[H] 21=20;20,10=10"
"CC[O+:10]([H])[C:20]([NH:21]C6=CC=CC=C6)([NH]CC)[NH]C7=CC=CC=C7.[Cl-]>>[Cl-].CC[O:10][H].C6=CC=CC=C6[NH+:21]=[C:20]([NH]CC)[NH]C7=CC=CC=C7 21=20;20,10=10"
"[H][NH+:10]([H])[C:20]1([NH:21]CC)[O][CH]([H])C([H])[CH](C)[O]1.[Cl-]>>[Cl-].CC[NH+:21]=[C:20]2[O][CH]([H])[CH]([H])C(C)[O]2.[H][NH:10][H] 21=20;20,10=10"
"C1=CC=CC=C1N([C:20](=[O:10])OC(C([O-:21])CC)C1=CC=CC=C1)CCCCCC>>C1=CC=CC=C1N([C:20]1(OC(C([O:21]1)CC)C1=CC=CC=C1)[O-:10])CCCCCC 21=20;20,10=10"
"C[O+:10]([H])[C:20]1([NH:21]C6=CC=CC=C6)[NH][CH](C)C(C)[CH](C)[NH]1.[Cl-]>>[Cl-].C6=CC=CC=C6[NH+:21]=[C:20]2[NH][CH](C)[CH](C)C(C)[NH]2.C[O:10][H] 21=20;20,10=10"
"CCCCCCN([C:20]1(OC(C(C([O:21]1)C)CC)CC)[O-:10])C1=CC=CC=C1>>CCCCCCN([C:20](=[O:10])OC(C(C([O-:21])C)CC)CC)C1=CC=CC=C1 10=20;20,21=21"
"CCCCCCN([C:20]1(OC(C([O:21]1)[H])CCCCCC)[O-:10])CCCCCC>>CCCCCCN([C:20](=[O:10])OC(C([O-:21])[H])CCCCCC)CCCCCC 10=20;20,21=21"
"[H][S+:10](C([H])C(C)C(C8=CC=CC=C8)[S]1)[C:20]1([O:21]C)[O]C7=CC=CC=C7.[Cl-]>>[Cl-].[H][S:10]C([H])C(C)C(C8=CC=CC=C8)[S][C:20]([O]C7=CC=CC=C7)=[O+:21]C 21=20;20,10=10"
"C1(C(O[C:20]([O-:10])([O:21]C1C)OC1=CC=CC=C1)CCCCCC)[H]>>C(C([O-:21])C)(C(O[C:20](=[O:10])OC1=CC=CC=C1)CCCCCC)[H] 10=20;20,21=21"
"[H]N([C:20](=[O:10])OC1=CC=CC=C1)[H].[O-:21][H]>>[H]N([C:20]([O-:10])(OC1=CC=CC=C1)[O:21][H])[H] 21=20;20,10=10"
"CN([C:20]1(OC(C(C([O:21]1)C)[H])CC)[O-:10])CC>>CN([C:20](=[O:10])OC(C(C([O-:21])C)[H])CC)CC 10=20;20,21=21"
"[O:10]([Na])C(CC)/C([H])=C(C)\C(C)[C:20](OC)=[O:21]>>[O-:21][C:20]1(OC)C(C)C(C)=C([H])C(CC)[O+:10]1([Na]) 10=20;20,21=21"
"[H][O+:10](C(C)C(C)[NH]1)[C:20]1([NH:21]C)[O]C.[Cl-]>>[Cl-].[H][O:10]C(C)C(C)[NH][C:20]([O]C)=[NH+:21]C 21=20;20,10=10"
"[H][NH+:10]([H])[C:20]1([NH:21]C)[NH]C(C7=CC=CC=C7)C([H])[NH]1.[Cl-]>>[Cl-].C[NH+:21]=[C:20]2[NH]C(C7=CC=CC=C7)C([H])[NH]2.[H][NH:10][H] 21=20;20,10=10"
"[O-:21][C:20]1(OC)[O+:10]([Na])C(C)C(C)N1[H]>>[O:10]([Na])C(C)C(C)N([C:20](OC)=[O:21])[H] 21=20;20,10=10"
"[H][O+:10]([H])[C:20]1([NH:21]C6=CC=CC=C6)[O][CH]([H])C([H])[CH](C)[NH]1.[Cl-]>>[Cl-].C6=CC=CC=C6[NH+:21]=[C:20]2[O][CH]([H])[CH]([H])C(C)[NH]2.[H][O:10][H] 21=20;20,10=10"
"C9=CC=CC=C9[NH+:10]([H])[C:20]1([NH:21]CC)[O]C(C)C(CC)[NH]1.[Cl-]>>[Cl-].CC[NH+:21]=[C:20]2[O]C(C)C(CC)[NH]2.C9=CC=CC=C9[NH:10][H] 21=20;20,10=10"
"[O-:21][C:20]1(OC)[O+:10]([K])C([H])C(O)=C1[H]>>[O:10]([K])C([H])/C(O)=C([C:20](OC)=[O:21])/[H] 21=20;20,10=10"
"C1=CC=CC=C1C1C(C(O[C:20](=[O:10])N1C1=CC=CC=C1)C1=CC=CC=C1)CCCCCC.[O-:21]CCCCCC>>C1=CC=CC=C1C1C(C(O[C:20](N1C1=CC=CC=C1)([O-:10])[O:21]CCCCCC)C1=CC=CC=C1)CCCCCC 21=20;20,10=10"
"CN([C:20](=[O:10])OC(C(C([O-:21])CC)CCCCCC)CC)CC>>CN([C:20]1(OC(C(C([O:21]1)CC)CCCCCC)CC)[O-:10])CC 21=20;20,10=10"
"C[O+:10]([H])[C:20]([O:21][Si](C)(C)(C))([S]C)[O]CC.[Cl-]>>[Cl-].C[O:10][H].[Si](C)(C)(C)[O+:21]=[C:20]([S]C)[O]CC 21=20;20,10=10"
"[H][O:10]C(CC)C(C)C(C8=CC=CC=C8)[NH][C:20]([NH]C7=CC=CC=C7)=[NH+:21]CC.[Cl-]>>[Cl-].[H][O+:10](C(CC)C(C)C(C8=CC=CC=C8)[NH]1)[C:20]1([NH:21]CC)[NH]C7=CC=CC=C7 10=20;20,21=21"
"[H][NH+:10](C([H])C(C8=CC=CC=C8)[O]1)[C:20]1([NH:21]CC)[NH]C7=CC=CC=C7.[Cl-]>>[Cl-].[H][NH:10]C([H])C(C8=CC=CC=C8)[O][C:20]([NH]C7=CC=CC=C7)=[NH+:21]CC 21=20;20,10=10"
"[H][O+:10](C(CC)C(C)C(C8=CC=CC=C8)[O]1)[C:20]1([NH:21]C6=CC=CC=C6)[NH]C.[Cl-]>>[Cl-].[H][O:10]C(CC)C(C)C(C8=CC=CC=C8)[O][C:20]([NH]C)=[NH+:21]C6=CC=CC=C6 21=20;20,10=10"
"C[NH+:21]=[C:20]2[O][CH](CC)[CH](C)C(C)[NH]2.CC[NH:10][H].[Cl-]>>[Cl-].CC[NH+:10]([H])[C:20]1([NH:21]C)[O][CH](CC)C(C)[CH](C)[NH]1 10=20;20,21=21"
"[H][O+:10]([H])[C:20]1([NH:21][H])[NH][CH]([H])C(C)[CH](C)[NH]1.[Cl-]>>[Cl-].[H][NH+:21]=[C:20]2[NH][CH]([H])[CH](C)C(C)[NH]2.[H][O:10][H] 21=20;20,10=10"
"[H][O+:10]([H])[C:20]([O:21]C)([O]C)[O][H].[Cl-]>>[Cl-].[H][O:10][H].C[O+:21]=[C:20]([O]C)[O][H] 21=20;20,10=10"
"[H][NH+:21]=[C:20]2[O]C(CC)C(C8=CC=CC=C8)[NH]2.C9=CC=CC=C9[O:10][H].[Cl-]>>[Cl-].C9=CC=CC=C9[O+:10]([H])[C:20]1([NH:21][H])[O]C(CC)C(C8=CC=CC=C8)[NH]1 10=20;20,21=21"
"[O-:21][C:20]1(OCC)[O:10]C([H])C(C)=C1C>>[O-:10]C([H])/C(C)=C([C:20](OCC)=[O:21])/C 21=20;20,10=10"
"[NH:10]([H])C(C)C([H])/C(C)=C([H])\[C:20](OC)=[O:21]>>[O-:21][C:20]1(OC)C([H])=C(C)C([H])C(C)[NH+:10]1([H]) 10=20;20,21=21"
"[H][O+:10]([H])[C:20]([NH:21]C)([O]CC)[O]C.[Cl-]>>[Cl-].[H][O:10][H].C[NH+:21]=[C:20]([O]CC)[O]C 21=20;20,10=10"
"CC[NH+:21]=[C:20]2[O][CH](CC)[CH](C)C(CC)[NH]2.[H][NH:10][H].[Cl-]>>[Cl-].[H][NH+:10]([H])[C:20]1([NH:21]CC)[O][CH](CC)C(C)[CH](CC)[NH]1 10=20;20,21=21"
"C1=CC=CC=C1C1C(O[C:20](N1CCCCCC)([O-:10])[O:21]C1=CC=CC=C1)C1=CC=CC=C1>>C1=CC=CC=C1C1C(O[C:20](=[O:10])N1CCCCCC)C1=CC=CC=C1.[O-:21]C1=CC=CC=C1 10=20;20,21=21"
"[H][S+:10](C(C)C(C)C(C)[O]1)[C:20]1([O:21]C)[O]C.[Cl-]>>[Cl-].[H][S:10]C(C)C(C)C(C)[O][C:20]([O]C)=[O+:21]C 21=20;20,10=10"
"C1(C(O[C:20]([O-:10])([O:21]C1CCCCCC)OC)CC)CCCCCC>>C(C([O-:21])CCCCCC)(C(O[C:20](=[O:10])OC)CC)CCCCCC 10=20;20,21=21"
"C9=CC=CC=C9[NH:10][H].[H][NH+:21]=[C:20]([O]C8=CC=CC=C8)[NH][H].[Cl-]>>[Cl-].C9=CC=CC=C9[NH+:10]([H])[C:20]([NH:21][H])([O]C8=CC=CC=C8)[NH][H] 10=20;20,21=21"
"[H][S:10]C(C9=CC=CC=C9)C(C8=CC=CC=C8)[O][C:20]([O][H])=[O+:21][Si](C)(C)(C).[Cl-]>>[Cl-].[H][S+:10](C(C9=CC=CC=C9)C(C8=CC=CC=C8)[O]1)[C:20]1([O:21][Si](C)(C)(C))[O][H] 10=20;20,21=21"
"C[NH+:21]=[C:20]2[NH][CH](CC)[CH](C)C([H])[NH]2.CC[NH:10][H].[Cl-]>>[Cl-].CC[NH+:10]([H])[C:20]1([NH:21]C)[NH][CH](CC)C(C)[CH]([H])[NH]1 10=20;20,21=21"
"CC[O:10][H].CC[NH+:21]=[C:20]([NH]CC)[O]CC.[Cl-]>>[Cl-].CC[O+:10]([H])[C:20]([NH:21]CC)([NH]CC)[O]CC 10=20;20,21=21"
"[H][S:10]C(C)C(C)C(C)[O][C:20]([S][H])=[O+:21]C.[Cl-]>>[Cl-].[H][S+:10](C(C)C(C)C(C)[O]1)[C:20]1([O:21]C)[S][H] 10=20;20,21=21"
"[H]N([C:20](=[O:10])OC(C(C([O-:21])[H])C)C)C1=CC=CC=C1>>[H]N([C:20]1(OC(C(C([O:21]1)[H])C)C)[O-:10])C1=CC=CC=C1 21=20;20,10=10"
"[H][S:10]C(C9=CC=CC=C9)C(C)C(C8=CC=CC=C8)[O][C:20]([S]CC)=[O+:21][H].[Cl-]>>[Cl-].[H][S+:10](C(C9=CC=CC=C9)C(C)C(C8=CC=CC=C8)[O]1)[C:20]1([O:21][H])[S]CC 10=20;20,21=21"
"[H][O+:10]([H])[C:20]1([NH:21]C)[NH]C(C)C([H])[NH]1.[Cl-]>>[Cl-].C[NH+:21]=[C:20]2[NH]C(C)C([H])[NH]2.[H][O:10][H] 21=20;20,10=10"
"CC[O+:10]([H])[C:20]1([NH:21][H])[O][CH](C7=CC=CC=C7)C(C)[CH](CC)[NH]1.[Cl-]>>[Cl-].[H][NH+:21]=[C:20]2[O][CH](C7=CC=CC=C7)[CH](C)C(CC)[NH]2.CC[O:10][H] 21=20;20,10=10"
"[H][O+:10](C(C)C(C)[O]1)[C:20]1([NH:21][H])[O]CC.[Cl-]>>[Cl-].[H][O:10]C(C)C(C)[O][C:20]([O]CC)=[NH+:21][H] 21=20;20,10=10"
"CCCCCCN([C:20](=[O:10])OCCCCCC)CC.[O-:21][H]>>CCCCCCN([C:20]([O-:10])(OCCCCCC)[O:21][H])CC 21=20;20,10=10"
"[H][S+:10](C(CC)C(C)C([H])[S]1)[C:20]1([O:21][H])[S]CC.[Cl-]>>[Cl-].[H][S:10]C(CC)C(C)C([H])[S][C:20]([S]CC)=[O+:21][H] 21=20;20,10=10"
"[H][NH:10]C(C)C([H])[NH][C:20]([O]C7=CC=CC=C7)=[NH+:21][H].[Cl-]>>[Cl-].[H][NH+:10](C(C)C([H])[NH]1)[C:20]1([NH:21][H])[O]C7=CC=CC=C7 10=20;20,21=21"
"[H][NH+:10](C([H])C([H])C(C8=CC=CC=C8)[NH]1)[C:20]1([NH:21][H])[NH]CC.[Cl-]>>[Cl-].[H][NH:10]C([H])C([H])C(C8=CC=CC=C8)[NH][C:20]([NH]CC)=[NH+:21][H] 21=20;20,10=10"
"[H][NH+:21]=[C:20]2[O][CH]([H])[CH]([H])C(C)[NH]2.C[O:10][H].[Cl-]>>[Cl-].C[O+:10]([H])[C:20]1([NH:21][H])[O][CH]([H])C([H])[CH](C)[NH]1 10=20;20,21=21"
"[H][O+:10](C([H])C(C)C(C8=CC=CC=C8)[NH]1)[C:20]1([NH:21][H])[NH]CC.[Cl-]>>[Cl-].[H][O:10]C([H])C(C)C(C8=CC=CC=C8)[NH][C:20]([NH]CC)=[NH+:21][H] 21=20;20,10=10"
"C6=CC=CC=C6[NH+:21]=[C:20]2[O][CH]([H])[CH]([H])C([H])[O]2.C9=CC=CC=C9[NH:10][H].[Cl-]>>[Cl-].C9=CC=CC=C9[NH+:10]([H])[C:20]1([NH:21]C6=CC=CC=C6)[O][CH]([H])C([H])[CH]([H])[O]1 10=20;20,21=21"
"C9=CC=CC=C9[S+:10]([H])[C:20]([O:21]C)([S]C)[O]CC.[Cl-]>>[Cl-].C9=CC=CC=C9[S:10][H].C[O+:21]=[C:20]([S]C)[O]CC 21=20;20,10=10"
"[H][O+:10](C(C9=CC=CC=C9)C(C)C(C8=CC=CC=C8)[O]1)[C:20]1([NH:21]C)[NH]C.[Cl-]>>[Cl-].[H][O:10]C(C9=CC=CC=C9)C(C)C(C8=CC=CC=C8)[O][C:20]([NH]C)=[NH+:21]C 21=20;20,10=10"
"[H][S:10]C([H])C(C)C(C)[O][C:20]([S]C7=CC=CC=C7)=[O+:21]C.[Cl-]>>[Cl-].[H][S+:10](C([H])C(C)C(C)[O]1)[C:20]1([O:21]C)[S]C7=CC=CC=C7 10=20;20,21=21"
"[O:21]=[C:20](OCCCCCC)OC.[O-:10]CC>>CC[O:10][C:20]([O-:21])(OCCCCCC)OC 10=20;20,21=21"
"CC[NH+:10]([H])[C:20]1([NH:21]C6=CC=CC=C6)[O][CH](C)C(C)[CH]([H])[NH]1.[Cl-]>>[Cl-].C6=CC=CC=C6[NH+:21]=[C:20]2[O][CH](C)[CH](C)C([H])[NH]2.CC[NH:10][H] 21=20;20,10=10"
"[OH:21][C:20]1([H])C([H])C(C)C(C)C(CC)[OH+:10]1>>[OH:10]C(CC)C(C)C(C)C([H])[C:20]([H])=[OH+:21] 21=20;20,10=10"
"[Na][O:21]CC.[C:20](=[O:10])(OC)OC>>[Na][O+:21]([C:20]([O-:10])(OC)OC)CC 21=20;20,10=10"
"[H][S+:10](C([H])C(C)C(CC)[O]1)[C:20]1([O:21][H])[O]C.[Cl-]>>[Cl-].[H][S:10]C([H])C(C)C(CC)[O][C:20]([O]C)=[O+:21][H] 21=20;20,10=10"
"[H][O+:21]=[C:20]2[O]C(C7=CC=CC=C7)C(CC)[S]2.CC[S:10][H].[Cl-]>>[Cl-].CC[S+:10]([H])[C:20]1([O:21][H])[O]C(C7=CC=CC=C7)C(CC)[S]1 10=20;20,21=21"
"C[O+:10]([H])[C:20]1([NH:21]CC)[NH][CH](CC)C([H])[CH](CC)[NH]1.[Cl-]>>[Cl-].CC[NH+:21]=[C:20]2[NH][CH](CC)[CH]([H])C(CC)[NH]2.C[O:10][H] 21=20;20,10=10"
"CC[NH+:10]([H])[C:20]1([NH:21]C6=CC=CC=C6)[NH][CH](CC)C([H])[CH]([H])[NH]1.[Cl-]>>[Cl-].C6=CC=CC=C6[NH+:21]=[C:20]2[NH][CH](CC)[CH]([H])C([H])[NH]2.CC[NH:10][H] 21=20;20,10=10"
"C[NH:10][H].C[NH+:21]=[C:20]([NH][H])[O]CC.[Cl-]>>[Cl-].C[NH+:10]([H])[C:20]([NH:21]C)([NH][H])[O]CC 10=20;20,21=21"
"[O-:21][C:20]1(OC)[O+:10]([Na])C(CC)C(C)=C1O>>[O:10]([Na])C(CC)/C(C)=C([C:20](OC)=[O:21])/O 21=20;20,10=10"
"[H][O:10]C(CC)C(C)[O][C:20]([O]CC)=[O+:21]C.[Cl-]>>[Cl-].[H][O+:10](C(CC)C(C)[O]1)[C:20]1([O:21]C)[O]CC 10=20;20,21=21"
"C[NH+:21]=[C:20]2[O][CH]([H])[CH]([H])C(CC)[NH]2.[H][NH:10][H].[Cl-]>>[Cl-].[H][NH+:10]([H])[C:20]1([NH:21]C)[O][CH]([H])C([H])[CH](CC)[NH]1 10=20;20,21=21"
"[OH:21][C:20]1(OCC)[OH+:10]C(CC)C(C)C1C>>[OH:10]C(CC)C(C)C([C:20](OCC)=[OH+:21])C 21=20;20,10=10"
"[H][NH:10]C([H])C([H])C(C8=CC=CC=C8)[NH][C:20]([NH][H])=[NH+:21]CC.[Cl-]>>[Cl-].[H][NH+:10](C([H])C([H])C(C8=CC=CC=C8)[NH]1)[C:20]1([NH:21]CC)[NH][H] 10=20;20,21=21"
"[H][O:10]C(CC)C([H])C([H])[S][C:20]([O]C7=CC=CC=C7)=[O+:21][H].[Cl-]>>[Cl-].[H][O+:10](C(CC)C([H])C([H])[S]1)[C:20]1([O:21][H])[O]C7=CC=CC=C7 10=20;20,21=21"
"[O-:21][C:20]1(C)C(C)C([H])=C(C)C(C)[NH+:10]1(C)>>[NH:10](C)C(C)/C(C)=C([H])\C(C)[C:20](C)=[O:21] 21=20;20,10=10"
"[O:20]=[C:21](OC1=CC=CC=C1)O[H].[H][O:10][Li]>>[H][O+:10]([Li])[C:21]([O-:20])(OC1=CC=CC=C1)O[H] 10=21;21,20=20"
"CC[O+:10]([H])[C:20]1([NH:21]C)[NH][CH](CC)C([H])[CH](CC)[NH]1.[Cl-]>>[Cl-].C[NH+:21]=[C:20]2[NH][CH](CC)[CH]([H])C(CC)[NH]2.CC[O:10][H] 21=20;20,10=10"
"C9=CC=CC=C9[S+:10]([H])[C:20]1([O:21][H])[S]C(CC)C(C8=CC=CC=C8)[O]1.[Cl-]>>[Cl-].[H][O+:21]=[C:20]2[S]C(CC)C(C8=CC=CC=C8)[O]2.C9=CC=CC=C9[S:10][H] 21=20;20,10=10"
"C[NH+:10]([H])[C:20]1([NH:21][H])[O][CH](C7=CC=CC=C7)C(C)[CH]([H])[NH]1.[Cl-]>>[Cl-].[H][NH+:21]=[C:20]2[O][CH](C7=CC=CC=C7)[CH](C)C([H])[NH]2.C[NH:10][H] 21=20;20,10=10"
"CC[S+:10]([H])[C:20]1([O:21][H])[S]C([H])C(CC)[O]1.[Cl-]>>[Cl-].[H][O+:21]=[C:20]2[S]C([H])C(CC)[O]2.CC[S:10][H] 21=20;20,10=10"
"CC[NH+:10]([H])[C:20]1([NH:21]C)[NH][CH](C7=CC=CC=C7)C([H])[CH]([H])[O]1.[Cl-]>>[Cl-].C[NH+:21]=[C:20]2[NH][CH](C7=CC=CC=C7)[CH]([H])C([H])[O]2.CC[NH:10][H] 21=20;20,10=10"
"CC[NH+:21]=[C:20]2[O][CH](CC)[CH]([H])C(C)[NH]2.C[O:10][H].[Cl-]>>[Cl-].C[O+:10]([H])[C:20]1([NH:21]CC)[O][CH](CC)C([H])[CH](C)[NH]1 10=20;20,21=21"
"[H][NH+:21]=[C:20]2[O][CH](C7=CC=CC=C7)[CH](C)C([H])[NH]2.CC[O:10][H].[Cl-]>>[Cl-].CC[O+:10]([H])[C:20]1([NH:21][H])[O][CH](C7=CC=CC=C7)C(C)[CH]([H])[NH]1 10=20;20,21=21"
"CC[O+:10]([H])[C:20]1([NH:21]CC)[O][CH]([H])C(C)[CH]([H])[O]1.[Cl-]>>[Cl-].CC[NH+:21]=[C:20]2[O][CH]([H])[CH](C)C([H])[O]2.CC[O:10][H] 21=20;20,10=10"
"[H][O+:10](C([H])C(C)C([H])[O]1)[C:20]1([NH:21]CC)[NH][H].[Cl-]>>[Cl-].[H][O:10]C([H])C(C)C([H])[O][C:20]([NH][H])=[NH+:21]CC 21=20;20,10=10"
"[H][O+:10]([H])[C:20]1([O:21][H])[S]C(C)C(C)[O]1.[Cl-]>>[Cl-].[H][O+:21]=[C:20]2[S]C(C)C(C)[O]2.[H][O:10][H] 21=20;20,10=10"
"[H][O:10]C([H])C(CC)[O][C:20]([NH]C7=CC=CC=C7)=[NH+:21]C.[Cl-]>>[Cl-].[H][O+:10](C([H])C(CC)[O]1)[C:20]1([NH:21]C)[NH]C7=CC=CC=C7 10=20;20,21=21"
"[O:10]([K])C([H])C(C)C(C)C(O)[C:20](OCC)=[O:21]>>[O-:21][C:20]1(OCC)C(O)C(C)C(C)C([H])[O+:10]1([K]) 10=20;20,21=21"
"[H][S+:10](C(C9=CC=CC=C9)C(C)C(C8=CC=CC=C8)[S]1)[C:20]1([O:21]C)[O]C.[Cl-]>>[Cl-].[H][S:10]C(C9=CC=CC=C9)C(C)C(C8=CC=CC=C8)[S][C:20]([O]C)=[O+:21]C 21=20;20,10=10"
"[H][O:10][H].C[O+:21]=[C:20]([S]C8=CC=CC=C8)[O]C.[Cl-]>>[Cl-].[H][O+:10]([H])[C:20]([O:21]C)([S]C8=CC=CC=C8)[O]C 10=20;20,21=21"
"CC[O+:10]([H])[C:20]1([O:21]C)[S][CH](C)C([H])[CH](C)[O]1.[Cl-]>>[Cl-].C[O+:21]=[C:20]2[S][CH](C)[CH]([H])C(C)[O]2.CC[O:10][H] 21=20;20,10=10"
"[H][S+:10](C(C9=CC=CC=C9)C([H])C([H])[O]1)[C:20]1([O:21]C)[O]C7=CC=CC=C7.[Cl-]>>[Cl-].[H][S:10]C(C9=CC=CC=C9)C([H])C([H])[O][C:20]([O]C7=CC=CC=C7)=[O+:21]C 21=20;20,10=10"
"[OH:21][CH:20]2(C)C3=C(C(C([NH+:10]2(C))C)O)C=CC=C3>>[NH:10](C)C(C(C1=C(C=CC=C1)[CH:20](C)=[OH+:21])O)C  21=20;20,10=10"
"[Si](C)(C)(C)[O+:21]=[C:20]2[S]C(CC)C(C8=CC=CC=C8)[O]2.C9=CC=CC=C9[O:10][H].[Cl-]>>[Cl-].C9=CC=CC=C9[O+:10]([H])[C:20]1([O:21][Si](C)(C)(C))[S]C(CC)C(C8=CC=CC=C8)[O]1 10=20;20,21=21"
"[H][O:10]C(C9=CC=CC=C9)C([H])C(CC)[NH][C:20]([NH][H])=[NH+:21]CC.[Cl-]>>[Cl-].[H][O+:10](C(C9=CC=CC=C9)C([H])C(CC)[NH]1)[C:20]1([NH:21]CC)[NH][H] 10=20;20,21=21"
"[H][NH+:21]=[C:20]2[NH][CH]([H])[CH]([H])C(C)[NH]2.CC[O:10][H].[Cl-]>>[Cl-].CC[O+:10]([H])[C:20]1([NH:21][H])[NH][CH]([H])C([H])[CH](C)[NH]1 10=20;20,21=21"
"CC1C(C(O[C:20](=[O:10])N1[H])CCCCCC)[H].[O-:21]C1=CC=CC=C1>>CC1C(C(O[C:20](N1[H])([O-:10])[O:21]C1=CC=CC=C1)CCCCCC)[H] 21=20;20,10=10"
"CC[O+:10]([H])[C:20]1([NH:21][H])[O][CH](CC)C(C)[CH](C)[NH]1.[Cl-]>>[Cl-].[H][NH+:21]=[C:20]2[O][CH](CC)[CH](C)C(C)[NH]2.CC[O:10][H] 21=20;20,10=10"
"[H][NH:10]C(CC)C(C)C(C)[O][C:20]([O]C7=CC=CC=C7)=[NH+:21]C.[Cl-]>>[Cl-].[H][NH+:10](C(CC)C(C)C(C)[O]1)[C:20]1([NH:21]C)[O]C7=CC=CC=C7 10=20;20,21=21"
"[O-:21][C:20]1(C)[O:10]C(C)C(C)C1O>>[O-:10]C(C)C(C)C([C:20](C)=[O:21])O 21=20;20,10=10"
"C9=CC=CC=C9[S+:10]([H])[C:20]([O:21][Si](C)(C)(C))([O][H])[S]C7=CC=CC=C7.[Cl-]>>[Cl-].C9=CC=CC=C9[S:10][H].[Si](C)(C)(C)[O+:21]=[C:20]([O][H])[S]C7=CC=CC=C7 21=20;20,10=10"
"CC[NH+:21]=[C:20]2[O]C(C7=CC=CC=C7)C([H])[O]2.CC[NH:10][H].[Cl-]>>[Cl-].CC[NH+:10]([H])[C:20]1([NH:21]CC)[O]C(C7=CC=CC=C7)C([H])[O]1 10=20;20,21=21"
"CC[NH+:21]=[C:20]2[O][CH](C7=CC=CC=C7)[CH]([H])C(CC)[O]2.[H][O:10][H].[Cl-]>>[Cl-].[H][O+:10]([H])[C:20]1([NH:21]CC)[O][CH](C7=CC=CC=C7)C([H])[CH](CC)[O]1 10=20;20,21=21"
"CC1C(C(O[C:20](=[O:10])N1C1=CC=CC=C1)[H])[H].[O-:21]CC>>CC1C(C(O[C:20](N1C1=CC=CC=C1)([O-:10])[O:21]CC)[H])[H] 21=20;20,10=10"
"C[NH+:21]=[C:20]2[O][CH](CC)[CH](C)C(C)[O]2.C9=CC=CC=C9[O:10][H].[Cl-]>>[Cl-].C9=CC=CC=C9[O+:10]([H])[C:20]1([NH:21]C)[O][CH](CC)C(C)[CH](C)[O]1 10=20;20,21=21"
"[O-:21][C:20]1(OC)[O:10]C([H])C([H])=C1C>>[O-:10]C([H])/C([H])=C([C:20](OC)=[O:21])/C 21=20;20,10=10"
"[H][NH+:21]=[C:20]2[O]C(CC)C(C)[O]2.C9=CC=CC=C9[NH:10][H].[Cl-]>>[Cl-].C9=CC=CC=C9[NH+:10]([H])[C:20]1([NH:21][H])[O]C(CC)C(C)[O]1 10=20;20,21=21"
"[O-:10]C(CCC)C(C)C([H])C([H])[C:20](OC)=[O:21]>>[O-:21][C:20]1(OC)C([H])C([H])C(C)C(CCC)[O:10]1 10=20;20,21=21"
"[O:21]=[C:20](OC1=CC=CC=C1)OC.[O-:10]CCCCCC>>CCCCCC[O:10][C:20]([O-:21])(OC1=CC=CC=C1)OC 10=20;20,21=21"
"[H][O+:10]([H])[C:20]1([NH:21]C6=CC=CC=C6)[NH]C(C)C([H])[O]1.[Cl-]>>[Cl-].C6=CC=CC=C6[NH+:21]=[C:20]2[NH]C(C)C([H])[O]2.[H][O:10][H] 21=20;20,10=10"
"[H][S:10]C(C)C(C)[O][C:20]([S]CC)=[O+:21][Si](C)(C)(C).[Cl-]>>[Cl-].[H][S+:10](C(C)C(C)[O]1)[C:20]1([O:21][Si](C)(C)(C))[S]CC 10=20;20,21=21"
"C1=CC=CC=C1C1C(C(O[C:20](N1C1=CC=CC=C1)([O-:10])[O:21]C1=CC=CC=C1)C1=CC=CC=C1)CC>>C1=CC=CC=C1C1C(C(O[C:20](=[O:10])N1C1=CC=CC=C1)C1=CC=CC=C1)CC.[O-:21]C1=CC=CC=C1 10=20;20,21=21"
"C1=CC=CC=C1N([C:20](=[O:10])OC(C(C([O-:21])C1=CC=CC=C1)CCCCCC)CCCCCC)[H]>>C1=CC=CC=C1N([C:20]1(OC(C(C([O:21]1)C1=CC=CC=C1)CCCCCC)CCCCCC)[O-:10])[H] 21=20;20,10=10"
"CC[O:10][H].[H][O+:21]=[C:20]([O][H])[S][H].[Cl-]>>[Cl-].CC[O+:10]([H])[C:20]([O:21][H])([O][H])[S][H] 10=20;20,21=21"
"[H][O+:10]([H])[C:20]1([O:21][H])[O]C(C7=CC=CC=C7)C([H])[O]1.[Cl-]>>[Cl-].[H][O+:21]=[C:20]2[O]C(C7=CC=CC=C7)C([H])[O]2.[H][O:10][H] 21=20;20,10=10"
"[H][O+:10]([H])[C:20]([O:21][H])([O]CC)[S]C.[Cl-]>>[Cl-].[H][O:10][H].[H][O+:21]=[C:20]([O]CC)[S]C 21=20;20,10=10"
"[H][S:10]C(C)C(CC)[O][C:20]([O]C)=[O+:21]C.[Cl-]>>[Cl-].[H][S+:10](C(C)C(CC)[O]1)[C:20]1([O:21]C)[O]C 10=20;20,21=21"
"[O-:21][C:20]2([NH+:10]([H])C(C=CC=C3)=C3C2C)OCC>>[NH:10]([H])C1=C(C(C)[C:20](OCC)=[O:21])C=CC=C1 21=20;20,10=10"
"[O-:21][C:20]1(OCC)C(O)C(C)C(O)C([H])[NH+:10]1(C)>>[NH:10](C)C([H])C(O)C(C)C(O)[C:20](OCC)=[O:21] 21=20;20,10=10"
"C[NH+:10]([H])[C:20]([NH:21][H])([NH]CC)[O]CC.[Cl-]>>[Cl-].C[NH:10][H].[H][NH+:21]=[C:20]([NH]CC)[O]CC 21=20;20,10=10"
"CC[S+:10]([H])[C:20]1([O:21][H])[S][CH](C7=CC=CC=C7)C(C)[CH]([H])[S]1.[Cl-]>>[Cl-].[H][O+:21]=[C:20]2[S][CH](C7=CC=CC=C7)[CH](C)C([H])[S]2.CC[S:10][H] 21=20;20,10=10"
"CC[O+:10]([H])[C:20]1([NH:21]C)[NH]C([H])C(C8=CC=CC=C8)[O]1.[Cl-]>>[Cl-].C[NH+:21]=[C:20]2[NH]C([H])C(C8=CC=CC=C8)[O]2.CC[O:10][H] 21=20;20,10=10"
"[H][S:10][H].[Si](C)(C)(C)[O+:21]=[C:20]([O]C8=CC=CC=C8)[S][H].[Cl-]>>[Cl-].[H][S+:10]([H])[C:20]([O:21][Si](C)(C)(C))([O]C8=CC=CC=C8)[S][H] 10=20;20,21=21"
"[H][O:10]C([H])C(C)C(C8=CC=CC=C8)[O][C:20]([NH]C7=CC=CC=C7)=[NH+:21]CC.[Cl-]>>[Cl-].[H][O+:10](C([H])C(C)C(C8=CC=CC=C8)[O]1)[C:20]1([NH:21]CC)[NH]C7=CC=CC=C7 10=20;20,21=21"
"[H][NH+:10]([H])[C:20]1([NH:21]CC)[NH]C(C7=CC=CC=C7)C(CC)[NH]1.[Cl-]>>[Cl-].CC[NH+:21]=[C:20]2[NH]C(C7=CC=CC=C7)C(CC)[NH]2.[H][NH:10][H] 21=20;20,10=10"
"[H][S+:10]([H])[C:20]1([O:21][H])[S]C(C7=CC=CC=C7)C([H])[S]1.[Cl-]>>[Cl-].[H][O+:21]=[C:20]2[S]C(C7=CC=CC=C7)C([H])[S]2.[H][S:10][H] 21=20;20,10=10"
"[H]C1C(O[C:20](N1C)([O-:10])[O:21][H])C>>[H]C1C(O[C:20](=[O:10])N1C)C.[O-:21][H] 10=20;20,21=21"
"[H][O+:21]=[C:20]2[S][CH](C)[CH]([H])C(C)[S]2.CC[O:10][H].[Cl-]>>[Cl-].CC[O+:10]([H])[C:20]1([O:21][H])[S][CH](C)C([H])[CH](C)[S]1 10=20;20,21=21"
"[NH:10]([H])C1=C(C([H])[C:20](OC)=[O:21])C=CC=C1>>[O-:21][C:20]2([NH+:10]([H])C(C=CC=C3)=C3C2[H])OC 10=20;20,21=21"
"[OH:10]C([H])C(C)C(O)C(C)[C:20](OCC)=[OH+:21]>>[OH:21][C:20]1(OCC)C(C)C(O)C(C)C([H])[OH+:10]1 10=20;20,21=21"
"[H][NH+:10](C(C9=CC=CC=C9)C(CC)[NH]1)[C:20]1([NH:21]CC)[NH]C7=CC=CC=C7.[Cl-]>>[Cl-].[H][NH:10]C(C9=CC=CC=C9)C(CC)[NH][C:20]([NH]C7=CC=CC=C7)=[NH+:21]CC 21=20;20,10=10"
"[H][O+:10](C(CC)C(C)[O]1)[C:20]1([O:21]C)[O]C.[Cl-]>>[Cl-].[H][O:10]C(CC)C(C)[O][C:20]([O]C)=[O+:21]C 21=20;20,10=10"
"[H][O:10]C(C9=CC=CC=C9)C(C)C(C8=CC=CC=C8)[O][C:20]([O]C)=[NH+:21]C.[Cl-]>>[Cl-].[H][O+:10](C(C9=CC=CC=C9)C(C)C(C8=CC=CC=C8)[O]1)[C:20]1([NH:21]C)[O]C 10=20;20,21=21"
"CC[O+:10]([H])[C:20]1([NH:21]CC)[O][CH]([H])C([H])[CH](C)[NH]1.[Cl-]>>[Cl-].CC[NH+:21]=[C:20]2[O][CH]([H])[CH]([H])C(C)[NH]2.CC[O:10][H] 21=20;20,10=10"
"[H][O+:10](C(C)C(C)[NH]1)[C:20]1([NH:21]C6=CC=CC=C6)[O]CC.[Cl-]>>[Cl-].[H][O:10]C(C)C(C)[NH][C:20]([O]CC)=[NH+:21]C6=CC=CC=C6 21=20;20,10=10"
"[H][O:10]C([H])C(C)C(C)[NH][C:20]([O]C)=[NH+:21]C.[Cl-]>>[Cl-].[H][O+:10](C([H])C(C)C(C)[NH]1)[C:20]1([NH:21]C)[O]C 10=20;20,21=21"
"C(C([O-:21])CC)(C(O[C:20](=[O:10])OC)CC)C1=CC=CC=C1>>C1(C(O[C:20]([O-:10])([O:21]C1CC)OC)CC)C1=CC=CC=C1 21=20;20,10=10"
"[H][O+:21]=[C:20]2[O][CH](C)[CH](C)C(C8=CC=CC=C8)[S]2.C9=CC=CC=C9[O:10][H].[Cl-]>>[Cl-].C9=CC=CC=C9[O+:10]([H])[C:20]1([O:21][H])[O][CH](C)C(C)[CH](C8=CC=CC=C8)[S]1 10=20;20,21=21"
"C9=CC=CC=C9[NH+:10]([H])[C:20]1([NH:21]C6=CC=CC=C6)[NH][CH](C7=CC=CC=C7)C(C)[CH](C)[O]1.[Cl-]>>[Cl-].C6=CC=CC=C6[NH+:21]=[C:20]2[NH][CH](C7=CC=CC=C7)[CH](C)C(C)[O]2.C9=CC=CC=C9[NH:10][H] 21=20;20,10=10"
"[H][O+:10]([H])[C:20]1([NH:21]CC)[NH]C(C7=CC=CC=C7)C(CC)[NH]1.[Cl-]>>[Cl-].CC[NH+:21]=[C:20]2[NH]C(C7=CC=CC=C7)C(CC)[NH]2.[H][O:10][H] 21=20;20,10=10"
"CC[NH+:21]=[C:20]2[NH][CH](CC)[CH](C)C(C)[NH]2.CC[NH:10][H].[Cl-]>>[Cl-].CC[NH+:10]([H])[C:20]1([NH:21]CC)[NH][CH](CC)C(C)[CH](C)[NH]1 10=20;20,21=21"
"[H][O+:10]([H])[C:20]1([NH:21][H])[O][CH]([H])C([H])[CH](C8=CC=CC=C8)[O]1.[Cl-]>>[Cl-].[H][NH+:21]=[C:20]2[O][CH]([H])[CH]([H])C(C8=CC=CC=C8)[O]2.[H][O:10][H] 21=20;20,10=10"
"C[NH+:21]=[C:20]2[O][CH]([H])[CH](C)C(C)[NH]2.C[O:10][H].[Cl-]>>[Cl-].C[O+:10]([H])[C:20]1([NH:21]C)[O][CH]([H])C(C)[CH](C)[NH]1 10=20;20,21=21"
"[H][S:10]C(C)C([H])C([H])[S][C:20]([S]C)=[O+:21]C.[Cl-]>>[Cl-].[H][S+:10](C(C)C([H])C([H])[S]1)[C:20]1([O:21]C)[S]C 10=20;20,21=21"
"[H]C1C(C(O[C:20](N1[H])([O-:10])[O:21]C)C1=CC=CC=C1)C>>[H]C1C(C(O[C:20](=[O:10])N1[H])C1=CC=CC=C1)C.[O-:21]C 10=20;20,21=21"
"[OH:10]C([H])C(C)C(C)C(C)[C:20](OCC)=[OH+:21]>>[OH:21][C:20]1(OCC)C(C)C(C)C(C)C([H])[OH+:10]1 10=20;20,21=21"
"[Si](C)(C)(C)[O+:21]=[C:20]2[S]C([H])C(CC)[O]2.C[S:10][H].[Cl-]>>[Cl-].C[S+:10]([H])[C:20]1([O:21][Si](C)(C)(C))[S]C([H])C(CC)[O]1 10=20;20,21=21"
"CC[O+:10]([H])[C:20]1([O:21][Si](C)(C)(C))[S]C([H])C(CC)[S]1.[Cl-]>>[Cl-].[Si](C)(C)(C)[O+:21]=[C:20]2[S]C([H])C(CC)[S]2.CC[O:10][H] 21=20;20,10=10"
"CC[NH+:21]=[C:20]2[O]C(C)C(C8=CC=CC=C8)[NH]2.[H][NH:10][H].[Cl-]>>[Cl-].[H][NH+:10]([H])[C:20]1([NH:21]CC)[O]C(C)C(C8=CC=CC=C8)[NH]1 10=20;20,21=21"
"[H]N([C:20](=[O:10])OC(C(C([O-:21])C)[H])C1=CC=CC=C1)CCCCCC>>[H]N([C:20]1(OC(C(C([O:21]1)C)[H])C1=CC=CC=C1)[O-:10])CCCCCC 21=20;20,10=10"
"[H][O+:10](C(C9=CC=CC=C9)C(C)C([H])[O]1)[C:20]1([NH:21]CC)[NH]C.[Cl-]>>[Cl-].[H][O:10]C(C9=CC=CC=C9)C(C)C([H])[O][C:20]([NH]C)=[NH+:21]CC 21=20;20,10=10"
"[OH:10]C(C)C(C)C(O)C([H])[C:20](OC)=[OH+:21]>>[OH:21][C:20]1(OC)C([H])C(O)C(C)C(C)[OH+:10]1 10=20;20,21=21"
"C1=CC=CC=C1C1C(C(O[C:20](=[O:10])N1C)C)CC.[O-:21]CC>>C1=CC=CC=C1C1C(C(O[C:20](N1C)([O-:10])[O:21]CC)C)CC 21=20;20,10=10"
"[H][NH:10]C([H])C(CC)[O][C:20]([NH]CC)=[NH+:21]C6=CC=CC=C6.[Cl-]>>[Cl-].[H][NH+:10](C([H])C(CC)[O]1)[C:20]1([NH:21]C6=CC=CC=C6)[NH]CC 10=20;20,21=21"
"[H][S:10]C(C9=CC=CC=C9)C(CC)[O][C:20]([S]CC)=[O+:21][Si](C)(C)(C).[Cl-]>>[Cl-].[H][S+:10](C(C9=CC=CC=C9)C(CC)[O]1)[C:20]1([O:21][Si](C)(C)(C))[S]CC 10=20;20,21=21"
"[H][O+:10]([H])[C:20]1([NH:21]C)[NH]C(CC)C(C8=CC=CC=C8)[O]1.[Cl-]>>[Cl-].C[NH+:21]=[C:20]2[NH]C(CC)C(C8=CC=CC=C8)[O]2.[H][O:10][H] 21=20;20,10=10"
"[H]N([C:20]1(OC(C(C([O:21]1)C)C)[H])[O-:10])C>>[H]N([C:20](=[O:10])OC(C(C([O-:21])C)C)[H])C 10=20;20,21=21"
"[H][O+:10](C(C)C(C8=CC=CC=C8)[NH]1)[C:20]1([NH:21]CC)[NH]C.[Cl-]>>[Cl-].[H][O:10]C(C)C(C8=CC=CC=C8)[NH][C:20]([NH]C)=[NH+:21]CC 21=20;20,10=10"
"[H][O:10]C([H])C(C)[O][C:20]([O]CC)=[O+:21]C.[Cl-]>>[Cl-].[H][O+:10](C([H])C(C)[O]1)[C:20]1([O:21]C)[O]CC 10=20;20,21=21"
"C9=CC=CC=C9[O+:10]([H])[C:20]([NH:21]C6=CC=CC=C6)([NH]C8=CC=CC=C8)[O][H].[Cl-]>>[Cl-].C9=CC=CC=C9[O:10][H].C6=CC=CC=C6[NH+:21]=[C:20]([NH]C8=CC=CC=C8)[O][H] 21=20;20,10=10"
"[H][O:10]C([H])C([H])C(CC)[O][C:20]([O]C7=CC=CC=C7)=[NH+:21]C.[Cl-]>>[Cl-].[H][O+:10](C([H])C([H])C(CC)[O]1)[C:20]1([NH:21]C)[O]C7=CC=CC=C7 10=20;20,21=21"
"[H][O+:10](C([H])C([H])C(CC)[O]1)[C:20]1([NH:21]C)[O]CC.[Cl-]>>[Cl-].[H][O:10]C([H])C([H])C(CC)[O][C:20]([O]CC)=[NH+:21]C 21=20;20,10=10"
"CCCCCCN([C:20]([O-:10])(OC1=CC=CC=C1)[O:21]C)CC>>CCCCCCN([C:20](=[O:10])OC1=CC=CC=C1)CC.[O-:21]C 10=20;20,21=21"
"C[O+:21]=[C:20]2[O]C(C)C([H])[O]2.CC[O:10][H].[Cl-]>>[Cl-].CC[O+:10]([H])[C:20]1([O:21]C)[O]C(C)C([H])[O]1 10=20;20,21=21"
"[O:10]([Na])C(CCC)/C(C)=C(C)\C([H])[C:20]([H])=[O:21]>>[O-:21][C:20]1([H])C([H])C(C)=C(C)C(CCC)[O+:10]1([Na]) 10=20;20,21=21"
"[H][NH+:21]=[C:20]2[O][CH](CC)[CH]([H])C(C)[O]2.C[O:10][H].[Cl-]>>[Cl-].C[O+:10]([H])[C:20]1([NH:21][H])[O][CH](CC)C([H])[CH](C)[O]1 10=20;20,21=21"
"[O-:21][C:20]1(OCC)[NH+:10]([H])C(C)C([H])=C1[H]>>[NH:10]([H])C(C)/C([H])=C([C:20](OCC)=[O:21])/[H] 21=20;20,10=10"
"CN([C:20]1(OC(C(C([O:21]1)C1=CC=CC=C1)C)[H])[O-:10])CC>>CN([C:20](=[O:10])OC(C(C([O-:21])C1=CC=CC=C1)C)[H])CC 10=20;20,21=21"
"CCC1C(O[C:20](N1CCCCCC)([O-:10])[O:21]CCCCCC)CCCCCC>>CCC1C(O[C:20](=[O:10])N1CCCCCC)CCCCCC.[O-:21]CCCCCC 10=20;20,21=21"
"[H][S+:10](C(CC)C([H])C(C)[S]1)[C:20]1([O:21]C)[O]C.[Cl-]>>[Cl-].[H][S:10]C(CC)C([H])C(C)[S][C:20]([O]C)=[O+:21]C 21=20;20,10=10"
"C[O+:10]([H])[C:20]1([NH:21][H])[NH]C(C)C(C8=CC=CC=C8)[NH]1.[Cl-]>>[Cl-].[H][NH+:21]=[C:20]2[NH]C(C)C(C8=CC=CC=C8)[NH]2.C[O:10][H] 21=20;20,10=10"
"[H][NH:10]C(C)C(C)C(CC)[O][C:20]([NH]C)=[NH+:21]C.[Cl-]>>[Cl-].[H][NH+:10](C(C)C(C)C(CC)[O]1)[C:20]1([NH:21]C)[NH]C 10=20;20,21=21"
"[O:10]([K])C(CC)C([H])/C(C)=C([H])\[C:20](C)=[O:21]>>[O-:21][C:20]1(C)C([H])=C(C)C([H])C(CC)[O+:10]1([K]) 10=20;20,21=21"
"[O-:10]C([H])C(C)C(O)C([H])[C:20](OC)=[O:21]>>[O-:21][C:20]1(OC)C([H])C(O)C(C)C([H])[O:10]1 10=20;20,21=21"
"[O:10]([K])C(CC)/C([H])=C([H])\C([H])[C:20](OC)=[O:21]>>[O-:21][C:20]1(OC)C([H])C([H])=C([H])C(CC)[O+:10]1([K]) 10=20;20,21=21"
"[H][S+:10](C(CC)C(CC)[S]1)[C:20]1([O:21]C)[O]CC.[Cl-]>>[Cl-].[H][S:10]C(CC)C(CC)[S][C:20]([O]CC)=[O+:21]C 21=20;20,10=10"
"[H][O+:10](C(C)C([H])C(CC)[S]1)[C:20]1([O:21][H])[O][H].[Cl-]>>[Cl-].[H][O:10]C(C)C([H])C(CC)[S][C:20]([O][H])=[O+:21][H] 21=20;20,10=10"
"[H][NH:10]C(CC)C(C8=CC=CC=C8)[NH][C:20]([NH]C)=[NH+:21]C.[Cl-]>>[Cl-].[H][NH+:10](C(CC)C(C8=CC=CC=C8)[NH]1)[C:20]1([NH:21]C)[NH]C 10=20;20,21=21"
"[H][O+:10]([H])[C:20]1([NH:21][H])[NH][CH](C7=CC=CC=C7)C(C)[CH](CC)[O]1.[Cl-]>>[Cl-].[H][NH+:21]=[C:20]2[NH][CH](C7=CC=CC=C7)[CH](C)C(CC)[O]2.[H][O:10][H] 21=20;20,10=10"
"C[NH+:10]([H])[C:20]1([NH:21]C)[NH]C([H])C([H])[NH]1.[Cl-]>>[Cl-].C[NH+:21]=[C:20]2[NH]C([H])C([H])[NH]2.C[NH:10][H] 21=20;20,10=10"
"C6=CC=CC=C6[NH+:21]=[C:20]2[NH]C([H])C(C)[NH]2.C9=CC=CC=C9[NH:10][H].[Cl-]>>[Cl-].C9=CC=CC=C9[NH+:10]([H])[C:20]1([NH:21]C6=CC=CC=C6)[NH]C([H])C(C)[NH]1 10=20;20,21=21"
"[OH:21][C:20]2([H])C(C([H])C3=C([NH+:10]2(C))C=CC=C3)[H]>>[NH:10](C)C(C=CC=C1)=C1C([H])C([C:20]([H])=[OH+:21])[H] 21=20;20,10=10"
"[H][O:10]C(C9=CC=CC=C9)C([H])C([H])[S][C:20]([O][H])=[O+:21][H].[Cl-]>>[Cl-].[H][O+:10](C(C9=CC=CC=C9)C([H])C([H])[S]1)[C:20]1([O:21][H])[O][H] 10=20;20,21=21"
"[H]C1C(C(O[C:20](=[O:10])N1C)[H])CC.[O-:21]CC>>[H]C1C(C(O[C:20](N1C)([O-:10])[O:21]CC)[H])CC 21=20;20,10=10"
"CCC1C(C(O[C:20](N1[H])([O-:10])[O:21][H])CCCCCC)CC>>CCC1C(C(O[C:20](=[O:10])N1[H])CCCCCC)CC.[O-:21][H] 10=20;20,21=21"
"CCCCCCN([C:20]1(OC(C(C([O:21]1)CC)CC)C1=CC=CC=C1)[O-:10])[H]>>CCCCCCN([C:20](=[O:10])OC(C(C([O-:21])CC)CC)C1=CC=CC=C1)[H] 10=20;20,21=21"
"CCC1C(O[C:20](=[O:10])N1[H])CC.[O-:21][H]>>CCC1C(O[C:20](N1[H])([O-:10])[O:21][H])CC 21=20;20,10=10"
"CCCCCCN([C:20](=[O:10])OC(C(C([O-:21])[H])CCCCCC)[H])[H]>>CCCCCCN([C:20]1(OC(C(C([O:21]1)[H])CCCCCC)[H])[O-:10])[H] 21=20;20,10=10"
"CN([C:20](=[O:10])OC(C([O-:21])CCCCCC)CC)C>>CN([C:20]1(OC(C([O:21]1)CCCCCC)CC)[O-:10])C 21=20;20,10=10"
"C6=CC=CC=C6[NH+:21]=[C:20]2[O][CH](C7=CC=CC=C7)[CH](C)C(C)[NH]2.C9=CC=CC=C9[NH:10][H].[Cl-]>>[Cl-].C9=CC=CC=C9[NH+:10]([H])[C:20]1([NH:21]C6=CC=CC=C6)[O][CH](C7=CC=CC=C7)C(C)[CH](C)[NH]1 10=20;20,21=21"
"[H][O+:10](C(C)C([H])C(C)[NH]1)[C:20]1([NH:21]C)[NH]C7=CC=CC=C7.[Cl-]>>[Cl-].[H][O:10]C(C)C([H])C(C)[NH][C:20]([NH]C7=CC=CC=C7)=[NH+:21]C 21=20;20,10=10"
"[H][O:10]C(C9=CC=CC=C9)C(C)[O][C:20]([NH][H])=[NH+:21][H].[Cl-]>>[Cl-].[H][O+:10](C(C9=CC=CC=C9)C(C)[O]1)[C:20]1([NH:21][H])[NH][H] 10=20;20,21=21"
"C1(C(O[C:20]([O-:10])([O:21]C1C1=CC=CC=C1)OC)C)[H]>>C(C([O-:21])C1=CC=CC=C1)(C(O[C:20](=[O:10])OC)C)[H] 10=20;20,21=21"
"[H][NH+:10]([H])[C:20]1([NH:21]C)[O][CH](C)C([H])[CH](C)[O]1.[Cl-]>>[Cl-].C[NH+:21]=[C:20]2[O][CH](C)[CH]([H])C(C)[O]2.[H][NH:10][H] 21=20;20,10=10"
"C9=CC=CC=C9[NH+:10]([H])[C:20]1([NH:21]CC)[NH][CH]([H])C(C)[CH](C)[O]1.[Cl-]>>[Cl-].CC[NH+:21]=[C:20]2[NH][CH]([H])[CH](C)C(C)[O]2.C9=CC=CC=C9[NH:10][H] 21=20;20,10=10"
"CCC1C(C(O[C:20](N1CC)([O-:10])[O:21]C1=CC=CC=C1)C)CCCCCC>>CCC1C(C(O[C:20](=[O:10])N1CC)C)CCCCCC.[O-:21]C1=CC=CC=C1 10=20;20,21=21"
"C[NH+:21]=[C:20]2[NH][CH](C)[CH]([H])C(CC)[NH]2.C[O:10][H].[Cl-]>>[Cl-].C[O+:10]([H])[C:20]1([NH:21]C)[NH][CH](C)C([H])[CH](CC)[NH]1 10=20;20,21=21"
"[Si](C)(C)(C)[O+:21]=[C:20]2[S]C(C)C(CC)[O]2.C9=CC=CC=C9[S:10][H].[Cl-]>>[Cl-].C9=CC=CC=C9[S+:10]([H])[C:20]1([O:21][Si](C)(C)(C))[S]C(C)C(CC)[O]1 10=20;20,21=21"
"[H][O+:10]([H])[C:20]1([NH:21]C)[NH][CH](CC)C([H])[CH](C8=CC=CC=C8)[O]1.[Cl-]>>[Cl-].C[NH+:21]=[C:20]2[NH][CH](CC)[CH]([H])C(C8=CC=CC=C8)[O]2.[H][O:10][H] 21=20;20,10=10"
"[O:10]([Na])C(CCC)C([H])C(C)C(O)[C:20](OCC)=[O:21]>>[O-:21][C:20]1(OCC)C(O)C(C)C([H])C(CCC)[O+:10]1([Na]) 10=20;20,21=21"
"CC[NH+:10]([H])[C:20]1([NH:21]C)[NH][CH](CC)C(C)[CH]([H])[O]1.[Cl-]>>[Cl-].C[NH+:21]=[C:20]2[NH][CH](CC)[CH](C)C([H])[O]2.CC[NH:10][H] 21=20;20,10=10"
"C(C([O-:21])[H])(C(O[C:20](=[O:10])OCCCCCC)C)C1=CC=CC=C1>>C1(C(O[C:20]([O-:10])([O:21]C1[H])OCCCCCC)C)C1=CC=CC=C1 21=20;20,10=10"
"[O-:21][C:20]1(OC)C(C)C(C)C([H])C(C)[O+:10]1([Na])>>[O:10]([Na])C(C)C([H])C(C)C(C)[C:20](OC)=[O:21] 21=20;20,10=10"
"CCC1C(O[C:20](N1[H])([O-:10])[O:21]C)C>>CCC1C(O[C:20](=[O:10])N1[H])C.[O-:21]C 10=20;20,21=21"
"[H][NH:10]C([H])C(C)C(C8=CC=CC=C8)[O][C:20]([NH]C)=[NH+:21]CC.[Cl-]>>[Cl-].[H][NH+:10](C([H])C(C)C(C8=CC=CC=C8)[O]1)[C:20]1([NH:21]CC)[NH]C 10=20;20,21=21"
"C9=CC=CC=C9[NH+:10]([H])[C:20]1([NH:21]CC)[O][CH](C)C([H])[CH](C8=CC=CC=C8)[O]1.[Cl-]>>[Cl-].CC[NH+:21]=[C:20]2[O][CH](C)[CH]([H])C(C8=CC=CC=C8)[O]2.C9=CC=CC=C9[NH:10][H] 21=20;20,10=10"
"CCCCCCN([C:20]1(OC(C(C([O:21]1)C)[H])C1=CC=CC=C1)[O-:10])CC>>CCCCCCN([C:20](=[O:10])OC(C(C([O-:21])C)[H])C1=CC=CC=C1)CC 10=20;20,21=21"
"[OH:21][C:20]1(C)C(C)C([H])C(C)C(CC)[OH+:10]1>>[OH:10]C(CC)C(C)C([H])C(C)[C:20](C)=[OH+:21] 21=20;20,10=10"
"[H][O+:10](C(C)C([H])C(C)[O]1)[C:20]1([O:21][H])[S]C7=CC=CC=C7.[Cl-]>>[Cl-].[H][O:10]C(C)C([H])C(C)[O][C:20]([S]C7=CC=CC=C7)=[O+:21][H] 21=20;20,10=10"
"C9=CC=CC=C9[NH+:10]([H])[C:20]1([NH:21]CC)[O][CH](C7=CC=CC=C7)C(C)[CH](C)[NH]1.[Cl-]>>[Cl-].CC[NH+:21]=[C:20]2[O][CH](C7=CC=CC=C7)[CH](C)C(C)[NH]2.C9=CC=CC=C9[NH:10][H] 21=20;20,10=10"
"[H]C1C(C(O[C:20](=[O:10])N1C)CC)CCCCCC.[O-:21]CCCCCC>>[H]C1C(C(O[C:20](N1C)([O-:10])[O:21]CCCCCC)CC)CCCCCC 21=20;20,10=10"
"CCCCCCN([C:20]1(OC(C(C([O:21]1)C1=CC=CC=C1)CCCCCC)CCCCCC)[O-:10])C1=CC=CC=C1>>CCCCCCN([C:20](=[O:10])OC(C(C([O-:21])C1=CC=CC=C1)CCCCCC)CCCCCC)C1=CC=CC=C1 10=20;20,21=21"
"[H][S:10]C(CC)C(C8=CC=CC=C8)[S][C:20]([O]C)=[O+:21][H].[Cl-]>>[Cl-].[H][S+:10](C(CC)C(C8=CC=CC=C8)[S]1)[C:20]1([O:21][H])[O]C 10=20;20,21=21"
"[H][O:10][H].[Si](C)(C)(C)[O+:21]=[C:20]([S]CC)[O]C7=CC=CC=C7.[Cl-]>>[Cl-].[H][O+:10]([H])[C:20]([O:21][Si](C)(C)(C))([S]CC)[O]C7=CC=CC=C7 10=20;20,21=21"
"[H][O+:10](C(C)C([H])[O]1)[C:20]1([O:21][Si](C)(C)(C))[S]C7=CC=CC=C7.[Cl-]>>[Cl-].[H][O:10]C(C)C([H])[O][C:20]([S]C7=CC=CC=C7)=[O+:21][Si](C)(C)(C) 21=20;20,10=10"
"[NH:10](C)C(CC)C([H])C(C)C(O)[C:20]([H])=[O:21]>>[O-:21][C:20]1([H])C(O)C(C)C([H])C(CC)[NH+:10]1(C) 10=20;20,21=21"
"CCC1C(C(O[C:20](=[O:10])N1CC)CCCCCC)[H].[O-:21]C>>CCC1C(C(O[C:20](N1CC)([O-:10])[O:21]C)CCCCCC)[H] 21=20;20,10=10"
"[H][O+:10](C(C9=CC=CC=C9)C([H])C(CC)[S]1)[C:20]1([O:21]C)[O]C.[Cl-]>>[Cl-].[H][O:10]C(C9=CC=CC=C9)C([H])C(CC)[S][C:20]([O]C)=[O+:21]C 21=20;20,10=10"
"[H][O+:10](C(C)C(C8=CC=CC=C8)[O]1)[C:20]1([O:21][H])[O]CC.[Cl-]>>[Cl-].[H][O:10]C(C)C(C8=CC=CC=C8)[O][C:20]([O]CC)=[O+:21][H] 21=20;20,10=10"
"[O-:21][C:20]1([H])C([H])=C([H])C(C)C(CCC)[O:10]1>>[O-:10]C(CCC)C(C)/C([H])=C([H])\[C:20]([H])=[O:21] 21=20;20,10=10"
"CC[NH+:21]=[C:20]2[O][CH](C)[CH]([H])C(C)[NH]2.CC[NH:10][H].[Cl-]>>[Cl-].CC[NH+:10]([H])[C:20]1([NH:21]CC)[O][CH](C)C([H])[CH](C)[NH]1 10=20;20,21=21"
"C9=CC=CC=C9[O+:10]([H])[C:20]1([O:21][H])[O]C(C7=CC=CC=C7)C(CC)[S]1.[Cl-]>>[Cl-].[H][O+:21]=[C:20]2[O]C(C7=CC=CC=C7)C(CC)[S]2.C9=CC=CC=C9[O:10][H] 21=20;20,10=10"
"CC[S+:10]([H])[C:20]1([O:21]C)[S][CH](C)C([H])[CH](CC)[O]1.[Cl-]>>[Cl-].C[O+:21]=[C:20]2[S][CH](C)[CH]([H])C(CC)[O]2.CC[S:10][H] 21=20;20,10=10"
"[H][O:10][H].CC[NH+:21]=[C:20]([O][H])[O]CC.[Cl-]>>[Cl-].[H][O+:10]([H])[C:20]([NH:21]CC)([O][H])[O]CC 10=20;20,21=21"
"[O-:21][C:20]1([H])C([H])C(C)C(C)C([H])[NH+:10]1(C)>>[NH:10](C)C([H])C(C)C(C)C([H])[C:20]([H])=[O:21] 21=20;20,10=10"
"[O:20]=[C:21](OCCCCCC)OCC.CCCCCC[O:10][Na]>>CCCCCC[O+:10]([Na])[C:21]([O-:20])(OCCCCCC)OCC 10=21;21,20=20"
"CCCCCCN([C:20](=[O:10])OC(C(C([O-:21])CCCCCC)CCCCCC)CCCCCC)CCCCCC>>CCCCCCN([C:20]1(OC(C(C([O:21]1)CCCCCC)CCCCCC)CCCCCC)[O-:10])CCCCCC 21=20;20,10=10"
"[O:10]([Na])C(CC)/C(C)=C(C)\C([H])[C:20]([H])=[O:21]>>[O-:21][C:20]1([H])C([H])C(C)=C(C)C(CC)[O+:10]1([Na]) 10=20;20,21=21"
"[H][O+:10](C(CC)C(C)C(C)[O]1)[C:20]1([NH:21][H])[NH]C.[Cl-]>>[Cl-].[H][O:10]C(CC)C(C)C(C)[O][C:20]([NH]C)=[NH+:21][H] 21=20;20,10=10"
"[O-:10]C(C)C(O)C([C:20]([H])=[O:21])O>>[O-:21][C:20]1([H])[O:10]C(C)C(O)C1O 10=20;20,21=21"
"C[O+:21]=[C:20]2[S][CH](CC)[CH]([H])C(CC)[O]2.C[S:10][H].[Cl-]>>[Cl-].C[S+:10]([H])[C:20]1([O:21]C)[S][CH](CC)C([H])[CH](CC)[O]1 10=20;20,21=21"
"[H][S+:10]([H])[C:20]([O:21][H])([S]C)[S][H].[Cl-]>>[Cl-].[H][S:10][H].[H][O+:21]=[C:20]([S]C)[S][H] 21=20;20,10=10"
"CC[O+:10]([H])[C:20]([NH:21]C)([NH]C8=CC=CC=C8)[O][H].[Cl-]>>[Cl-].CC[O:10][H].C[NH+:21]=[C:20]([NH]C8=CC=CC=C8)[O][H] 21=20;20,10=10"
"[H][O+:10]([K])[C:21]([O-:20])(OC)OC>>[O:20]=[C:21](OC)OC.[H][O:10][K] 20=21;21,10=10"
"C9=CC=CC=C9[O+:10]([H])[C:20]([NH:21]CC)([NH]C8=CC=CC=C8)[O]C.[Cl-]>>[Cl-].C9=CC=CC=C9[O:10][H].CC[NH+:21]=[C:20]([NH]C8=CC=CC=C8)[O]C 21=20;20,10=10"
"[H][O:10]C(C9=CC=CC=C9)C([H])C(C8=CC=CC=C8)[O][C:20]([O]C)=[NH+:21][H].[Cl-]>>[Cl-].[H][O+:10](C(C9=CC=CC=C9)C([H])C(C8=CC=CC=C8)[O]1)[C:20]1([NH:21][H])[O]C 10=20;20,21=21"
"[O:10]([Na])C(C)C([H])C(O)C(O)[C:20]([H])=[O:21]>>[O-:21][C:20]1([H])C(O)C(O)C([H])C(C)[O+:10]1([Na]) 10=20;20,21=21"
"[H][O+:10]([H])[C:20]1([NH:21][H])[O][CH](CC)C([H])[CH](C)[NH]1.[Cl-]>>[Cl-].[H][NH+:21]=[C:20]2[O][CH](CC)[CH]([H])C(C)[NH]2.[H][O:10][H] 21=20;20,10=10"
"C[O:10][C:20]([O-:21])(OCC)OC>>[O:21]=[C:20](OCC)OC.[O-:10]C 21=20;20,10=10"
"C9=CC=CC=C9[NH+:10]([H])[C:20]1([NH:21]C)[O]C([H])C(CC)[NH]1.[Cl-]>>[Cl-].C[NH+:21]=[C:20]2[O]C([H])C(CC)[NH]2.C9=CC=CC=C9[NH:10][H] 21=20;20,10=10"
"[O:10]([K])C(CC)C([H])C(C)C([H])[C:20](OCC)=[O:21]>>[O-:21][C:20]1(OCC)C([H])C(C)C([H])C(CC)[O+:10]1([K]) 10=20;20,21=21"
"CCCCCCC1C(C(O[C:20](N1CCCCCC)([O-:10])[O:21]CCCCCC)[H])CCCCCC>>CCCCCCC1C(C(O[C:20](=[O:10])N1CCCCCC)[H])CCCCCC.[O-:21]CCCCCC 10=20;20,21=21"
"C1=CC=CC=C1C1C(O[C:20](N1C)([O-:10])[Cl:21])C>>C1=CC=CC=C1C1C(O[C:20](=[O:10])N1C)C.[Cl-:21] 10=20;20,21=21"
"[H][NH+:21]=[C:20]2[NH][CH](C7=CC=CC=C7)[CH](C)C(C)[NH]2.C9=CC=CC=C9[NH:10][H].[Cl-]>>[Cl-].C9=CC=CC=C9[NH+:10]([H])[C:20]1([NH:21][H])[NH][CH](C7=CC=CC=C7)C(C)[CH](C)[NH]1 10=20;20,21=21"
"[O:10]([Na])C(CC)C([H])C(C)C([H])[C:20](OCC)=[O:21]>>[O-:21][C:20]1(OCC)C([H])C(C)C([H])C(CC)[O+:10]1([Na]) 10=20;20,21=21"
"[NH:10]([H])C(C)C(C)C(O)C([H])[C:20](OC)=[O:21]>>[O-:21][C:20]1(OC)C([H])C(O)C(C)C(C)[NH+:10]1([H]) 10=20;20,21=21"
"[H][O:10]C(CC)C(C)C(C)[NH][C:20]([O]C)=[NH+:21]C6=CC=CC=C6.[Cl-]>>[Cl-].[H][O+:10](C(CC)C(C)C(C)[NH]1)[C:20]1([NH:21]C6=CC=CC=C6)[O]C 10=20;20,21=21"
"C[S+:10]([H])[C:20]1([O:21][Si](C)(C)(C))[O]C([H])C(C8=CC=CC=C8)[S]1.[Cl-]>>[Cl-].[Si](C)(C)(C)[O+:21]=[C:20]2[O]C([H])C(C8=CC=CC=C8)[S]2.C[S:10][H] 21=20;20,10=10"
"[H][NH+:10](C(C9=CC=CC=C9)C([H])C(C8=CC=CC=C8)[O]1)[C:20]1([NH:21]C)[O]C7=CC=CC=C7.[Cl-]>>[Cl-].[H][NH:10]C(C9=CC=CC=C9)C([H])C(C8=CC=CC=C8)[O][C:20]([O]C7=CC=CC=C7)=[NH+:21]C 21=20;20,10=10"
"[H][O+:10](C(C9=CC=CC=C9)C(C)[O]1)[C:20]1([NH:21]C)[O][H].[Cl-]>>[Cl-].[H][O:10]C(C9=CC=CC=C9)C(C)[O][C:20]([O][H])=[NH+:21]C 21=20;20,10=10"
"[H][O:10]C(C)C([H])C(CC)[S][C:20]([S]C7=CC=CC=C7)=[O+:21]C.[Cl-]>>[Cl-].[H][O+:10](C(C)C([H])C(CC)[S]1)[C:20]1([O:21]C)[S]C7=CC=CC=C7 10=20;20,21=21"
"[H][S+:10]([H])[C:20]1([O:21]C)[O]C(C)C(C)[O]1.[Cl-]>>[Cl-].C[O+:21]=[C:20]2[O]C(C)C(C)[O]2.[H][S:10][H] 21=20;20,10=10"
"C1=CC=CC=C1C1C(C(O[C:20](N1CC)([O-:10])[O:21][H])CC)CCCCCC>>C1=CC=CC=C1C1C(C(O[C:20](=[O:10])N1CC)CC)CCCCCC.[O-:21][H] 10=20;20,21=21"
"C1=CC=CC=C1C1C(C(O[C:20](N1CC)([O-:10])[Cl:21])CCCCCC)[H]>>C1=CC=CC=C1C1C(C(O[C:20](=[O:10])N1CC)CCCCCC)[H].[Cl-:21] 10=20;20,21=21"
"[H][NH+:10](C([H])C([H])C(CC)[O]1)[C:20]1([NH:21]C)[NH]C7=CC=CC=C7.[Cl-]>>[Cl-].[H][NH:10]C([H])C([H])C(CC)[O][C:20]([NH]C7=CC=CC=C7)=[NH+:21]C 21=20;20,10=10"
"CC[NH+:21]=[C:20]2[NH][CH](C7=CC=CC=C7)[CH](C)C(C)[NH]2.[H][NH:10][H].[Cl-]>>[Cl-].[H][NH+:10]([H])[C:20]1([NH:21]CC)[NH][CH](C7=CC=CC=C7)C(C)[CH](C)[NH]1 10=20;20,21=21"
"C1=CC=CC=C1N([C:20](=[O:10])OC(C(C([O-:21])CC)[H])[H])[H]>>C1=CC=CC=C1N([C:20]1(OC(C(C([O:21]1)CC)[H])[H])[O-:10])[H] 21=20;20,10=10"
"C9=CC=CC=C9[O+:10]([H])[C:20]1([NH:21]CC)[NH][CH](C7=CC=CC=C7)C(C)[CH](C)[O]1.[Cl-]>>[Cl-].CC[NH+:21]=[C:20]2[NH][CH](C7=CC=CC=C7)[CH](C)C(C)[O]2.C9=CC=CC=C9[O:10][H] 21=20;20,10=10"
"[H][O:10]C(CC)C(C)C(C8=CC=CC=C8)[NH][C:20]([NH]C7=CC=CC=C7)=[NH+:21]C.[Cl-]>>[Cl-].[H][O+:10](C(CC)C(C)C(C8=CC=CC=C8)[NH]1)[C:20]1([NH:21]C)[NH]C7=CC=CC=C7 10=20;20,21=21"
"[H][NH:10]C(C)C(C)C([H])[O][C:20]([NH]C)=[NH+:21]CC.[Cl-]>>[Cl-].[H][NH+:10](C(C)C(C)C([H])[O]1)[C:20]1([NH:21]CC)[NH]C 10=20;20,21=21"
"[H][NH+:10](C(C9=CC=CC=C9)C(C)[O]1)[C:20]1([NH:21]C)[O][H].[Cl-]>>[Cl-].[H][NH:10]C(C9=CC=CC=C9)C(C)[O][C:20]([O][H])=[NH+:21]C 21=20;20,10=10"
"CCC1C(O[C:20](=[O:10])N1C1=CC=CC=C1)[H].[O-:21][H]>>CCC1C(O[C:20](N1C1=CC=CC=C1)([O-:10])[O:21][H])[H] 21=20;20,10=10"
"[H][S+:10]([H])[C:20]1([O:21]C)[O][CH]([H])C(C)[CH](CC)[O]1.[Cl-]>>[Cl-].C[O+:21]=[C:20]2[O][CH]([H])[CH](C)C(CC)[O]2.[H][S:10][H] 21=20;20,10=10"
"[H][NH:10]C([H])C(C)C(CC)[NH][C:20]([O]C)=[NH+:21]C.[Cl-]>>[Cl-].[H][NH+:10](C([H])C(C)C(CC)[NH]1)[C:20]1([NH:21]C)[O]C 10=20;20,21=21"
"[H][NH:10]C(CC)C(CC)[NH][C:20]([NH][H])=[NH+:21][H].[Cl-]>>[Cl-].[H][NH+:10](C(CC)C(CC)[NH]1)[C:20]1([NH:21][H])[NH][H] 10=20;20,21=21"
"[O-:21][C:20]1(OC)C(C)=C([H])C([H])C(C)[NH+:10]1([H])>>[NH:10]([H])C(C)C([H])/C([H])=C(C)\[C:20](OC)=[O:21] 21=20;20,10=10"
"C[S:10][H].[H][O+:21]=[C:20]([O]C)[O]C.[Cl-]>>[Cl-].C[S+:10]([H])[C:20]([O:21][H])([O]C)[O]C 10=20;20,21=21"
"[H][NH+:21]=[C:20]2[NH][CH](C7=CC=CC=C7)[CH](C)C(C8=CC=CC=C8)[O]2.CC[O:10][H].[Cl-]>>[Cl-].CC[O+:10]([H])[C:20]1([NH:21][H])[NH][CH](C7=CC=CC=C7)C(C)[CH](C8=CC=CC=C8)[O]1 10=20;20,21=21"
"C9=CC=CC=C9[O+:10]([H])[C:20]1([NH:21]CC)[NH][CH](CC)C(C)[CH](CC)[O]1.[Cl-]>>[Cl-].CC[NH+:21]=[C:20]2[NH][CH](CC)[CH](C)C(CC)[O]2.C9=CC=CC=C9[O:10][H] 21=20;20,10=10"
"CCC1C(O[C:20](=[O:10])N1C1=CC=CC=C1)[H].[O-:21]CC>>CCC1C(O[C:20](N1C1=CC=CC=C1)([O-:10])[O:21]CC)[H] 21=20;20,10=10"
"C[O+:21]=[C:20]2[S][CH](CC)[CH](C)C(C)[O]2.C[O:10][H].[Cl-]>>[Cl-].C[O+:10]([H])[C:20]1([O:21]C)[S][CH](CC)C(C)[CH](C)[O]1 10=20;20,21=21"
"[H][O+:21]=[C:20]2[O][CH](CC)[CH]([H])C(C8=CC=CC=C8)[S]2.C[S:10][H].[Cl-]>>[Cl-].C[S+:10]([H])[C:20]1([O:21][H])[O][CH](CC)C([H])[CH](C8=CC=CC=C8)[S]1 10=20;20,21=21"
"[H][NH:10]C(CC)C([H])C(C8=CC=CC=C8)[O][C:20]([NH]C7=CC=CC=C7)=[NH+:21][H].[Cl-]>>[Cl-].[H][NH+:10](C(CC)C([H])C(C8=CC=CC=C8)[O]1)[C:20]1([NH:21][H])[NH]C7=CC=CC=C7 10=20;20,21=21"
"[H][S:10]C(CC)C([H])C(C)[O][C:20]([S]C7=CC=CC=C7)=[O+:21]C.[Cl-]>>[Cl-].[H][S+:10](C(CC)C([H])C(C)[O]1)[C:20]1([O:21]C)[S]C7=CC=CC=C7 10=20;20,21=21"
"[O:10]([K])C(C)/C([H])=C(C)\C(C)[C:20](C)=[O:21]>>[O-:21][C:20]1(C)C(C)C(C)=C([H])C(C)[O+:10]1([K]) 10=20;20,21=21"
"[H][O:10]C(C9=CC=CC=C9)C([H])[S][C:20]([O]C7=CC=CC=C7)=[O+:21][H].[Cl-]>>[Cl-].[H][O+:10](C(C9=CC=CC=C9)C([H])[S]1)[C:20]1([O:21][H])[O]C7=CC=CC=C7 10=20;20,21=21"
"[O:10]([K])C(CCC)C(C)C([H])C(O)[C:20](OCC)=[O:21]>>[O-:21][C:20]1(OCC)C(O)C([H])C(C)C(CCC)[O+:10]1([K]) 10=20;20,21=21"
"[H][O+:10](C(C)C([H])[O]1)[C:20]1([NH:21]CC)[NH]C7=CC=CC=C7.[Cl-]>>[Cl-].[H][O:10]C(C)C([H])[O][C:20]([NH]C7=CC=CC=C7)=[NH+:21]CC 21=20;20,10=10"
"CC[O+:10]([H])[C:20]1([O:21]C)[O]C(CC)C(C)[O]1.[Cl-]>>[Cl-].C[O+:21]=[C:20]2[O]C(CC)C(C)[O]2.CC[O:10][H] 21=20;20,10=10"
"[H][O:10]C(C)C([H])[O][C:20]([O][H])=[NH+:21]C6=CC=CC=C6.[Cl-]>>[Cl-].[H][O+:10](C(C)C([H])[O]1)[C:20]1([NH:21]C6=CC=CC=C6)[O][H] 10=20;20,21=21"
"[H][O+:10](C([H])C([H])C(C8=CC=CC=C8)[O]1)[C:20]1([NH:21]C)[NH]C.[Cl-]>>[Cl-].[H][O:10]C([H])C([H])C(C8=CC=CC=C8)[O][C:20]([NH]C)=[NH+:21]C 21=20;20,10=10"
"[H][S:10]C(C9=CC=CC=C9)C(C)[O][C:20]([S]C7=CC=CC=C7)=[O+:21][H].[Cl-]>>[Cl-].[H][S+:10](C(C9=CC=CC=C9)C(C)[O]1)[C:20]1([O:21][H])[S]C7=CC=CC=C7 10=20;20,21=21"
"C6=CC=CC=C6[NH+:21]=[C:20]2[NH][CH](CC)[CH]([H])C(CC)[O]2.CC[NH:10][H].[Cl-]>>[Cl-].CC[NH+:10]([H])[C:20]1([NH:21]C6=CC=CC=C6)[NH][CH](CC)C([H])[CH](CC)[O]1 10=20;20,21=21"
"[H][S:10]C([H])C(C)[O][C:20]([S]CC)=[O+:21]C.[Cl-]>>[Cl-].[H][S+:10](C([H])C(C)[O]1)[C:20]1([O:21]C)[S]CC 10=20;20,21=21"
"[OH:10]C(C1=C(C([CH:20]([H])=[OH+:21])[H])C=CC=C1)[H]>>[OH:21][CH:20]2([H])C(C3=C(C([OH+:10]2)[H])C=CC=C3)[H] 10=20;20,21=21"
"C1=CC=CC=C1C1C(O[C:20](N1C1=CC=CC=C1)([O-:10])[Cl:21])[H]>>C1=CC=CC=C1C1C(O[C:20](=[O:10])N1C1=CC=CC=C1)[H].[Cl-:21] 10=20;20,21=21"
"CC[O:10][H].[H][NH+:21]=[C:20]([O]C)[O]CC.[Cl-]>>[Cl-].CC[O+:10]([H])[C:20]([NH:21][H])([O]C)[O]CC 10=20;20,21=21"
"CCN([C:20]1(OC(C([O:21]1)CCCCCC)CCCCCC)[O-:10])[H]>>CCN([C:20](=[O:10])OC(C([O-:21])CCCCCC)CCCCCC)[H] 10=20;20,21=21"
"[O-:21][C:20]1(OCC)C(C)C(O)C([H])C(C)[O:10]1>>[O-:10]C(C)C([H])C(O)C(C)[C:20](OCC)=[O:21] 21=20;20,10=10"
"CCCCCCC1C(C(O[C:20](=[O:10])N1C)CCCCCC)CCCCCC.[O-:21]CCCCCC>>CCCCCCC1C(C(O[C:20](N1C)([O-:10])[O:21]CCCCCC)CCCCCC)CCCCCC 21=20;20,10=10"
"[H][NH+:10](C(C)C(CC)[NH]1)[C:20]1([NH:21]CC)[O]C.[Cl-]>>[Cl-].[H][NH:10]C(C)C(CC)[NH][C:20]([O]C)=[NH+:21]CC 21=20;20,10=10"
"[H]N([C:20]([O-:10])(OC1=CC=CC=C1)[Cl:21])CC>>[H]N([C:20](=[O:10])OC1=CC=CC=C1)CC.[Cl-:21] 10=20;20,21=21"
"C[O:10][H].C6=CC=CC=C6[NH+:21]=[C:20]([O][H])[O]C7=CC=CC=C7.[Cl-]>>[Cl-].C[O+:10]([H])[C:20]([NH:21]C6=CC=CC=C6)([O][H])[O]C7=CC=CC=C7 10=20;20,21=21"
"C[O:10][H].CC[NH+:21]=[C:20]([O]CC)[NH]CC.[Cl-]>>[Cl-].C[O+:10]([H])[C:20]([NH:21]CC)([O]CC)[NH]CC 10=20;20,21=21"
"[H][NH+:21]=[C:20]2[NH]C(C7=CC=CC=C7)C(C8=CC=CC=C8)[NH]2.C9=CC=CC=C9[NH:10][H].[Cl-]>>[Cl-].C9=CC=CC=C9[NH+:10]([H])[C:20]1([NH:21][H])[NH]C(C7=CC=CC=C7)C(C8=CC=CC=C8)[NH]1 10=20;20,21=21"
"[H][S:10]C(CC)C([H])C([H])[O][C:20]([O]CC)=[O+:21]C.[Cl-]>>[Cl-].[H][S+:10](C(CC)C([H])C([H])[O]1)[C:20]1([O:21]C)[O]CC 10=20;20,21=21"
"[H][O:10]C([H])C([H])C([H])[S][C:20]([O]C)=[O+:21]C.[Cl-]>>[Cl-].[H][O+:10](C([H])C([H])C([H])[S]1)[C:20]1([O:21]C)[O]C 10=20;20,21=21"
"CN([C:20](=[O:10])OC(C(C([O-:21])C)CCCCCC)CCCCCC)CC>>CN([C:20]1(OC(C(C([O:21]1)C)CCCCCC)CCCCCC)[O-:10])CC 21=20;20,10=10"
"[H][NH:10][H].C6=CC=CC=C6[NH+:21]=[C:20]([O]C8=CC=CC=C8)[O]CC.[Cl-]>>[Cl-].[H][NH+:10]([H])[C:20]([NH:21]C6=CC=CC=C6)([O]C8=CC=CC=C8)[O]CC 10=20;20,21=21"
"C1=CC=CC=C1[O+:10]([Li])[C:21]([O-:20])(OCC)OC>>[O:20]=[C:21](OCC)OC.C1=CC=CC=C1[O:10][Li] 20=21;21,10=10"
"[H][O:10]C(CC)C([H])C(C)[O][C:20]([NH]CC)=[NH+:21]CC.[Cl-]>>[Cl-].[H][O+:10](C(CC)C([H])C(C)[O]1)[C:20]1([NH:21]CC)[NH]CC 10=20;20,21=21"
"CC[S+:10]([H])[C:20]1([O:21]C)[O][CH](C)C(C)[CH](CC)[O]1.[Cl-]>>[Cl-].C[O+:21]=[C:20]2[O][CH](C)[CH](C)C(CC)[O]2.CC[S:10][H] 21=20;20,10=10"
"[H][O:10]C(C)C([H])C(C8=CC=CC=C8)[S][C:20]([O]C7=CC=CC=C7)=[O+:21]C.[Cl-]>>[Cl-].[H][O+:10](C(C)C([H])C(C8=CC=CC=C8)[S]1)[C:20]1([O:21]C)[O]C7=CC=CC=C7 10=20;20,21=21"
"CC1C(O[C:20](=[O:10])N1[H])CC.[O-:21]C1=CC=CC=C1>>CC1C(O[C:20](N1[H])([O-:10])[O:21]C1=CC=CC=C1)CC 21=20;20,10=10"
"CC1C(C(O[C:20](N1[H])([O-:10])[O:21]CCCCCC)[H])CCCCCC>>CC1C(C(O[C:20](=[O:10])N1[H])[H])CCCCCC.[O-:21]CCCCCC 10=20;20,21=21"
"[O-:21][C:20]1(OC)[O+:10]([Na])C(CCC)C(O)=C1[H]>>[O:10]([Na])C(CCC)/C(O)=C([C:20](OC)=[O:21])/[H] 21=20;20,10=10"
"[H][O+:10]([H])[C:20]1([NH:21]C)[NH][CH](CC)C([H])[CH]([H])[O]1.[Cl-]>>[Cl-].C[NH+:21]=[C:20]2[NH][CH](CC)[CH]([H])C([H])[O]2.[H][O:10][H] 21=20;20,10=10"
"[H][S+:10](C([H])C([H])C(C8=CC=CC=C8)[S]1)[C:20]1([O:21][H])[S][H].[Cl-]>>[Cl-].[H][S:10]C([H])C([H])C(C8=CC=CC=C8)[S][C:20]([S][H])=[O+:21][H] 21=20;20,10=10"
"[H][S+:10]([H])[C:20]1([O:21]C)[S]C([H])C([H])[O]1.[Cl-]>>[Cl-].C[O+:21]=[C:20]2[S]C([H])C([H])[O]2.[H][S:10][H] 21=20;20,10=10"
"[H][NH+:21]=[C:20]2[O][CH](CC)[CH](C)C([H])[NH]2.C9=CC=CC=C9[NH:10][H].[Cl-]>>[Cl-].C9=CC=CC=C9[NH+:10]([H])[C:20]1([NH:21][H])[O][CH](CC)C(C)[CH]([H])[NH]1 10=20;20,21=21"
"[Si](C)(C)(C)[O+:21]=[C:20]2[O]C(C)C([H])[O]2.C[O:10][H].[Cl-]>>[Cl-].C[O+:10]([H])[C:20]1([O:21][Si](C)(C)(C))[O]C(C)C([H])[O]1 10=20;20,21=21"
"[O:10]([K])C(CC)C([H])/C([H])=C([H])\[C:20](OCC)=[O:21]>>[O-:21][C:20]1(OCC)C([H])=C([H])C([H])C(CC)[O+:10]1([K]) 10=20;20,21=21"
"CCC1C(C(O[C:20](N1C)([O-:10])[O:21]C)C)[H]>>CCC1C(C(O[C:20](=[O:10])N1C)C)[H].[O-:21]C 10=20;20,21=21"
"[H][O+:10]([H])[C:20]1([NH:21][H])[O][CH]([H])C([H])[CH]([H])[NH]1.[Cl-]>>[Cl-].[H][NH+:21]=[C:20]2[O][CH]([H])[CH]([H])C([H])[NH]2.[H][O:10][H] 21=20;20,10=10"
"C6=CC=CC=C6[NH+:21]=[C:20]2[O][CH]([H])[CH]([H])C([H])[O]2.C9=CC=CC=C9[O:10][H].[Cl-]>>[Cl-].C9=CC=CC=C9[O+:10]([H])[C:20]1([NH:21]C6=CC=CC=C6)[O][CH]([H])C([H])[CH]([H])[O]1 10=20;20,21=21"
"CC[NH+:21]=[C:20]2[NH][CH](CC)[CH]([H])C(CC)[NH]2.CC[O:10][H].[Cl-]>>[Cl-].CC[O+:10]([H])[C:20]1([NH:21]CC)[NH][CH](CC)C([H])[CH](CC)[NH]1 10=20;20,21=21"
"[H][O+:10]([H])[C:20]([NH:21]CC)([O][H])[NH]C.[Cl-]>>[Cl-].[H][O:10][H].CC[NH+:21]=[C:20]([O][H])[NH]C 21=20;20,10=10"
"[H][O:10]C(CC)C([H])C([H])[O][C:20]([NH][H])=[NH+:21][H].[Cl-]>>[Cl-].[H][O+:10](C(CC)C([H])C([H])[O]1)[C:20]1([NH:21][H])[NH][H] 10=20;20,21=21"
"[H]C1C(C(O[C:20](=[O:10])N1C)CC)[H].[O-:21]C>>[H]C1C(C(O[C:20](N1C)([O-:10])[O:21]C)CC)[H] 21=20;20,10=10"
"[O:10]([Na])C([H])C([H])C([H])C([H])[C:20]([H])=[O:21]>>[O-:21][C:20]1([H])C([H])C([H])C([H])C([H])[O+:10]1([Na]) 10=20;20,21=21"
"[NH:10]([H])C(CC)C([H])/C([H])=C(C)\[C:20](OC)=[O:21]>>[O-:21][C:20]1(OC)C(C)=C([H])C([H])C(CC)[NH+:10]1([H]) 10=20;20,21=21"
"CCCCCCC1C(O[C:20](N1CCCCCC)([O-:10])[O:21]CCCCCC)CC>>CCCCCCC1C(O[C:20](=[O:10])N1CCCCCC)CC.[O-:21]CCCCCC 10=20;20,21=21"
"[H][O:10]C(C)C([H])C(C)[NH][C:20]([NH]C)=[NH+:21]C6=CC=CC=C6.[Cl-]>>[Cl-].[H][O+:10](C(C)C([H])C(C)[NH]1)[C:20]1([NH:21]C6=CC=CC=C6)[NH]C 10=20;20,21=21"
"[H][O:10]C(C9=CC=CC=C9)C([H])C([H])[O][C:20]([O]CC)=[NH+:21]C.[Cl-]>>[Cl-].[H][O+:10](C(C9=CC=CC=C9)C([H])C([H])[O]1)[C:20]1([NH:21]C)[O]CC 10=20;20,21=21"
"CC[NH+:21]=[C:20]2[NH][CH](C)[CH]([H])C(C8=CC=CC=C8)[O]2.C[NH:10][H].[Cl-]>>[Cl-].C[NH+:10]([H])[C:20]1([NH:21]CC)[NH][CH](C)C([H])[CH](C8=CC=CC=C8)[O]1 10=20;20,21=21"
"[H][NH:10]C([H])C(C)[NH][C:20]([O]C)=[NH+:21]C.[Cl-]>>[Cl-].[H][NH+:10](C([H])C(C)[NH]1)[C:20]1([NH:21]C)[O]C 10=20;20,21=21"
"[H][NH:10]C(C)C(CC)[O][C:20]([O]CC)=[NH+:21]C6=CC=CC=C6.[Cl-]>>[Cl-].[H][NH+:10](C(C)C(CC)[O]1)[C:20]1([NH:21]C6=CC=CC=C6)[O]CC 10=20;20,21=21"
"C6=CC=CC=C6[NH+:21]=[C:20]2[NH]C(CC)C(C)[O]2.CC[O:10][H].[Cl-]>>[Cl-].CC[O+:10]([H])[C:20]1([NH:21]C6=CC=CC=C6)[NH]C(CC)C(C)[O]1 10=20;20,21=21"
"C[O+:21]=[C:20]2[S][CH](C)[CH](C)C([H])[O]2.C[O:10][H].[Cl-]>>[Cl-].C[O+:10]([H])[C:20]1([O:21]C)[S][CH](C)C(C)[CH]([H])[O]1 10=20;20,21=21"
"CN([C:20](=[O:10])OC(C(C([O-:21])C)[H])C)CCCCCC>>CN([C:20]1(OC(C(C([O:21]1)C)[H])C)[O-:10])CCCCCC 21=20;20,10=10"
"CCN([C:20](=[O:10])OC)C1=CC=CC=C1.[O-:21]C1=CC=CC=C1>>CCN([C:20]([O-:10])(OC)[O:21]C1=CC=CC=C1)C1=CC=CC=C1 21=20;20,10=10"
"[H][O+:10](C(C)C([H])[O]1)[C:20]1([NH:21]C)[O][H].[Cl-]>>[Cl-].[H][O:10]C(C)C([H])[O][C:20]([O][H])=[NH+:21]C 21=20;20,10=10"
"CC1C(O[C:20](N1C)([O-:10])[O:21]C)[H]>>CC1C(O[C:20](=[O:10])N1C)[H].[O-:21]C 10=20;20,21=21"
"CCC1C(C(O[C:20](=[O:10])N1[H])C)CC.[O-:21]CCCCCC>>CCC1C(C(O[C:20](N1[H])([O-:10])[O:21]CCCCCC)C)CC 21=20;20,10=10"
"C[O+:21]=[C:20]2[O][CH](C)[CH]([H])C(C)[O]2.[H][S:10][H].[Cl-]>>[Cl-].[H][S+:10]([H])[C:20]1([O:21]C)[O][CH](C)C([H])[CH](C)[O]1 10=20;20,21=21"
"[H]N([C:20](=[O:10])OC(C(C([O-:21])[H])C)C1=CC=CC=C1)CCCCCC>>[H]N([C:20]1(OC(C(C([O:21]1)[H])C)C1=CC=CC=C1)[O-:10])CCCCCC 21=20;20,10=10"
"[OH:21][C:20]1(C)C([H])C(C)=C([H])C(CC)[OH+:10]1>>[OH:10]C(CC)/C([H])=C(C)\C([H])[C:20](C)=[OH+:21] 21=20;20,10=10"
"[H]N([C:20](=[O:10])OC(C(C([O-:21])C)CC)CCCCCC)CCCCCC>>[H]N([C:20]1(OC(C(C([O:21]1)C)CC)CCCCCC)[O-:10])CCCCCC 21=20;20,10=10"
"CC[NH+:21]=[C:20]2[O][CH]([H])[CH]([H])C(C8=CC=CC=C8)[O]2.[H][O:10][H].[Cl-]>>[Cl-].[H][O+:10]([H])[C:20]1([NH:21]CC)[O][CH]([H])C([H])[CH](C8=CC=CC=C8)[O]1 10=20;20,21=21"
"[H][O+:10]([H])[C:20]1([NH:21][H])[NH][CH](CC)C([H])[CH]([H])[O]1.[Cl-]>>[Cl-].[H][NH+:21]=[C:20]2[NH][CH](CC)[CH]([H])C([H])[O]2.[H][O:10][H] 21=20;20,10=10"
"[H][NH+:21]=[C:20]2[O][CH](C)[CH](C)C(C)[O]2.C9=CC=CC=C9[O:10][H].[Cl-]>>[Cl-].C9=CC=CC=C9[O+:10]([H])[C:20]1([NH:21][H])[O][CH](C)C(C)[CH](C)[O]1 10=20;20,21=21"
"C(C([O-:21])CCCCCC)(C(O[C:20](=[O:10])OCC)C1=CC=CC=C1)CCCCCC>>C1(C(O[C:20]([O-:10])([O:21]C1CCCCCC)OCC)C1=CC=CC=C1)CCCCCC 21=20;20,10=10"
"[H][NH:10]C(C9=CC=CC=C9)C(C)C(CC)[NH][C:20]([NH][H])=[NH+:21]C6=CC=CC=C6.[Cl-]>>[Cl-].[H][NH+:10](C(C9=CC=CC=C9)C(C)C(CC)[NH]1)[C:20]1([NH:21]C6=CC=CC=C6)[NH][H] 10=20;20,21=21"
"C9=CC=CC=C9[NH+:10]([H])[C:20]1([NH:21][H])[O][CH](C7=CC=CC=C7)C([H])[CH](C8=CC=CC=C8)[NH]1.[Cl-]>>[Cl-].[H][NH+:21]=[C:20]2[O][CH](C7=CC=CC=C7)[CH]([H])C(C8=CC=CC=C8)[NH]2.C9=CC=CC=C9[NH:10][H] 21=20;20,10=10"
"CC[S+:10]([H])[C:20]1([O:21][H])[S][CH]([H])C(C)[CH]([H])[O]1.[Cl-]>>[Cl-].[H][O+:21]=[C:20]2[S][CH]([H])[CH](C)C([H])[O]2.CC[S:10][H] 21=20;20,10=10"
"[H][O+:10](C([H])C(C)C(CC)[O]1)[C:20]1([O:21]C)[O]C.[Cl-]>>[Cl-].[H][O:10]C([H])C(C)C(CC)[O][C:20]([O]C)=[O+:21]C 21=20;20,10=10"
"[O-:21][C:20]1(C)[O+:10]([K])C(C)C([H])C1O>>[O:10]([K])C(C)C([H])C([C:20](C)=[O:21])O 21=20;20,10=10"
"[H][S:10][H].[Si](C)(C)(C)[O+:21]=[C:20]([S]CC)[O][H].[Cl-]>>[Cl-].[H][S+:10]([H])[C:20]([O:21][Si](C)(C)(C))([S]CC)[O][H] 10=20;20,21=21"
"CC[O+:10]([H])[C:20]1([O:21]C)[S]C([H])C(C)[S]1.[Cl-]>>[Cl-].C[O+:21]=[C:20]2[S]C([H])C(C)[S]2.CC[O:10][H] 21=20;20,10=10"
"[H][NH:10]C([H])C([H])C(CC)[NH][C:20]([O]C)=[NH+:21]C6=CC=CC=C6.[Cl-]>>[Cl-].[H][NH+:10](C([H])C([H])C(CC)[NH]1)[C:20]1([NH:21]C6=CC=CC=C6)[O]C 10=20;20,21=21"
"C1(C([O:21][C:20](O1)([O-:10])OCC)CC)C1=CC=CC=C1>>C(C(O[C:20](=[O:10])OCC)C1=CC=CC=C1)([O-:21])CC 10=20;20,21=21"
"CC[O+:10]([H])[C:20]([O:21][Si](C)(C)(C))([S]C)[S]C.[Cl-]>>[Cl-].CC[O:10][H].[Si](C)(C)(C)[O+:21]=[C:20]([S]C)[S]C 21=20;20,10=10"
"[H][O+:10]([H])[C:20]1([NH:21]CC)[NH]C(C)C([H])[NH]1.[Cl-]>>[Cl-].CC[NH+:21]=[C:20]2[NH]C(C)C([H])[NH]2.[H][O:10][H] 21=20;20,10=10"
"[H][O:10][H].[Si](C)(C)(C)[O+:21]=[C:20]([O]C)[S]C7=CC=CC=C7.[Cl-]>>[Cl-].[H][O+:10]([H])[C:20]([O:21][Si](C)(C)(C))([O]C)[S]C7=CC=CC=C7 10=20;20,21=21"
"[OH:10]C(CC)C([H])/C(C)=C([H])\[C:20](C)=[OH+:21]>>[OH:21][C:20]1(C)C([H])=C(C)C([H])C(CC)[OH+:10]1 10=20;20,21=21"
"C[O+:21]=[C:20]2[S][CH](C7=CC=CC=C7)[CH](C)C(C)[O]2.[H][S:10][H].[Cl-]>>[Cl-].[H][S+:10]([H])[C:20]1([O:21]C)[S][CH](C7=CC=CC=C7)C(C)[CH](C)[O]1 10=20;20,21=21"
"[O-:10]C([H])/C([H])=C([H])\C(C)[C:20]([H])=[O:21]>>[O-:21][C:20]1([H])C(C)C([H])=C([H])C([H])[O:10]1 10=20;20,21=21"
"[H][NH+:10](C(C)C(C)C(CC)[O]1)[C:20]1([NH:21]CC)[NH][H].[Cl-]>>[Cl-].[H][NH:10]C(C)C(C)C(CC)[O][C:20]([NH][H])=[NH+:21]CC 21=20;20,10=10"
"CN([C:20]1(OC(C(C([O:21]1)C)C)C1=CC=CC=C1)[O-:10])CC>>CN([C:20](=[O:10])OC(C(C([O-:21])C)C)C1=CC=CC=C1)CC 10=20;20,21=21"
"[CH2:20]([OH:10])[F:21]>>[CH2:20]=[OH+:10].[F-:21] 10=20;20,21=21"
"[H][NH:10]C([H])C(C)C([H])[O][C:20]([NH]C7=CC=CC=C7)=[NH+:21][H].[Cl-]>>[Cl-].[H][NH+:10](C([H])C(C)C([H])[O]1)[C:20]1([NH:21][H])[NH]C7=CC=CC=C7 10=20;20,21=21"
"C1(C([O:21][C:20](O1)([O-:10])OC1=CC=CC=C1)C)C>>C(C(O[C:20](=[O:10])OC1=CC=CC=C1)C)([O-:21])C 10=20;20,21=21"
"[H][O+:10](C(C)C(C8=CC=CC=C8)[O]1)[C:20]1([NH:21]C6=CC=CC=C6)[O][H].[Cl-]>>[Cl-].[H][O:10]C(C)C(C8=CC=CC=C8)[O][C:20]([O][H])=[NH+:21]C6=CC=CC=C6 21=20;20,10=10"
"C6=CC=CC=C6[NH+:21]=[C:20]2[O][CH](CC)[CH](C)C(C8=CC=CC=C8)[O]2.CC[O:10][H].[Cl-]>>[Cl-].CC[O+:10]([H])[C:20]1([NH:21]C6=CC=CC=C6)[O][CH](CC)C(C)[CH](C8=CC=CC=C8)[O]1 10=20;20,21=21"
"[O-:21][C:20]1([H])[O:10]C(CC)C([H])C1O>>[O-:10]C(CC)C([H])C([C:20]([H])=[O:21])O 21=20;20,10=10"
"[H][S+:10]([H])[C:20]1([O:21][H])[S][CH](C7=CC=CC=C7)C([H])[CH](CC)[O]1.[Cl-]>>[Cl-].[H][O+:21]=[C:20]2[S][CH](C7=CC=CC=C7)[CH]([H])C(CC)[O]2.[H][S:10][H] 21=20;20,10=10"
"[O-:21][C:20]1([H])C(C)C([H])C(O)C(C)[NH+:10]1([H])>>[NH:10]([H])C(C)C(O)C([H])C(C)[C:20]([H])=[O:21] 21=20;20,10=10"
"C[NH+:21]=[C:20]2[O][CH](C)[CH](C)C([H])[O]2.C9=CC=CC=C9[O:10][H].[Cl-]>>[Cl-].C9=CC=CC=C9[O+:10]([H])[C:20]1([NH:21]C)[O][CH](C)C(C)[CH]([H])[O]1 10=20;20,21=21"
"C9=CC=CC=C9[O+:10]([H])[C:20]1([NH:21]CC)[NH][CH](CC)C([H])[CH](C8=CC=CC=C8)[O]1.[Cl-]>>[Cl-].CC[NH+:21]=[C:20]2[NH][CH](CC)[CH]([H])C(C8=CC=CC=C8)[O]2.C9=CC=CC=C9[O:10][H] 21=20;20,10=10"
"[H][O:10]C(CC)C([H])C(C8=CC=CC=C8)[S][C:20]([S][H])=[O+:21]C.[Cl-]>>[Cl-].[H][O+:10](C(CC)C([H])C(C8=CC=CC=C8)[S]1)[C:20]1([O:21]C)[S][H] 10=20;20,21=21"
"[OH:21][C:20]1(C)[OH+:10]C([H])C([H])=C1[H]>>[OH:10]C([H])/C([H])=C([C:20](C)=[OH+:21])/[H] 21=20;20,10=10"
"[H][S:10]C(C9=CC=CC=C9)C([H])[O][C:20]([O]C7=CC=CC=C7)=[O+:21][Si](C)(C)(C).[Cl-]>>[Cl-].[H][S+:10](C(C9=CC=CC=C9)C([H])[O]1)[C:20]1([O:21][Si](C)(C)(C))[O]C7=CC=CC=C7 10=20;20,21=21"
"CCCCCCC1C(C(O[C:20](=[O:10])N1[H])CC)CCCCCC.[O-:21]C>>CCCCCCC1C(C(O[C:20](N1[H])([O-:10])[O:21]C)CC)CCCCCC 21=20;20,10=10"
"CC[O:10][H].[Si](C)(C)(C)[O+:21]=[C:20]([O]C8=CC=CC=C8)[O]C7=CC=CC=C7.[Cl-]>>[Cl-].CC[O+:10]([H])[C:20]([O:21][Si](C)(C)(C))([O]C8=CC=CC=C8)[O]C7=CC=CC=C7 10=20;20,21=21"
"CN([C:20](=[O:10])OC(C(C([O-:21])C)CC)C)CCCCCC>>CN([C:20]1(OC(C(C([O:21]1)C)CC)C)[O-:10])CCCCCC 21=20;20,10=10"
"C1=CC=CC=C1C1C(C(O[C:20](N1C)([O-:10])[O:21][H])C1=CC=CC=C1)CCCCCC>>C1=CC=CC=C1C1C(C(O[C:20](=[O:10])N1C)C1=CC=CC=C1)CCCCCC.[O-:21][H] 10=20;20,21=21"
"C1(C(O[C:20]([O-:10])([O:21]C1[H])OCCCCCC)[H])CC>>C(C([O-:21])[H])(C(O[C:20](=[O:10])OCCCCCC)[H])CC 10=20;20,21=21"
"[H][NH:10]C(C)C([H])C([H])[NH][C:20]([O]CC)=[NH+:21][H].[Cl-]>>[Cl-].[H][NH+:10](C(C)C([H])C([H])[NH]1)[C:20]1([NH:21][H])[O]CC 10=20;20,21=21"
"[H]C1C(C(O[C:20](=[O:10])N1CCCCCC)CC)[H].[O-:21]CC>>[H]C1C(C(O[C:20](N1CCCCCC)([O-:10])[O:21]CC)CC)[H] 21=20;20,10=10"
"CC[NH+:10]([H])[C:20]([NH:21]C6=CC=CC=C6)([NH]C8=CC=CC=C8)[NH][H].[Cl-]>>[Cl-].CC[NH:10][H].C6=CC=CC=C6[NH+:21]=[C:20]([NH]C8=CC=CC=C8)[NH][H] 21=20;20,10=10"
"C1=CC=CC=C1C1C(O[C:20](N1C)([O-:10])[O:21]C)[H]>>C1=CC=CC=C1C1C(O[C:20](=[O:10])N1C)[H].[O-:21]C 10=20;20,21=21"
"[H][S+:10](C(C9=CC=CC=C9)C(C8=CC=CC=C8)[S]1)[C:20]1([O:21][H])[S][H].[Cl-]>>[Cl-].[H][S:10]C(C9=CC=CC=C9)C(C8=CC=CC=C8)[S][C:20]([S][H])=[O+:21][H] 21=20;20,10=10"
"CC[NH+:21]=[C:20]2[NH][CH](C7=CC=CC=C7)[CH](C)C(C)[NH]2.CC[O:10][H].[Cl-]>>[Cl-].CC[O+:10]([H])[C:20]1([NH:21]CC)[NH][CH](C7=CC=CC=C7)C(C)[CH](C)[NH]1 10=20;20,21=21"
"CCC1C(C(O[C:20](N1CC)([O-:10])[O:21]C1=CC=CC=C1)CCCCCC)[H]>>CCC1C(C(O[C:20](=[O:10])N1CC)CCCCCC)[H].[O-:21]C1=CC=CC=C1 10=20;20,21=21"
"[H][O+:10](C(C)C([H])[NH]1)[C:20]1([NH:21]C6=CC=CC=C6)[O][H].[Cl-]>>[Cl-].[H][O:10]C(C)C([H])[NH][C:20]([O][H])=[NH+:21]C6=CC=CC=C6 21=20;20,10=10"
"C9=CC=CC=C9[NH+:10]([H])[C:20]1([NH:21]C)[O][CH](C7=CC=CC=C7)C([H])[CH](C)[O]1.[Cl-]>>[Cl-].C[NH+:21]=[C:20]2[O][CH](C7=CC=CC=C7)[CH]([H])C(C)[O]2.C9=CC=CC=C9[NH:10][H] 21=20;20,10=10"
"CC[NH+:21]=[C:20]2[O][CH](CC)[CH]([H])C(C)[O]2.C9=CC=CC=C9[NH:10][H].[Cl-]>>[Cl-].C9=CC=CC=C9[NH+:10]([H])[C:20]1([NH:21]CC)[O][CH](CC)C([H])[CH](C)[O]1 10=20;20,21=21"
"[H][NH:10]C(C)C([H])C(C)[O][C:20]([NH]CC)=[NH+:21][H].[Cl-]>>[Cl-].[H][NH+:10](C(C)C([H])C(C)[O]1)[C:20]1([NH:21][H])[NH]CC 10=20;20,21=21"
"C[O+:10]([H])[C:20]1([NH:21]C)[O]C([H])C(C8=CC=CC=C8)[NH]1.[Cl-]>>[Cl-].C[NH+:21]=[C:20]2[O]C([H])C(C8=CC=CC=C8)[NH]2.C[O:10][H] 21=20;20,10=10"
"[H][NH+:10](C(CC)C(C)C(CC)[O]1)[C:20]1([NH:21]C6=CC=CC=C6)[O][H].[Cl-]>>[Cl-].[H][NH:10]C(CC)C(C)C(CC)[O][C:20]([O][H])=[NH+:21]C6=CC=CC=C6 21=20;20,10=10"
"CC[O+:10]([H])[C:20]1([NH:21]C6=CC=CC=C6)[NH][CH](C)C([H])[CH](C8=CC=CC=C8)[NH]1.[Cl-]>>[Cl-].C6=CC=CC=C6[NH+:21]=[C:20]2[NH][CH](C)[CH]([H])C(C8=CC=CC=C8)[NH]2.CC[O:10][H] 21=20;20,10=10"
"[NH:10](CC)C(C(C=CC=C9)=C9[C:20](OCC)=[O:21])CC>>[O-:21][C:20]2([NH+:10](CC)C(C7=C2C=CC=C7)CC)OCC 10=20;20,21=21"
"[O-:21][C:20]1(OCC)[O:10]C(CCC)C(C)C1C>>[O-:10]C(CCC)C(C)C([C:20](OCC)=[O:21])C 21=20;20,10=10"
"[OH:21][C:20]2(C)C(C([H])C3=C([NH+:10]2(C))C=CC=C3)[H]>>[NH:10](C)C(C=CC=C1)=C1C([H])C([C:20](C)=[OH+:21])[H] 21=20;20,10=10"
"CN([C:20](=[O:10])OCC)C.[O-:21]C>>CN([C:20]([O-:10])(OCC)[O:21]C)C 21=20;20,10=10"
"[H][O+:10](C(CC)C([H])[NH]1)[C:20]1([NH:21]C)[NH]CC.[Cl-]>>[Cl-].[H][O:10]C(CC)C([H])[NH][C:20]([NH]CC)=[NH+:21]C 21=20;20,10=10"
"[H][NH+:21]=[C:20]2[O]C(C7=CC=CC=C7)C(C)[O]2.[H][NH:10][H].[Cl-]>>[Cl-].[H][NH+:10]([H])[C:20]1([NH:21][H])[O]C(C7=CC=CC=C7)C(C)[O]1 10=20;20,21=21"
"CCC1C(O[C:20](=[O:10])N1CC)[H].[O-:21]CC>>CCC1C(O[C:20](N1CC)([O-:10])[O:21]CC)[H] 21=20;20,10=10"
"C1=CC=CC=C1N([C:20]1(OC(C(C([O:21]1)[H])CCCCCC)[H])[O-:10])CC>>C1=CC=CC=C1N([C:20](=[O:10])OC(C(C([O-:21])[H])CCCCCC)[H])CC 10=20;20,21=21"
"[H][S+:10]([H])[C:20]1([O:21][H])[S]C(CC)C(C)[S]1.[Cl-]>>[Cl-].[H][O+:21]=[C:20]2[S]C(CC)C(C)[S]2.[H][S:10][H] 21=20;20,10=10"
"[H]N([C:20](=[O:10])OC1=CC=CC=C1)CCCCCC.[O-:21]CCCCCC>>[H]N([C:20]([O-:10])(OC1=CC=CC=C1)[O:21]CCCCCC)CCCCCC 21=20;20,10=10"
"C1=CC=CC=C1C1C(C(O[C:20](N1CC)([O-:10])[O:21][H])CC)CC>>C1=CC=CC=C1C1C(C(O[C:20](=[O:10])N1CC)CC)CC.[O-:21][H] 10=20;20,21=21"
"[H][S+:10](C(C)C(C8=CC=CC=C8)[O]1)[C:20]1([O:21][H])[S]C.[Cl-]>>[Cl-].[H][S:10]C(C)C(C8=CC=CC=C8)[O][C:20]([S]C)=[O+:21][H] 21=20;20,10=10"
"[H][O+:10](C(C9=CC=CC=C9)C(CC)[NH]1)[C:20]1([NH:21][H])[NH]C7=CC=CC=C7.[Cl-]>>[Cl-].[H][O:10]C(C9=CC=CC=C9)C(CC)[NH][C:20]([NH]C7=CC=CC=C7)=[NH+:21][H] 21=20;20,10=10"
"[Si](C)(C)(C)[O+:21]=[C:20]2[O]C(C7=CC=CC=C7)C(CC)[O]2.C9=CC=CC=C9[S:10][H].[Cl-]>>[Cl-].C9=CC=CC=C9[S+:10]([H])[C:20]1([O:21][Si](C)(C)(C))[O]C(C7=CC=CC=C7)C(CC)[O]1 10=20;20,21=21"
"[NH:10]([H])C([H])C([H])C(O)C(O)[C:20](OC)=[O:21]>>[O-:21][C:20]1(OC)C(O)C(O)C([H])C([H])[NH+:10]1([H]) 10=20;20,21=21"
"[H][O+:10](C(C9=CC=CC=C9)C([H])C(C)[O]1)[C:20]1([O:21][H])[O][H].[Cl-]>>[Cl-].[H][O:10]C(C9=CC=CC=C9)C([H])C(C)[O][C:20]([O][H])=[O+:21][H] 21=20;20,10=10"
"CC[NH+:21]=[C:20]2[NH]C(CC)C(C8=CC=CC=C8)[NH]2.[H][O:10][H].[Cl-]>>[Cl-].[H][O+:10]([H])[C:20]1([NH:21]CC)[NH]C(CC)C(C8=CC=CC=C8)[NH]1 10=20;20,21=21"
"[H][S:10]C(CC)C(CC)[O][C:20]([O][H])=[O+:21]C.[Cl-]>>[Cl-].[H][S+:10](C(CC)C(CC)[O]1)[C:20]1([O:21]C)[O][H] 10=20;20,21=21"
"[NH:10](C)C(C1=C(C([CH:20](OC)=[O:21])O)C=CC=C1)[H]>>[O-:21][CH:20]2(OC)C(C3=C(C([NH+:10]2(C))[H])C=CC=C3)O 10=20;20,21=21"
"[H][O:10]C(C)C([H])C(CC)[NH][C:20]([O][H])=[NH+:21]C.[Cl-]>>[Cl-].[H][O+:10](C(C)C([H])C(CC)[NH]1)[C:20]1([NH:21]C)[O][H] 10=20;20,21=21"
"[OH:21][C:20]1(C)[OH+:10]C(CC)C([H])=C1C>>[OH:10]C(CC)/C([H])=C([C:20](C)=[OH+:21])/C 21=20;20,10=10"
"[O-:21][C:20]1(C)C([H])C(O)C(O)C(C)[NH+:10]1(C)>>[NH:10](C)C(C)C(O)C(O)C([H])[C:20](C)=[O:21] 21=20;20,10=10"
"[O-:21][C:20]1([H])C(C)C(O)C(O)C(CC)[NH+:10]1(C)>>[NH:10](C)C(CC)C(O)C(O)C(C)[C:20]([H])=[O:21] 21=20;20,10=10"
"[H][S+:10](C(C)C(CC)[O]1)[C:20]1([O:21][Si](C)(C)(C))[S][H].[Cl-]>>[Cl-].[H][S:10]C(C)C(CC)[O][C:20]([S][H])=[O+:21][Si](C)(C)(C) 21=20;20,10=10"
"C(C([O-:21])C)(C(O[C:20](=[O:10])OCCCCCC)C)CCCCCC>>C1(C(O[C:20]([O-:10])([O:21]C1C)OCCCCCC)C)CCCCCC 21=20;20,10=10"
"C6=CC=CC=C6[NH+:21]=[C:20]2[NH][CH]([H])[CH](C)C(C8=CC=CC=C8)[NH]2.C9=CC=CC=C9[NH:10][H].[Cl-]>>[Cl-].C9=CC=CC=C9[NH+:10]([H])[C:20]1([NH:21]C6=CC=CC=C6)[NH][CH]([H])C(C)[CH](C8=CC=CC=C8)[NH]1 10=20;20,21=21"
"C9=CC=CC=C9[O+:10]([H])[C:20]([NH:21]C6=CC=CC=C6)([O]C)[NH]C7=CC=CC=C7.[Cl-]>>[Cl-].C9=CC=CC=C9[O:10][H].C6=CC=CC=C6[NH+:21]=[C:20]([O]C)[NH]C7=CC=CC=C7 21=20;20,10=10"
"CCC1C(C(O[C:20](N1CCCCCC)([O-:10])[O:21][H])CCCCCC)C>>CCC1C(C(O[C:20](=[O:10])N1CCCCCC)CCCCCC)C.[O-:21][H] 10=20;20,21=21"
"[H][O:10]C([H])C(C)[NH][C:20]([NH]C)=[NH+:21]C.[Cl-]>>[Cl-].[H][O+:10](C([H])C(C)[NH]1)[C:20]1([NH:21]C)[NH]C 10=20;20,21=21"
"[H][O+:21]=[C:20]2[O][CH]([H])[CH](C)C(C)[O]2.C9=CC=CC=C9[O:10][H].[Cl-]>>[Cl-].C9=CC=CC=C9[O+:10]([H])[C:20]1([O:21][H])[O][CH]([H])C(C)[CH](C)[O]1 10=20;20,21=21"
"[H][NH:10]C(C9=CC=CC=C9)C(C)C([H])[O][C:20]([O]C)=[NH+:21]C.[Cl-]>>[Cl-].[H][NH+:10](C(C9=CC=CC=C9)C(C)C([H])[O]1)[C:20]1([NH:21]C)[O]C 10=20;20,21=21"
"[H][O+:21]=[C:20]2[O][CH](C)[CH](C)C(C8=CC=CC=C8)[S]2.CC[S:10][H].[Cl-]>>[Cl-].CC[S+:10]([H])[C:20]1([O:21][H])[O][CH](C)C(C)[CH](C8=CC=CC=C8)[S]1 10=20;20,21=21"
"C9=CC=CC=C9[NH+:10]([H])[C:20]([NH:21]C6=CC=CC=C6)([NH]C8=CC=CC=C8)[NH]C7=CC=CC=C7.[Cl-]>>[Cl-].C9=CC=CC=C9[NH:10][H].C6=CC=CC=C6[NH+:21]=[C:20]([NH]C8=CC=CC=C8)[NH]C7=CC=CC=C7 21=20;20,10=10"
"C[NH:10][H].CC[NH+:21]=[C:20]([NH]C8=CC=CC=C8)[NH][H].[Cl-]>>[Cl-].C[NH+:10]([H])[C:20]([NH:21]CC)([NH]C8=CC=CC=C8)[NH][H] 10=20;20,21=21"
"CC1C(O[C:20](=[O:10])N1[H])C1=CC=CC=C1.[O-:21]C1=CC=CC=C1>>CC1C(O[C:20](N1[H])([O-:10])[O:21]C1=CC=CC=C1)C1=CC=CC=C1 21=20;20,10=10"
"[H][S+:10](C(CC)C(C8=CC=CC=C8)[O]1)[C:20]1([O:21][Si](C)(C)(C))[S]CC.[Cl-]>>[Cl-].[H][S:10]C(CC)C(C8=CC=CC=C8)[O][C:20]([S]CC)=[O+:21][Si](C)(C)(C) 21=20;20,10=10"
"[H][NH+:10](C(CC)C([H])[O]1)[C:20]1([NH:21][H])[O][H].[Cl-]>>[Cl-].[H][NH:10]C(CC)C([H])[O][C:20]([O][H])=[NH+:21][H] 21=20;20,10=10"
"CC[O+:10]([H])[C:20]1([O:21]C)[O]C([H])C([H])[S]1.[Cl-]>>[Cl-].C[O+:21]=[C:20]2[O]C([H])C([H])[S]2.CC[O:10][H] 21=20;20,10=10"
"CC1C(C(O[C:20](=[O:10])N1CC)C)C.[O-:21]CCCCCC>>CC1C(C(O[C:20](N1CC)([O-:10])[O:21]CCCCCC)C)C 21=20;20,10=10"
"CCN([C:20]1(OC(C(C([O:21]1)C)C)C)[O-:10])CC>>CCN([C:20](=[O:10])OC(C(C([O-:21])C)C)C)CC 10=20;20,21=21"
"[H][O+:10](C(C9=CC=CC=C9)C(C8=CC=CC=C8)[O]1)[C:20]1([O:21][H])[S]CC.[Cl-]>>[Cl-].[H][O:10]C(C9=CC=CC=C9)C(C8=CC=CC=C8)[O][C:20]([S]CC)=[O+:21][H] 21=20;20,10=10"
"[H]C1C(C(O[C:20](=[O:10])N1CC)[H])CCCCCC.[O-:21][H]>>[H]C1C(C(O[C:20](N1CC)([O-:10])[O:21][H])[H])CCCCCC 21=20;20,10=10"
"[H][NH+:21]=[C:20]2[O][CH](C)[CH](C)C(CC)[NH]2.[H][O:10][H].[Cl-]>>[Cl-].[H][O+:10]([H])[C:20]1([NH:21][H])[O][CH](C)C(C)[CH](CC)[NH]1 10=20;20,21=21"
"CCCCCCN([C:20]1(OC(C(C([O:21]1)C1=CC=CC=C1)CCCCCC)C)[O-:10])C1=CC=CC=C1>>CCCCCCN([C:20](=[O:10])OC(C(C([O-:21])C1=CC=CC=C1)CCCCCC)C)C1=CC=CC=C1 10=20;20,21=21"
"[H][NH+:10]([H])[C:20]1([NH:21][H])[NH][CH](CC)C(C)[CH](C)[NH]1.[Cl-]>>[Cl-].[H][NH+:21]=[C:20]2[NH][CH](CC)[CH](C)C(C)[NH]2.[H][NH:10][H] 21=20;20,10=10"
"CC[NH+:21]=[C:20]2[O]C(C7=CC=CC=C7)C(C)[O]2.CC[NH:10][H].[Cl-]>>[Cl-].CC[NH+:10]([H])[C:20]1([NH:21]CC)[O]C(C7=CC=CC=C7)C(C)[O]1 10=20;20,21=21"
"[H][O+:10](C([H])C([H])[S]1)[C:20]1([O:21][H])[S]CC.[Cl-]>>[Cl-].[H][O:10]C([H])C([H])[S][C:20]([S]CC)=[O+:21][H] 21=20;20,10=10"
"C6=CC=CC=C6[NH+:21]=[C:20]2[O][CH](CC)[CH](C)C([H])[O]2.[H][O:10][H].[Cl-]>>[Cl-].[H][O+:10]([H])[C:20]1([NH:21]C6=CC=CC=C6)[O][CH](CC)C(C)[CH]([H])[O]1 10=20;20,21=21"
"CCCCCCC1C(C(O[C:20](=[O:10])N1C)CCCCCC)CC.[O-:21]C1=CC=CC=C1>>CCCCCCC1C(C(O[C:20](N1C)([O-:10])[O:21]C1=CC=CC=C1)CCCCCC)CC 21=20;20,10=10"
"[O-:21][C:20]1([H])C([H])C(O)C(C)C([H])[O+:10]1([Na])>>[O:10]([Na])C([H])C(C)C(O)C([H])[C:20]([H])=[O:21] 21=20;20,10=10"
"CC[O+:10]([H])[C:20]1([O:21][Si](C)(C)(C))[O]C(C)C(C8=CC=CC=C8)[S]1.[Cl-]>>[Cl-].[Si](C)(C)(C)[O+:21]=[C:20]2[O]C(C)C(C8=CC=CC=C8)[S]2.CC[O:10][H] 21=20;20,10=10"
"CC1C(C(O[C:20](N1CCCCCC)([O-:10])[O:21]CC)C)CCCCCC>>CC1C(C(O[C:20](=[O:10])N1CCCCCC)C)CCCCCC.[O-:21]CC 10=20;20,21=21"
"[H][O+:10]([H])[C:20]([NH:21]CC)([O]C)[NH][H].[Cl-]>>[Cl-].[H][O:10][H].CC[NH+:21]=[C:20]([O]C)[NH][H] 21=20;20,10=10"
"[OH:21][C:20]1(C)C(C)C([H])C(C)C([H])[OH+:10]1>>[OH:10]C([H])C(C)C([H])C(C)[C:20](C)=[OH+:21] 21=20;20,10=10"
"C9=CC=CC=C9[O+:10]([H])[C:20]1([O:21][H])[S][CH](C)C([H])[CH](CC)[S]1.[Cl-]>>[Cl-].[H][O+:21]=[C:20]2[S][CH](C)[CH]([H])C(CC)[S]2.C9=CC=CC=C9[O:10][H] 21=20;20,10=10"
"[H][O+:10]([H])[C:20]1([NH:21]C)[O][CH]([H])C([H])[CH](C)[O]1.[Cl-]>>[Cl-].C[NH+:21]=[C:20]2[O][CH]([H])[CH]([H])C(C)[O]2.[H][O:10][H] 21=20;20,10=10"
"[H][O+:10]([H])[C:20]1([NH:21]CC)[NH][CH](C)C([H])[CH]([H])[O]1.[Cl-]>>[Cl-].CC[NH+:21]=[C:20]2[NH][CH](C)[CH]([H])C([H])[O]2.[H][O:10][H] 21=20;20,10=10"
"CC[S+:10]([H])[C:20]1([O:21]C)[S][CH](C7=CC=CC=C7)C(C)[CH](CC)[S]1.[Cl-]>>[Cl-].C[O+:21]=[C:20]2[S][CH](C7=CC=CC=C7)[CH](C)C(CC)[S]2.CC[S:10][H] 21=20;20,10=10"
"CC[NH+:21]=[C:20]2[NH][CH](C7=CC=CC=C7)[CH](C)C(CC)[O]2.C9=CC=CC=C9[O:10][H].[Cl-]>>[Cl-].C9=CC=CC=C9[O+:10]([H])[C:20]1([NH:21]CC)[NH][CH](C7=CC=CC=C7)C(C)[CH](CC)[O]1 10=20;20,21=21"
"[H][O+:10]([H])[C:20]1([O:21][H])[S]C(CC)C([H])[O]1.[Cl-]>>[Cl-].[H][O+:21]=[C:20]2[S]C(CC)C([H])[O]2.[H][O:10][H] 21=20;20,10=10"
"[H][NH+:10](C(CC)C(CC)[NH]1)[C:20]1([NH:21][H])[O][H].[Cl-]>>[Cl-].[H][NH:10]C(CC)C(CC)[NH][C:20]([O][H])=[NH+:21][H] 21=20;20,10=10"
"[H]C1C(C(O[C:20](N1C1=CC=CC=C1)([O-:10])[O:21][H])C1=CC=CC=C1)[H]>>[H]C1C(C(O[C:20](=[O:10])N1C1=CC=CC=C1)C1=CC=CC=C1)[H].[O-:21][H] 10=20;20,21=21"
"C1=CC=CC=C1C1C(C(O[C:20](=[O:10])N1C)CC)CCCCCC.[O-:21]C1=CC=CC=C1>>C1=CC=CC=C1C1C(C(O[C:20](N1C)([O-:10])[O:21]C1=CC=CC=C1)CC)CCCCCC 21=20;20,10=10"
"[OH:21][C:20]1(OCC)[OH+:10]C(CCC)C(O)=C1C>>[OH:10]C(CCC)/C(O)=C([C:20](OCC)=[OH+:21])/C 21=20;20,10=10"
"CC[S+:10]([H])[C:20]1([O:21][H])[O][CH](CC)C([H])[CH](C8=CC=CC=C8)[O]1.[Cl-]>>[Cl-].[H][O+:21]=[C:20]2[O][CH](CC)[CH]([H])C(C8=CC=CC=C8)[O]2.CC[S:10][H] 21=20;20,10=10"
"[H][S+:10]([H])[C:20]1([O:21][H])[O]C(CC)C(CC)[S]1.[Cl-]>>[Cl-].[H][O+:21]=[C:20]2[O]C(CC)C(CC)[S]2.[H][S:10][H] 21=20;20,10=10"
"[H][O+:10](C(C)C(C)C(CC)[O]1)[C:20]1([NH:21]C)[NH]CC.[Cl-]>>[Cl-].[H][O:10]C(C)C(C)C(CC)[O][C:20]([NH]CC)=[NH+:21]C 21=20;20,10=10"
"[H][S+:10]([H])[C:20]1([O:21][H])[O][CH](CC)C(C)[CH](C8=CC=CC=C8)[S]1.[Cl-]>>[Cl-].[H][O+:21]=[C:20]2[O][CH](CC)[CH](C)C(C8=CC=CC=C8)[S]2.[H][S:10][H] 21=20;20,10=10"
"C[S+:10]([H])[C:20]1([O:21][H])[S]C([H])C(CC)[O]1.[Cl-]>>[Cl-].[H][O+:21]=[C:20]2[S]C([H])C(CC)[O]2.C[S:10][H] 21=20;20,10=10"
"C1=CC=CC=C1C1C(C(O[C:20](N1[H])([O-:10])[Cl:21])C)C1=CC=CC=C1>>C1=CC=CC=C1C1C(C(O[C:20](=[O:10])N1[H])C)C1=CC=CC=C1.[Cl-:21] 10=20;20,21=21"
"[H]C1C(C(O[C:20](N1C)([O-:10])[O:21]CC)[H])C>>[H]C1C(C(O[C:20](=[O:10])N1C)[H])C.[O-:21]CC 10=20;20,21=21"
"[O-:21][C:20]1(OCC)C([H])C([H])C([H])C(C)[O+:10]1([Na])>>[O:10]([Na])C(C)C([H])C([H])C([H])[C:20](OCC)=[O:21] 21=20;20,10=10"
"[H][S:10]C(CC)C(C)C(C)[S][C:20]([S][H])=[O+:21][H].[Cl-]>>[Cl-].[H][S+:10](C(CC)C(C)C(C)[S]1)[C:20]1([O:21][H])[S][H] 10=20;20,21=21"
"C6=CC=CC=C6[NH+:21]=[C:20]2[O][CH](CC)[CH]([H])C(C)[NH]2.[H][NH:10][H].[Cl-]>>[Cl-].[H][NH+:10]([H])[C:20]1([NH:21]C6=CC=CC=C6)[O][CH](CC)C([H])[CH](C)[NH]1 10=20;20,21=21"
"[O-:21][C:20]1(OCC)[O+:10]([Na])C([H])C([H])C1O>>[O:10]([Na])C([H])C([H])C([C:20](OCC)=[O:21])O 21=20;20,10=10"
"CN([C:20](=[O:10])OC(C(C([O-:21])CC)C)[H])C>>CN([C:20]1(OC(C(C([O:21]1)CC)C)[H])[O-:10])C 21=20;20,10=10"
"[OH:10]C(C)C(C)/C([H])=C(C)\[C:20](OCC)=[OH+:21]>>[OH:21][C:20]1(OCC)C(C)=C([H])C(C)C(C)[OH+:10]1 10=20;20,21=21"
"[H][NH:10]C(C9=CC=CC=C9)C([H])[O][C:20]([O]CC)=[NH+:21]C6=CC=CC=C6.[Cl-]>>[Cl-].[H][NH+:10](C(C9=CC=CC=C9)C([H])[O]1)[C:20]1([NH:21]C6=CC=CC=C6)[O]CC 10=20;20,21=21"
"[H][NH+:10](C(C)C([H])C(C)[NH]1)[C:20]1([NH:21]CC)[O]C7=CC=CC=C7.[Cl-]>>[Cl-].[H][NH:10]C(C)C([H])C(C)[NH][C:20]([O]C7=CC=CC=C7)=[NH+:21]CC 21=20;20,10=10"
"[H][O+:10](C([H])C(C)C(C8=CC=CC=C8)[O]1)[C:20]1([O:21]C)[S]C7=CC=CC=C7.[Cl-]>>[Cl-].[H][O:10]C([H])C(C)C(C8=CC=CC=C8)[O][C:20]([S]C7=CC=CC=C7)=[O+:21]C 21=20;20,10=10"
"CC[O+:10]([H])[C:20]([O:21][Si](C)(C)(C))([O][H])[S]C.[Cl-]>>[Cl-].CC[O:10][H].[Si](C)(C)(C)[O+:21]=[C:20]([O][H])[S]C 21=20;20,10=10"
"[H][S+:10]([H])[C:20]1([O:21][H])[O][CH](C)C(C)[CH](C8=CC=CC=C8)[O]1.[Cl-]>>[Cl-].[H][O+:21]=[C:20]2[O][CH](C)[CH](C)C(C8=CC=CC=C8)[O]2.[H][S:10][H] 21=20;20,10=10"
"[H][O+:21]=[C:20]2[O][CH](C)[CH]([H])C([H])[O]2.C[S:10][H].[Cl-]>>[Cl-].C[S+:10]([H])[C:20]1([O:21][H])[O][CH](C)C([H])[CH]([H])[O]1 10=20;20,21=21"
"C1=CC=CC=C1C1C(C(O[C:20](=[O:10])N1C1=CC=CC=C1)CCCCCC)[H].[O-:21]CCCCCC>>C1=CC=CC=C1C1C(C(O[C:20](N1C1=CC=CC=C1)([O-:10])[O:21]CCCCCC)CCCCCC)[H] 21=20;20,10=10"
"[H][O+:10](C(CC)C(C)[NH]1)[C:20]1([NH:21]C6=CC=CC=C6)[O]CC.[Cl-]>>[Cl-].[H][O:10]C(CC)C(C)[NH][C:20]([O]CC)=[NH+:21]C6=CC=CC=C6 21=20;20,10=10"
"[O-:10]C(C1=C(C([CH:20](C)=[O:21])O)C=CC=C1)C>>[O-:21][CH:20]2(C)C(C3=C(C([O:10]2)C)C=CC=C3)O 10=20;20,21=21"
"[H][O:10]C([H])C(C)[NH][C:20]([O][H])=[NH+:21]C.[Cl-]>>[Cl-].[H][O+:10](C([H])C(C)[NH]1)[C:20]1([NH:21]C)[O][H] 10=20;20,21=21"
"[H][S+:10](C(CC)C([H])C(C)[S]1)[C:20]1([O:21][H])[O]C.[Cl-]>>[Cl-].[H][S:10]C(CC)C([H])C(C)[S][C:20]([O]C)=[O+:21][H] 21=20;20,10=10"
"CC[O+:10]([H])[C:20]1([O:21][Si](C)(C)(C))[S]C(C)C([H])[S]1.[Cl-]>>[Cl-].[Si](C)(C)(C)[O+:21]=[C:20]2[S]C(C)C([H])[S]2.CC[O:10][H] 21=20;20,10=10"
"[H][O:10]C(C9=CC=CC=C9)C(CC)[NH][C:20]([O]CC)=[NH+:21]C.[Cl-]>>[Cl-].[H][O+:10](C(C9=CC=CC=C9)C(CC)[NH]1)[C:20]1([NH:21]C)[O]CC 10=20;20,21=21"
"[H]N([C:20]1(OC(C(C([O:21]1)C)CC)CCCCCC)[O-:10])C1=CC=CC=C1>>[H]N([C:20](=[O:10])OC(C(C([O-:21])C)CC)CCCCCC)C1=CC=CC=C1 10=20;20,21=21"
"[H][O+:10](C(C)C([H])C(CC)[O]1)[C:20]1([NH:21]CC)[NH]C.[Cl-]>>[Cl-].[H][O:10]C(C)C([H])C(CC)[O][C:20]([NH]C)=[NH+:21]CC 21=20;20,10=10"
"[OH:21][C:20]2(C)C(C(C)C3=C([OH+:10]2)C=CC=C3)O>>[OH:10]C(C=CC=C1)=C1C(C)C([C:20](C)=[OH+:21])O 21=20;20,10=10"
"[OH:21][C:20]1(OCC)C(C)C(O)C(C)C(C)[OH+:10]1>>[OH:10]C(C)C(C)C(O)C(C)[C:20](OCC)=[OH+:21] 21=20;20,10=10"
"[H][O+:10](C(CC)C([H])C([H])[S]1)[C:20]1([O:21][H])[S]C7=CC=CC=C7.[Cl-]>>[Cl-].[H][O:10]C(CC)C([H])C([H])[S][C:20]([S]C7=CC=CC=C7)=[O+:21][H] 21=20;20,10=10"
"C(C([O-:21])[H])(C(O[C:20](=[O:10])OCC)C1=CC=CC=C1)[H]>>C1(C(O[C:20]([O-:10])([O:21]C1[H])OCC)C1=CC=CC=C1)[H] 21=20;20,10=10"
"C[NH+:21]=[C:20]2[NH]C(C)C([H])[O]2.C[NH:10][H].[Cl-]>>[Cl-].C[NH+:10]([H])[C:20]1([NH:21]C)[NH]C(C)C([H])[O]1 10=20;20,21=21"
"CCCCCCC1C(C(O[C:20](=[O:10])N1[H])CCCCCC)[H].[O-:21]CCCCCC>>CCCCCCC1C(C(O[C:20](N1[H])([O-:10])[O:21]CCCCCC)CCCCCC)[H] 21=20;20,10=10"
"[O:10]([Na])C(CC)C(C)C(C)C(C)[C:20](OCC)=[O:21]>>[O-:21][C:20]1(OCC)C(C)C(C)C(C)C(CC)[O+:10]1([Na]) 10=20;20,21=21"
"[H][O:10]C(CC)C(C)C(CC)[O][C:20]([O]C7=CC=CC=C7)=[O+:21][H].[Cl-]>>[Cl-].[H][O+:10](C(CC)C(C)C(CC)[O]1)[C:20]1([O:21][H])[O]C7=CC=CC=C7 10=20;20,21=21"
"[H]N([C:20]1(OC(C([O:21]1)C)C)[O-:10])CC>>[H]N([C:20](=[O:10])OC(C([O-:21])C)C)CC 10=20;20,21=21"
"C9=CC=CC=C9[NH+:10]([H])[C:20]([NH:21]C)([NH]C8=CC=CC=C8)[O]C7=CC=CC=C7.[Cl-]>>[Cl-].C9=CC=CC=C9[NH:10][H].C[NH+:21]=[C:20]([NH]C8=CC=CC=C8)[O]C7=CC=CC=C7 21=20;20,10=10"
"[H][S:10]C(C9=CC=CC=C9)C(C)[O][C:20]([O][H])=[O+:21][Si](C)(C)(C).[Cl-]>>[Cl-].[H][S+:10](C(C9=CC=CC=C9)C(C)[O]1)[C:20]1([O:21][Si](C)(C)(C))[O][H] 10=20;20,21=21"
"[H][NH:10]C(C)C([H])C([H])[O][C:20]([O]CC)=[NH+:21][H].[Cl-]>>[Cl-].[H][NH+:10](C(C)C([H])C([H])[O]1)[C:20]1([NH:21][H])[O]CC 10=20;20,21=21"
"CC[O+:10]([H])[C:20]1([NH:21]C6=CC=CC=C6)[NH]C([H])C(C8=CC=CC=C8)[O]1.[Cl-]>>[Cl-].C6=CC=CC=C6[NH+:21]=[C:20]2[NH]C([H])C(C8=CC=CC=C8)[O]2.CC[O:10][H] 21=20;20,10=10"
"[H][O+:10](C(CC)C([H])C(C)[O]1)[C:20]1([O:21][H])[S]C7=CC=CC=C7.[Cl-]>>[Cl-].[H][O:10]C(CC)C([H])C(C)[O][C:20]([S]C7=CC=CC=C7)=[O+:21][H] 21=20;20,10=10"
"[H][O+:10](C(CC)C([H])C(C8=CC=CC=C8)[O]1)[C:20]1([NH:21]CC)[NH]CC.[Cl-]>>[Cl-].[H][O:10]C(CC)C([H])C(C8=CC=CC=C8)[O][C:20]([NH]CC)=[NH+:21]CC 21=20;20,10=10"
"CC1C(C(O[C:20](N1C)([O-:10])[O:21][H])C)CC>>CC1C(C(O[C:20](=[O:10])N1C)C)CC.[O-:21][H] 10=20;20,21=21"
"CCCCCCN([C:20]1(OC(C(C([O:21]1)C1=CC=CC=C1)[H])C)[O-:10])CC>>CCCCCCN([C:20](=[O:10])OC(C(C([O-:21])C1=CC=CC=C1)[H])C)CC 10=20;20,21=21"
"CCC1C(O[C:20](N1C1=CC=CC=C1)([O-:10])[Cl:21])CC>>CCC1C(O[C:20](=[O:10])N1C1=CC=CC=C1)CC.[Cl-:21] 10=20;20,21=21"
"C1=CC=CC=C1C1C(C(O[C:20](=[O:10])N1[H])C)C.[O-:21]CC>>C1=CC=CC=C1C1C(C(O[C:20](N1[H])([O-:10])[O:21]CC)C)C 21=20;20,10=10"
"[H][O:10]C(C)C(C)C([H])[O][C:20]([O]C)=[NH+:21]C6=CC=CC=C6.[Cl-]>>[Cl-].[H][O+:10](C(C)C(C)C([H])[O]1)[C:20]1([NH:21]C6=CC=CC=C6)[O]C 10=20;20,21=21"
"[H][O:10][H].C[O+:21]=[C:20]([S]C)[O][H].[Cl-]>>[Cl-].[H][O+:10]([H])[C:20]([O:21]C)([S]C)[O][H] 10=20;20,21=21"
"C[O+:21]=[C:20]2[S][CH]([H])[CH](C)C(C)[O]2.C[O:10][H].[Cl-]>>[Cl-].C[O+:10]([H])[C:20]1([O:21]C)[S][CH]([H])C(C)[CH](C)[O]1 10=20;20,21=21"
"[O-:10]C(CCC)C(C)/C(C)=C(C)\[C:20]([H])=[O:21]>>[O-:21][C:20]1([H])C(C)=C(C)C(C)C(CCC)[O:10]1 10=20;20,21=21"
"[H][O+:10](C(C9=CC=CC=C9)C(CC)[NH]1)[C:20]1([NH:21][H])[NH][H].[Cl-]>>[Cl-].[H][O:10]C(C9=CC=CC=C9)C(CC)[NH][C:20]([NH][H])=[NH+:21][H] 21=20;20,10=10"
"CC[NH:10][H].[H][NH+:21]=[C:20]([O][H])[NH]C.[Cl-]>>[Cl-].CC[NH+:10]([H])[C:20]([NH:21][H])([O][H])[NH]C 10=20;20,21=21"
"[H][O:10]C(C9=CC=CC=C9)C([H])C(CC)[NH][C:20]([NH]C)=[NH+:21]C.[Cl-]>>[Cl-].[H][O+:10](C(C9=CC=CC=C9)C([H])C(CC)[NH]1)[C:20]1([NH:21]C)[NH]C 10=20;20,21=21"
"C6=CC=CC=C6[NH+:21]=[C:20]2[NH][CH](C7=CC=CC=C7)[CH](C)C(C8=CC=CC=C8)[O]2.C[NH:10][H].[Cl-]>>[Cl-].C[NH+:10]([H])[C:20]1([NH:21]C6=CC=CC=C6)[NH][CH](C7=CC=CC=C7)C(C)[CH](C8=CC=CC=C8)[O]1 10=20;20,21=21"
"C[NH+:21]=[C:20]2[O][CH](CC)[CH](C)C(CC)[NH]2.[H][NH:10][H].[Cl-]>>[Cl-].[H][NH+:10]([H])[C:20]1([NH:21]C)[O][CH](CC)C(C)[CH](CC)[NH]1 10=20;20,21=21"
"[O-:10]C([H])C(O)C([C:20](OCC)=[O:21])C>>[O-:21][C:20]1(OCC)[O:10]C([H])C(O)C1C 10=20;20,21=21"
"C[O+:10]([H])[C:20]1([NH:21]C)[NH][CH](C7=CC=CC=C7)C(C)[CH](C8=CC=CC=C8)[NH]1.[Cl-]>>[Cl-].C[NH+:21]=[C:20]2[NH][CH](C7=CC=CC=C7)[CH](C)C(C8=CC=CC=C8)[NH]2.C[O:10][H] 21=20;20,10=10"
"[H][NH+:21]=[C:20]2[NH][CH]([H])[CH]([H])C([H])[NH]2.CC[NH:10][H].[Cl-]>>[Cl-].CC[NH+:10]([H])[C:20]1([NH:21][H])[NH][CH]([H])C([H])[CH]([H])[NH]1 10=20;20,21=21"
"CN([C:20](=[O:10])OC(C([O-:21])[H])CCCCCC)CC>>CN([C:20]1(OC(C([O:21]1)[H])CCCCCC)[O-:10])CC 21=20;20,10=10"
"C[O+:21]=[C:20]2[O]C(CC)C([H])[S]2.[H][S:10][H].[Cl-]>>[Cl-].[H][S+:10]([H])[C:20]1([O:21]C)[O]C(CC)C([H])[S]1 10=20;20,21=21"
"[H][O+:10](C(C9=CC=CC=C9)C([H])C(C)[NH]1)[C:20]1([NH:21]C6=CC=CC=C6)[O]CC.[Cl-]>>[Cl-].[H][O:10]C(C9=CC=CC=C9)C([H])C(C)[NH][C:20]([O]CC)=[NH+:21]C6=CC=CC=C6 21=20;20,10=10"
"[H]N([C:20]1(OC(C(C([O:21]1)CCCCCC)CCCCCC)C1=CC=CC=C1)[O-:10])CC>>[H]N([C:20](=[O:10])OC(C(C([O-:21])CCCCCC)CCCCCC)C1=CC=CC=C1)CC 10=20;20,21=21"
"[H][O+:21]=[C:20]2[S][CH](C7=CC=CC=C7)[CH]([H])C(C)[S]2.C[S:10][H].[Cl-]>>[Cl-].C[S+:10]([H])[C:20]1([O:21][H])[S][CH](C7=CC=CC=C7)C([H])[CH](C)[S]1 10=20;20,21=21"
"[H][O:10]C(C9=CC=CC=C9)C([H])C(C8=CC=CC=C8)[O][C:20]([S][H])=[O+:21][H].[Cl-]>>[Cl-].[H][O+:10](C(C9=CC=CC=C9)C([H])C(C8=CC=CC=C8)[O]1)[C:20]1([O:21][H])[S][H] 10=20;20,21=21"
"[H]N([C:20](=[O:10])OC(C(C([O-:21])CC)C)C)CC>>[H]N([C:20]1(OC(C(C([O:21]1)CC)C)C)[O-:10])CC 21=20;20,10=10"
"[H][S:10]C([H])C(C8=CC=CC=C8)[O][C:20]([S][H])=[O+:21]C.[Cl-]>>[Cl-].[H][S+:10](C([H])C(C8=CC=CC=C8)[O]1)[C:20]1([O:21]C)[S][H] 10=20;20,21=21"
"C6=CC=CC=C6[NH+:21]=[C:20]2[NH][CH](C)[CH]([H])C(CC)[O]2.[H][NH:10][H].[Cl-]>>[Cl-].[H][NH+:10]([H])[C:20]1([NH:21]C6=CC=CC=C6)[NH][CH](C)C([H])[CH](CC)[O]1 10=20;20,21=21"
"CN([C:20](=[O:10])OC1=CC=CC=C1)[H].[O-:21]CC>>CN([C:20]([O-:10])(OC1=CC=CC=C1)[O:21]CC)[H] 21=20;20,10=10"
"CCCCCCN([C:20]1(OC(C(C([O:21]1)CCCCCC)CC)[H])[O-:10])[H]>>CCCCCCN([C:20](=[O:10])OC(C(C([O-:21])CCCCCC)CC)[H])[H] 10=20;20,21=21"
"CCCCCCC1C(C(O[C:20](N1[H])([O-:10])[O:21][H])CCCCCC)[H]>>CCCCCCC1C(C(O[C:20](=[O:10])N1[H])CCCCCC)[H].[O-:21][H] 10=20;20,21=21"
"C1(C(O[C:20]([O-:10])([O:21]C1CCCCCC)O[H])C)[H]>>C(C([O-:21])CCCCCC)(C(O[C:20](=[O:10])O[H])C)[H] 10=20;20,21=21"
"[H][O+:10](C(C)C(C)C(C8=CC=CC=C8)[O]1)[C:20]1([NH:21]C6=CC=CC=C6)[NH]C7=CC=CC=C7.[Cl-]>>[Cl-].[H][O:10]C(C)C(C)C(C8=CC=CC=C8)[O][C:20]([NH]C7=CC=CC=C7)=[NH+:21]C6=CC=CC=C6 21=20;20,10=10"
"[H][O:10]C(C)C(C)C(C8=CC=CC=C8)[O][C:20]([NH]C)=[NH+:21]C6=CC=CC=C6.[Cl-]>>[Cl-].[H][O+:10](C(C)C(C)C(C8=CC=CC=C8)[O]1)[C:20]1([NH:21]C6=CC=CC=C6)[NH]C 10=20;20,21=21"
"CCC1C(C(O[C:20](N1C1=CC=CC=C1)([O-:10])[O:21]CC)C)CC>>CCC1C(C(O[C:20](=[O:10])N1C1=CC=CC=C1)C)CC.[O-:21]CC 10=20;20,21=21"
"[H][O:10]C(C9=CC=CC=C9)C([H])C([H])[NH][C:20]([NH][H])=[NH+:21][H].[Cl-]>>[Cl-].[H][O+:10](C(C9=CC=CC=C9)C([H])C([H])[NH]1)[C:20]1([NH:21][H])[NH][H] 10=20;20,21=21"
"[H][NH:10]C(C)C(C)[O][C:20]([O][H])=[NH+:21]CC.[Cl-]>>[Cl-].[H][NH+:10](C(C)C(C)[O]1)[C:20]1([NH:21]CC)[O][H] 10=20;20,21=21"
"[H][O+:10](C(C9=CC=CC=C9)C([H])C(CC)[O]1)[C:20]1([NH:21][H])[O][H].[Cl-]>>[Cl-].[H][O:10]C(C9=CC=CC=C9)C([H])C(CC)[O][C:20]([O][H])=[NH+:21][H] 21=20;20,10=10"
"[O-:21][C:20]1(OCC)C([H])C(C)C([H])C(CC)[O+:10]1([Na])>>[O:10]([Na])C(CC)C([H])C(C)C([H])[C:20](OCC)=[O:21] 21=20;20,10=10"
"[H][O+:10](C(C9=CC=CC=C9)C(CC)[S]1)[C:20]1([O:21][Si](C)(C)(C))[S][H].[Cl-]>>[Cl-].[H][O:10]C(C9=CC=CC=C9)C(CC)[S][C:20]([S][H])=[O+:21][Si](C)(C)(C) 21=20;20,10=10"
"C9=CC=CC=C9[O+:10]([H])[C:20]1([O:21][H])[S]C(C)C(C)[O]1.[Cl-]>>[Cl-].[H][O+:21]=[C:20]2[S]C(C)C(C)[O]2.C9=CC=CC=C9[O:10][H] 21=20;20,10=10"
"[H][S:10]C(C)C(CC)[O][C:20]([S]CC)=[O+:21]C.[Cl-]>>[Cl-].[H][S+:10](C(C)C(CC)[O]1)[C:20]1([O:21]C)[S]CC 10=20;20,21=21"
"C[O+:21]=[C:20]2[O][CH](C7=CC=CC=C7)[CH]([H])C([H])[O]2.[H][O:10][H].[Cl-]>>[Cl-].[H][O+:10]([H])[C:20]1([O:21]C)[O][CH](C7=CC=CC=C7)C([H])[CH]([H])[O]1 10=20;20,21=21"
"CC1C(C(O[C:20](N1[H])([O-:10])[O:21]C)C)C>>CC1C(C(O[C:20](=[O:10])N1[H])C)C.[O-:21]C 10=20;20,21=21"
"C9=CC=CC=C9[NH+:10]([H])[C:20]1([NH:21]C)[O][CH](CC)C(C)[CH](CC)[NH]1.[Cl-]>>[Cl-].C[NH+:21]=[C:20]2[O][CH](CC)[CH](C)C(CC)[NH]2.C9=CC=CC=C9[NH:10][H] 21=20;20,10=10"
"[H][NH+:10]([H])[C:20]([NH:21]CC)([O]CC)[O]CC.[Cl-]>>[Cl-].[H][NH:10][H].CC[NH+:21]=[C:20]([O]CC)[O]CC 21=20;20,10=10"
"[H][O:10]C(CC)C([H])C(CC)[O][C:20]([S]C)=[O+:21]C.[Cl-]>>[Cl-].[H][O+:10](C(CC)C([H])C(CC)[O]1)[C:20]1([O:21]C)[S]C 10=20;20,21=21"
"[H][NH+:10](C([H])C([H])C(C8=CC=CC=C8)[NH]1)[C:20]1([NH:21]C)[NH]C7=CC=CC=C7.[Cl-]>>[Cl-].[H][NH:10]C([H])C([H])C(C8=CC=CC=C8)[NH][C:20]([NH]C7=CC=CC=C7)=[NH+:21]C 21=20;20,10=10"
"[H]C1C(O[C:20](N1C1=CC=CC=C1)([O-:10])[O:21]C1=CC=CC=C1)C1=CC=CC=C1>>[H]C1C(O[C:20](=[O:10])N1C1=CC=CC=C1)C1=CC=CC=C1.[O-:21]C1=CC=CC=C1 10=20;20,21=21"
"C1=CC=CC=C1N([C:20]1(OC(C([O:21]1)C1=CC=CC=C1)C1=CC=CC=C1)[O-:10])CCCCCC>>C1=CC=CC=C1N([C:20](=[O:10])OC(C([O-:21])C1=CC=CC=C1)C1=CC=CC=C1)CCCCCC 10=20;20,21=21"
"[H][S:10]C(CC)C(C)C([H])[O][C:20]([S]C7=CC=CC=C7)=[O+:21]C.[Cl-]>>[Cl-].[H][S+:10](C(CC)C(C)C([H])[O]1)[C:20]1([O:21]C)[S]C7=CC=CC=C7 10=20;20,21=21"
"[H][NH:10]C(C9=CC=CC=C9)C([H])C(C8=CC=CC=C8)[O][C:20]([O]CC)=[NH+:21]C.[Cl-]>>[Cl-].[H][NH+:10](C(C9=CC=CC=C9)C([H])C(C8=CC=CC=C8)[O]1)[C:20]1([NH:21]C)[O]CC 10=20;20,21=21"
"[H][O:10]C(CC)C([H])C([H])[S][C:20]([S]CC)=[O+:21][H].[Cl-]>>[Cl-].[H][O+:10](C(CC)C([H])C([H])[S]1)[C:20]1([O:21][H])[S]CC 10=20;20,21=21"
"[H]N([C:20]1(OC(C([O:21]1)[H])CC)[O-:10])CCCCCC>>[H]N([C:20](=[O:10])OC(C([O-:21])[H])CC)CCCCCC 10=20;20,21=21"
"C9=CC=CC=C9[O+:10]([H])[C:20]1([O:21]C)[O]C(C7=CC=CC=C7)C(C8=CC=CC=C8)[S]1.[Cl-]>>[Cl-].C[O+:21]=[C:20]2[O]C(C7=CC=CC=C7)C(C8=CC=CC=C8)[S]2.C9=CC=CC=C9[O:10][H] 21=20;20,10=10"
"C[O+:21]=[C:20]2[S]C(C7=CC=CC=C7)C(C8=CC=CC=C8)[S]2.C9=CC=CC=C9[S:10][H].[Cl-]>>[Cl-].C9=CC=CC=C9[S+:10]([H])[C:20]1([O:21]C)[S]C(C7=CC=CC=C7)C(C8=CC=CC=C8)[S]1 10=20;20,21=21"
"[H][NH+:21]=[C:20]2[NH]C(CC)C(CC)[O]2.[H][NH:10][H].[Cl-]>>[Cl-].[H][NH+:10]([H])[C:20]1([NH:21][H])[NH]C(CC)C(CC)[O]1 10=20;20,21=21"
"[H]N([C:20]1(OC(C(C([O:21]1)CC)CCCCCC)C1=CC=CC=C1)[O-:10])CC>>[H]N([C:20](=[O:10])OC(C(C([O-:21])CC)CCCCCC)C1=CC=CC=C1)CC 10=20;20,21=21"
"CC[O+:10]([H])[C:20]1([O:21][Si](C)(C)(C))[S]C(CC)C([H])[S]1.[Cl-]>>[Cl-].[Si](C)(C)(C)[O+:21]=[C:20]2[S]C(CC)C([H])[S]2.CC[O:10][H] 21=20;20,10=10"
"[H][O+:10](C([H])C([H])C(CC)[O]1)[C:20]1([NH:21]C6=CC=CC=C6)[NH]C7=CC=CC=C7.[Cl-]>>[Cl-].[H][O:10]C([H])C([H])C(CC)[O][C:20]([NH]C7=CC=CC=C7)=[NH+:21]C6=CC=CC=C6 21=20;20,10=10"
"C6=CC=CC=C6[NH+:21]=[C:20]2[NH]C(C7=CC=CC=C7)C(C8=CC=CC=C8)[O]2.C[NH:10][H].[Cl-]>>[Cl-].C[NH+:10]([H])[C:20]1([NH:21]C6=CC=CC=C6)[NH]C(C7=CC=CC=C7)C(C8=CC=CC=C8)[O]1 10=20;20,21=21"
"C[O+:10]([H])[C:20]([O:21][Si](C)(C)(C))([S]C)[O][H].[Cl-]>>[Cl-].C[O:10][H].[Si](C)(C)(C)[O+:21]=[C:20]([S]C)[O][H] 21=20;20,10=10"
"CC[O+:10]([H])[C:20]1([NH:21]C6=CC=CC=C6)[NH][CH](C)C(C)[CH]([H])[O]1.[Cl-]>>[Cl-].C6=CC=CC=C6[NH+:21]=[C:20]2[NH][CH](C)[CH](C)C([H])[O]2.CC[O:10][H] 21=20;20,10=10"
"C[NH+:21]=[C:20]2[O][CH](C)[CH]([H])C(C8=CC=CC=C8)[NH]2.[H][NH:10][H].[Cl-]>>[Cl-].[H][NH+:10]([H])[C:20]1([NH:21]C)[O][CH](C)C([H])[CH](C8=CC=CC=C8)[NH]1 10=20;20,21=21"
"[H]C1C(C(O[C:20](=[O:10])N1C)C)CCCCCC.[O-:21]C>>[H]C1C(C(O[C:20](N1C)([O-:10])[O:21]C)C)CCCCCC 21=20;20,10=10"
"[OH:10]C([H])C([H])C(O)C([H])[C:20](OCC)=[OH+:21]>>[OH:21][C:20]1(OCC)C([H])C(O)C([H])C([H])[OH+:10]1 10=20;20,21=21"
"[H][S:10]C(C)C([H])[S][C:20]([S]C)=[O+:21][H].[Cl-]>>[Cl-].[H][S+:10](C(C)C([H])[S]1)[C:20]1([O:21][H])[S]C 10=20;20,21=21"
"C1=CC=CC=C1C1C(O[C:20](N1CCCCCC)([O-:10])[O:21]CC)[H]>>C1=CC=CC=C1C1C(O[C:20](=[O:10])N1CCCCCC)[H].[O-:21]CC 10=20;20,21=21"
"[H][S:10]C(C9=CC=CC=C9)C(C8=CC=CC=C8)[S][C:20]([O]C)=[O+:21][H].[Cl-]>>[Cl-].[H][S+:10](C(C9=CC=CC=C9)C(C8=CC=CC=C8)[S]1)[C:20]1([O:21][H])[O]C 10=20;20,21=21"
"[OH:10]C(C)/C([H])=C([C:20](OCC)=[OH+:21])/O>>[OH:21][C:20]1(OCC)[OH+:10]C(C)C([H])=C1O 10=20;20,21=21"
"[H][NH+:10](C([H])C(C)C(C)[O]1)[C:20]1([NH:21]C)[O]C7=CC=CC=C7.[Cl-]>>[Cl-].[H][NH:10]C([H])C(C)C(C)[O][C:20]([O]C7=CC=CC=C7)=[NH+:21]C 21=20;20,10=10"
"[H][O:10][H].[H][O+:21]=[C:20]([O]CC)[O]CC.[Cl-]>>[Cl-].[H][O+:10]([H])[C:20]([O:21][H])([O]CC)[O]CC 10=20;20,21=21"
"[H][NH+:10](C([H])C(CC)[O]1)[C:20]1([NH:21][H])[NH]C7=CC=CC=C7.[Cl-]>>[Cl-].[H][NH:10]C([H])C(CC)[O][C:20]([NH]C7=CC=CC=C7)=[NH+:21][H] 21=20;20,10=10"
"[H][O:10]C(C)C(C)[O][C:20]([NH]CC)=[NH+:21]C.[Cl-]>>[Cl-].[H][O+:10](C(C)C(C)[O]1)[C:20]1([NH:21]C)[NH]CC 10=20;20,21=21"
"[H][O+:10](C(C9=CC=CC=C9)C(C)C(C)[O]1)[C:20]1([NH:21][H])[O]CC.[Cl-]>>[Cl-].[H][O:10]C(C9=CC=CC=C9)C(C)C(C)[O][C:20]([O]CC)=[NH+:21][H] 21=20;20,10=10"
"[H][NH:10]C(C)C([H])C(C)[O][C:20]([O]C)=[NH+:21]C6=CC=CC=C6.[Cl-]>>[Cl-].[H][NH+:10](C(C)C([H])C(C)[O]1)[C:20]1([NH:21]C6=CC=CC=C6)[O]C 10=20;20,21=21"
"C1=CC=CC=C1N([C:20](=[O:10])OC(C(C([O-:21])C)C)CC)C>>C1=CC=CC=C1N([C:20]1(OC(C(C([O:21]1)C)C)CC)[O-:10])C 21=20;20,10=10"
"[H][S+:10](C(CC)C(C)C([H])[O]1)[C:20]1([O:21][H])[S][H].[Cl-]>>[Cl-].[H][S:10]C(CC)C(C)C([H])[O][C:20]([S][H])=[O+:21][H] 21=20;20,10=10"
"[K][O:21]C.[C:20](=[O:10])(OC1=CC=CC=C1)OCCCCCC>>[K][O+:21]([C:20]([O-:10])(OC1=CC=CC=C1)OCCCCCC)C 21=20;20,10=10"
"[H][O:10]C([H])C([H])C(C8=CC=CC=C8)[O][C:20]([NH][H])=[NH+:21]C.[Cl-]>>[Cl-].[H][O+:10](C([H])C([H])C(C8=CC=CC=C8)[O]1)[C:20]1([NH:21]C)[NH][H] 10=20;20,21=21"
"[K][O:21]C1=CC=CC=C1.[C:20](=[O:10])(OCCCCCC)OC1=CC=CC=C1>>[K][O+:21]([C:20]([O-:10])(OCCCCCC)OC1=CC=CC=C1)C1=CC=CC=C1 21=20;20,10=10"
"CC[O+:10]([H])[C:20]1([NH:21]CC)[O]C([H])C(CC)[NH]1.[Cl-]>>[Cl-].CC[NH+:21]=[C:20]2[O]C([H])C(CC)[NH]2.CC[O:10][H] 21=20;20,10=10"
"[NH:10](C)C(CC)C([H])/C(C)=C(C)\[C:20](C)=[O:21]>>[O-:21][C:20]1(C)C(C)=C(C)C([H])C(CC)[NH+:10]1(C) 10=20;20,21=21"
"[H][NH+:21]=[C:20]2[O]C([H])C(CC)[NH]2.CC[O:10][H].[Cl-]>>[Cl-].CC[O+:10]([H])[C:20]1([NH:21][H])[O]C([H])C(CC)[NH]1 10=20;20,21=21"
"[H][NH+:10](C([H])C(C8=CC=CC=C8)[O]1)[C:20]1([NH:21][H])[O]CC.[Cl-]>>[Cl-].[H][NH:10]C([H])C(C8=CC=CC=C8)[O][C:20]([O]CC)=[NH+:21][H] 21=20;20,10=10"
"[H][O:10]C([H])C([H])C(C8=CC=CC=C8)[NH][C:20]([NH]CC)=[NH+:21]CC.[Cl-]>>[Cl-].[H][O+:10](C([H])C([H])C(C8=CC=CC=C8)[NH]1)[C:20]1([NH:21]CC)[NH]CC 10=20;20,21=21"
"[O:10]([Na])C(CC)/C([H])=C(C)\C([H])[C:20](C)=[O:21]>>[O-:21][C:20]1(C)C([H])C(C)=C([H])C(CC)[O+:10]1([Na]) 10=20;20,21=21"
"CC[S+:10]([H])[C:20]1([O:21][H])[O][CH](CC)C(C)[CH](C8=CC=CC=C8)[S]1.[Cl-]>>[Cl-].[H][O+:21]=[C:20]2[O][CH](CC)[CH](C)C(C8=CC=CC=C8)[S]2.CC[S:10][H] 21=20;20,10=10"
"[H][O:10]C(C)C(CC)[S][C:20]([O]C7=CC=CC=C7)=[O+:21][H].[Cl-]>>[Cl-].[H][O+:10](C(C)C(CC)[S]1)[C:20]1([O:21][H])[O]C7=CC=CC=C7 10=20;20,21=21"
"[H][O+:10](C(C)C(C)C(C8=CC=CC=C8)[O]1)[C:20]1([O:21]C)[S]CC.[Cl-]>>[Cl-].[H][O:10]C(C)C(C)C(C8=CC=CC=C8)[O][C:20]([S]CC)=[O+:21]C 21=20;20,10=10"
"[OH:21][C:20]1([H])C(C)C(C)=C(C)C([H])[OH+:10]1>>[OH:10]C([H])/C(C)=C(C)\C(C)[C:20]([H])=[OH+:21] 21=20;20,10=10"
"C[S+:10]([H])[C:20]([O:21][Si](C)(C)(C))([O]CC)[O]CC.[Cl-]>>[Cl-].C[S:10][H].[Si](C)(C)(C)[O+:21]=[C:20]([O]CC)[O]CC 21=20;20,10=10"
"C1=CC=CC=C1N([C:20]([O-:10])(OCC)[Cl:21])[H]>>C1=CC=CC=C1N([C:20](=[O:10])OCC)[H].[Cl-:21] 10=20;20,21=21"
"[H][O+:10](C(C)C(C)C(C8=CC=CC=C8)[NH]1)[C:20]1([NH:21]C6=CC=CC=C6)[NH]CC.[Cl-]>>[Cl-].[H][O:10]C(C)C(C)C(C8=CC=CC=C8)[NH][C:20]([NH]CC)=[NH+:21]C6=CC=CC=C6 21=20;20,10=10"
"[H][NH:10]C([H])C([H])C([H])[NH][C:20]([O]CC)=[NH+:21]CC.[Cl-]>>[Cl-].[H][NH+:10](C([H])C([H])C([H])[NH]1)[C:20]1([NH:21]CC)[O]CC 10=20;20,21=21"
"C1(C(O[C:20]([O-:10])([O:21]C1[H])OC)CCCCCC)CC>>C(C([O-:21])[H])(C(O[C:20](=[O:10])OC)CCCCCC)CC 10=20;20,21=21"
"C[S+:10]([H])[C:20]1([O:21][H])[S]C([H])C(C)[O]1.[Cl-]>>[Cl-].[H][O+:21]=[C:20]2[S]C([H])C(C)[O]2.C[S:10][H] 21=20;20,10=10"
"[H][NH+:10](C([H])C([H])C(C)[O]1)[C:20]1([NH:21]C6=CC=CC=C6)[NH]C.[Cl-]>>[Cl-].[H][NH:10]C([H])C([H])C(C)[O][C:20]([NH]C)=[NH+:21]C6=CC=CC=C6 21=20;20,10=10"
"C9=CC=CC=C9[NH+:10]([H])[C:20]1([NH:21]CC)[O][CH](CC)C(C)[CH](C8=CC=CC=C8)[NH]1.[Cl-]>>[Cl-].CC[NH+:21]=[C:20]2[O][CH](CC)[CH](C)C(C8=CC=CC=C8)[NH]2.C9=CC=CC=C9[NH:10][H] 21=20;20,10=10"
"CC1C(C(O[C:20](N1[H])([O-:10])[O:21]C)CC)CC>>CC1C(C(O[C:20](=[O:10])N1[H])CC)CC.[O-:21]C 10=20;20,21=21"
"CC[S+:10]([H])[C:20]([O:21][Si](C)(C)(C))([S]C)[O]C7=CC=CC=C7.[Cl-]>>[Cl-].CC[S:10][H].[Si](C)(C)(C)[O+:21]=[C:20]([S]C)[O]C7=CC=CC=C7 21=20;20,10=10"
"[H][O+:21]=[C:20]2[O][CH](C7=CC=CC=C7)[CH](C)C(C)[S]2.C[S:10][H].[Cl-]>>[Cl-].C[S+:10]([H])[C:20]1([O:21][H])[O][CH](C7=CC=CC=C7)C(C)[CH](C)[S]1 10=20;20,21=21"
"[NH:10](C)C(CC)C(C)C([H])C([H])[C:20](OCC)=[O:21]>>[O-:21][C:20]1(OCC)C([H])C([H])C(C)C(CC)[NH+:10]1(C) 10=20;20,21=21"
"[H][O+:10](C(C)C(C)C(C)[NH]1)[C:20]1([NH:21]C6=CC=CC=C6)[NH]C7=CC=CC=C7.[Cl-]>>[Cl-].[H][O:10]C(C)C(C)C(C)[NH][C:20]([NH]C7=CC=CC=C7)=[NH+:21]C6=CC=CC=C6 21=20;20,10=10"
"[H][O+:10](C(C)C([H])C([H])[O]1)[C:20]1([O:21]C)[S]C7=CC=CC=C7.[Cl-]>>[Cl-].[H][O:10]C(C)C([H])C([H])[O][C:20]([S]C7=CC=CC=C7)=[O+:21]C 21=20;20,10=10"
"[O-:21][C:20]1(OCC)C(C)C([H])=C(C)C([H])[NH+:10]1(C)>>[NH:10](C)C([H])/C(C)=C([H])\C(C)[C:20](OCC)=[O:21] 21=20;20,10=10"
"C[O+:10]([H])[C:20]([NH:21]C)([NH]C8=CC=CC=C8)[O][H].[Cl-]>>[Cl-].C[O:10][H].C[NH+:21]=[C:20]([NH]C8=CC=CC=C8)[O][H] 21=20;20,10=10"
"[H][NH+:10](C(C)C([H])[O]1)[C:20]1([NH:21][H])[NH]C7=CC=CC=C7.[Cl-]>>[Cl-].[H][NH:10]C(C)C([H])[O][C:20]([NH]C7=CC=CC=C7)=[NH+:21][H] 21=20;20,10=10"
"[H][NH+:21]=[C:20]2[O]C(C)C([H])[O]2.CC[O:10][H].[Cl-]>>[Cl-].CC[O+:10]([H])[C:20]1([NH:21][H])[O]C(C)C([H])[O]1 10=20;20,21=21"
"C[NH+:21]=[C:20]2[NH][CH](C7=CC=CC=C7)[CH]([H])C(C)[NH]2.C[O:10][H].[Cl-]>>[Cl-].C[O+:10]([H])[C:20]1([NH:21]C)[NH][CH](C7=CC=CC=C7)C([H])[CH](C)[NH]1 10=20;20,21=21"
"[H][NH+:10](C(C9=CC=CC=C9)C(C)C([H])[O]1)[C:20]1([NH:21]C)[NH]C7=CC=CC=C7.[Cl-]>>[Cl-].[H][NH:10]C(C9=CC=CC=C9)C(C)C([H])[O][C:20]([NH]C7=CC=CC=C7)=[NH+:21]C 21=20;20,10=10"
"[H][O+:21]=[C:20]2[O]C(CC)C(CC)[S]2.[H][O:10][H].[Cl-]>>[Cl-].[H][O+:10]([H])[C:20]1([O:21][H])[O]C(CC)C(CC)[S]1 10=20;20,21=21"
"[H][NH:10]C(C9=CC=CC=C9)C([H])C(C)[O][C:20]([NH]C)=[NH+:21][H].[Cl-]>>[Cl-].[H][NH+:10](C(C9=CC=CC=C9)C([H])C(C)[O]1)[C:20]1([NH:21][H])[NH]C 10=20;20,21=21"
"[OH:21][C:20]1(C)C(O)C([H])C([H])C(CC)[OH+:10]1>>[OH:10]C(CC)C([H])C([H])C(O)[C:20](C)=[OH+:21] 21=20;20,10=10"
"C1=CC=CC=C1C1C(C(O[C:20](N1[H])([O-:10])[O:21]C1=CC=CC=C1)CC)CC>>C1=CC=CC=C1C1C(C(O[C:20](=[O:10])N1[H])CC)CC.[O-:21]C1=CC=CC=C1 10=20;20,21=21"
"C6=CC=CC=C6[NH+:21]=[C:20]2[O][CH](C7=CC=CC=C7)[CH]([H])C(C8=CC=CC=C8)[O]2.[H][O:10][H].[Cl-]>>[Cl-].[H][O+:10]([H])[C:20]1([NH:21]C6=CC=CC=C6)[O][CH](C7=CC=CC=C7)C([H])[CH](C8=CC=CC=C8)[O]1 10=20;20,21=21"
"CC[O+:10]([H])[C:20]([NH:21][H])([O]C8=CC=CC=C8)[NH]C7=CC=CC=C7.[Cl-]>>[Cl-].CC[O:10][H].[H][NH+:21]=[C:20]([O]C8=CC=CC=C8)[NH]C7=CC=CC=C7 21=20;20,10=10"
"CC[O:10][H].[Si](C)(C)(C)[O+:21]=[C:20]([S]C8=CC=CC=C8)[S]CC.[Cl-]>>[Cl-].CC[O+:10]([H])[C:20]([O:21][Si](C)(C)(C))([S]C8=CC=CC=C8)[S]CC 10=20;20,21=21"
"CC[NH+:21]=[C:20]2[O][CH](C7=CC=CC=C7)[CH](C)C(CC)[O]2.C9=CC=CC=C9[NH:10][H].[Cl-]>>[Cl-].C9=CC=CC=C9[NH+:10]([H])[C:20]1([NH:21]CC)[O][CH](C7=CC=CC=C7)C(C)[CH](CC)[O]1 10=20;20,21=21"
"CC1C(C(O[C:20](N1CC)([O-:10])[O:21][H])CCCCCC)C>>CC1C(C(O[C:20](=[O:10])N1CC)CCCCCC)C.[O-:21][H] 10=20;20,21=21"
"[H][O+:10](C(CC)C(C)[O]1)[C:20]1([NH:21][H])[O][H].[Cl-]>>[Cl-].[H][O:10]C(CC)C(C)[O][C:20]([O][H])=[NH+:21][H] 21=20;20,10=10"
"C9=CC=CC=C9[S+:10]([H])[C:20]([O:21][H])([S][H])[S][H].[Cl-]>>[Cl-].C9=CC=CC=C9[S:10][H].[H][O+:21]=[C:20]([S][H])[S][H] 21=20;20,10=10"
"[H][NH+:10](C([H])C(C)C([H])[O]1)[C:20]1([NH:21]C)[O][H].[Cl-]>>[Cl-].[H][NH:10]C([H])C(C)C([H])[O][C:20]([O][H])=[NH+:21]C 21=20;20,10=10"
"[H]C1C(C(O[C:20](=[O:10])N1CC)C1=CC=CC=C1)CC.[O-:21]C>>[H]C1C(C(O[C:20](N1CC)([O-:10])[O:21]C)C1=CC=CC=C1)CC 21=20;20,10=10"
"[H][NH+:10](C(CC)C([H])C([H])[NH]1)[C:20]1([NH:21]CC)[O]CC.[Cl-]>>[Cl-].[H][NH:10]C(CC)C([H])C([H])[NH][C:20]([O]CC)=[NH+:21]CC 21=20;20,10=10"
"C[NH:10][H].C[NH+:21]=[C:20]([NH]C)[NH]CC.[Cl-]>>[Cl-].C[NH+:10]([H])[C:20]([NH:21]C)([NH]C)[NH]CC 10=20;20,21=21"
"C[NH+:10]([H])[C:20]([NH:21]C6=CC=CC=C6)([O]CC)[NH][H].[Cl-]>>[Cl-].C[NH:10][H].C6=CC=CC=C6[NH+:21]=[C:20]([O]CC)[NH][H] 21=20;20,10=10"
"[H]C1C(O[C:20](N1[H])([O-:10])[O:21]C1=CC=CC=C1)C1=CC=CC=C1>>[H]C1C(O[C:20](=[O:10])N1[H])C1=CC=CC=C1.[O-:21]C1=CC=CC=C1 10=20;20,21=21"
"C1=CC=CC=C1C1C(C(O[C:20](=[O:10])N1[H])[H])C.[O-:21]C>>C1=CC=CC=C1C1C(C(O[C:20](N1[H])([O-:10])[O:21]C)[H])C 21=20;20,10=10"
"CCCCCCN([C:20](=[O:10])OC(C(C([O-:21])CCCCCC)[H])C1=CC=CC=C1)C>>CCCCCCN([C:20]1(OC(C(C([O:21]1)CCCCCC)[H])C1=CC=CC=C1)[O-:10])C 21=20;20,10=10"
"[NH:10](C)C([H])C([H])C([C:20](OCC)=[O:21])C>>[O-:21][C:20]1(OCC)[NH+:10](C)C([H])C([H])C1C 10=20;20,21=21"
"C9=CC=CC=C9[O+:10]([H])[C:20]1([O:21][Si](C)(C)(C))[O]C(C)C([H])[O]1.[Cl-]>>[Cl-].[Si](C)(C)(C)[O+:21]=[C:20]2[O]C(C)C([H])[O]2.C9=CC=CC=C9[O:10][H] 21=20;20,10=10"
"[H][S+:10]([H])[C:20]1([O:21][H])[O][CH](C7=CC=CC=C7)C([H])[CH](C)[S]1.[Cl-]>>[Cl-].[H][O+:21]=[C:20]2[O][CH](C7=CC=CC=C7)[CH]([H])C(C)[S]2.[H][S:10][H] 21=20;20,10=10"
"C[NH+:21]=[C:20]2[NH]C(C7=CC=CC=C7)C(C)[NH]2.C[O:10][H].[Cl-]>>[Cl-].C[O+:10]([H])[C:20]1([NH:21]C)[NH]C(C7=CC=CC=C7)C(C)[NH]1 10=20;20,21=21"
"[H][NH:10][H].CC[NH+:21]=[C:20]([NH][H])[O]C.[Cl-]>>[Cl-].[H][NH+:10]([H])[C:20]([NH:21]CC)([NH][H])[O]C 10=20;20,21=21"
"[H][NH+:10](C([H])C(C)C([H])[O]1)[C:20]1([NH:21]C6=CC=CC=C6)[O][H].[Cl-]>>[Cl-].[H][NH:10]C([H])C(C)C([H])[O][C:20]([O][H])=[NH+:21]C6=CC=CC=C6 21=20;20,10=10"
"[H][O+:10](C([H])C(C)C(CC)[O]1)[C:20]1([NH:21][H])[O]CC.[Cl-]>>[Cl-].[H][O:10]C([H])C(C)C(CC)[O][C:20]([O]CC)=[NH+:21][H] 21=20;20,10=10"
"C9=CC=CC=C9[S:10][H].[Si](C)(C)(C)[O+:21]=[C:20]([S]CC)[S]C.[Cl-]>>[Cl-].C9=CC=CC=C9[S+:10]([H])[C:20]([O:21][Si](C)(C)(C))([S]CC)[S]C 10=20;20,21=21"
"CCCCCCN([C:20]([O-:10])(OCCCCCC)[O:21]CCCCCC)C>>CCCCCCN([C:20](=[O:10])OCCCCCC)C.[O-:21]CCCCCC 10=20;20,21=21"
"[H][NH+:21]=[C:20]2[NH][CH](C7=CC=CC=C7)[CH](C)C(CC)[O]2.[H][NH:10][H].[Cl-]>>[Cl-].[H][NH+:10]([H])[C:20]1([NH:21][H])[NH][CH](C7=CC=CC=C7)C(C)[CH](CC)[O]1 10=20;20,21=21"
"C[O+:10]([H])[C:20]([O:21][Si](C)(C)(C))([S]CC)[O]C7=CC=CC=C7.[Cl-]>>[Cl-].C[O:10][H].[Si](C)(C)(C)[O+:21]=[C:20]([S]CC)[O]C7=CC=CC=C7 21=20;20,10=10"
"CCCCCCN([C:20](=[O:10])OC(C(C([O-:21])[H])CC)CC)CCCCCC>>CCCCCCN([C:20]1(OC(C(C([O:21]1)[H])CC)CC)[O-:10])CCCCCC 21=20;20,10=10"
"[H][O+:10](C(CC)C([H])[O]1)[C:20]1([O:21][Si](C)(C)(C))[S]C7=CC=CC=C7.[Cl-]>>[Cl-].[H][O:10]C(CC)C([H])[O][C:20]([S]C7=CC=CC=C7)=[O+:21][Si](C)(C)(C) 21=20;20,10=10"
"[NH:10]([H])C(CC)C(O)C(C)C(C)[C:20](C)=[O:21]>>[O-:21][C:20]1(C)C(C)C(C)C(O)C(CC)[NH+:10]1([H]) 10=20;20,21=21"
"[H][O:10]C(C9=CC=CC=C9)C([H])[NH][C:20]([NH][H])=[NH+:21]CC.[Cl-]>>[Cl-].[H][O+:10](C(C9=CC=CC=C9)C([H])[NH]1)[C:20]1([NH:21]CC)[NH][H] 10=20;20,21=21"
"[OH:10]C([H])C([H])C([C:20](OCC)=[OH+:21])O>>[OH:21][C:20]1(OCC)[OH+:10]C([H])C([H])C1O 10=20;20,21=21"
"[H]N([C:20](=[O:10])OC(C(C([O-:21])C)C)C)CCCCCC>>[H]N([C:20]1(OC(C(C([O:21]1)C)C)C)[O-:10])CCCCCC 21=20;20,10=10"
"C9=CC=CC=C9[O+:10]([H])[C:20]1([NH:21][H])[NH][CH](CC)C(C)[CH](CC)[O]1.[Cl-]>>[Cl-].[H][NH+:21]=[C:20]2[NH][CH](CC)[CH](C)C(CC)[O]2.C9=CC=CC=C9[O:10][H] 21=20;20,10=10"
"[H][S:10][H].C[O+:21]=[C:20]([S]C8=CC=CC=C8)[S][H].[Cl-]>>[Cl-].[H][S+:10]([H])[C:20]([O:21]C)([S]C8=CC=CC=C8)[S][H] 10=20;20,21=21"
"[H][NH:10]C(C)C(C)C(C8=CC=CC=C8)[NH][C:20]([O]CC)=[NH+:21]C.[Cl-]>>[Cl-].[H][NH+:10](C(C)C(C)C(C8=CC=CC=C8)[NH]1)[C:20]1([NH:21]C)[O]CC 10=20;20,21=21"
"[H][NH:10][H].[H][NH+:21]=[C:20]([O]C)[NH][H].[Cl-]>>[Cl-].[H][NH+:10]([H])[C:20]([NH:21][H])([O]C)[NH][H] 10=20;20,21=21"
"[H][O+:10](C(CC)C([H])C(CC)[S]1)[C:20]1([O:21]C)[O]C7=CC=CC=C7.[Cl-]>>[Cl-].[H][O:10]C(CC)C([H])C(CC)[S][C:20]([O]C7=CC=CC=C7)=[O+:21]C 21=20;20,10=10"
"C[NH+:21]=[C:20]2[NH]C(C)C(C)[NH]2.C[O:10][H].[Cl-]>>[Cl-].C[O+:10]([H])[C:20]1([NH:21]C)[NH]C(C)C(C)[NH]1 10=20;20,21=21"
"[O:10]([K])C([H])/C([H])=C(C)\C(C)[C:20](OC)=[O:21]>>[O-:21][C:20]1(OC)C(C)C(C)=C([H])C([H])[O+:10]1([K]) 10=20;20,21=21"
"[H][O+:10](C(CC)C(C)C(C)[NH]1)[C:20]1([NH:21]CC)[NH]C.[Cl-]>>[Cl-].[H][O:10]C(CC)C(C)C(C)[NH][C:20]([NH]C)=[NH+:21]CC 21=20;20,10=10"
"[H][O+:10](C(C9=CC=CC=C9)C([H])C(C8=CC=CC=C8)[O]1)[C:20]1([NH:21]C)[NH]CC.[Cl-]>>[Cl-].[H][O:10]C(C9=CC=CC=C9)C([H])C(C8=CC=CC=C8)[O][C:20]([NH]CC)=[NH+:21]C 21=20;20,10=10"
"[H][NH+:10]([H])[C:20]([NH:21]C)([NH]CC)[O][H].[Cl-]>>[Cl-].[H][NH:10][H].C[NH+:21]=[C:20]([NH]CC)[O][H] 21=20;20,10=10"
"CCCCCCC1C(C(O[C:20](N1CC)([O-:10])[O:21]CC)C1=CC=CC=C1)[H]>>CCCCCCC1C(C(O[C:20](=[O:10])N1CC)C1=CC=CC=C1)[H].[O-:21]CC 10=20;20,21=21"
"[H][NH:10]C(C)C(C)C([H])[O][C:20]([O]C)=[NH+:21]C6=CC=CC=C6.[Cl-]>>[Cl-].[H][NH+:10](C(C)C(C)C([H])[O]1)[C:20]1([NH:21]C6=CC=CC=C6)[O]C 10=20;20,21=21"
"CC1C(O[C:20](N1CCCCCC)([O-:10])[O:21][H])C>>CC1C(O[C:20](=[O:10])N1CCCCCC)C.[O-:21][H] 10=20;20,21=21"
"CC[S+:10]([H])[C:20]1([O:21][H])[O]C(C)C(C)[S]1.[Cl-]>>[Cl-].[H][O+:21]=[C:20]2[O]C(C)C(C)[S]2.CC[S:10][H] 21=20;20,10=10"
"CC1C(C(O[C:20](N1C1=CC=CC=C1)([O-:10])[O:21]C1=CC=CC=C1)CC)CCCCCC>>CC1C(C(O[C:20](=[O:10])N1C1=CC=CC=C1)CC)CCCCCC.[O-:21]C1=CC=CC=C1 10=20;20,21=21"
"[H][S:10]C(CC)C(C)C(C)[O][C:20]([S][H])=[O+:21]C.[Cl-]>>[Cl-].[H][S+:10](C(CC)C(C)C(C)[O]1)[C:20]1([O:21]C)[S][H] 10=20;20,21=21"
"CN([C:20]([O-:10])(OCC)[O:21]C1=CC=CC=C1)[H]>>CN([C:20](=[O:10])OCC)[H].[O-:21]C1=CC=CC=C1 10=20;20,21=21"
"[O-:10]C1=C(C(C)[C:20](OC)=[O:21])C=CC=C1>>[O-:21][C:20]2([O:10]C(C=CC=C3)=C3C2C)OC 10=20;20,21=21"
"[H][O+:21]=[C:20]2[S][CH](CC)[CH]([H])C([H])[S]2.[H][O:10][H].[Cl-]>>[Cl-].[H][O+:10]([H])[C:20]1([O:21][H])[S][CH](CC)C([H])[CH]([H])[S]1 10=20;20,21=21"
"CC[O+:10]([H])[C:20]([NH:21]CC)([O][H])[O]CC.[Cl-]>>[Cl-].CC[O:10][H].CC[NH+:21]=[C:20]([O][H])[O]CC 21=20;20,10=10"
"C[O+:21]=[C:20]2[O]C(C)C(CC)[S]2.C[O:10][H].[Cl-]>>[Cl-].C[O+:10]([H])[C:20]1([O:21]C)[O]C(C)C(CC)[S]1 10=20;20,21=21"
"C[NH+:21]=[C:20]2[NH][CH](CC)[CH]([H])C([H])[NH]2.C9=CC=CC=C9[NH:10][H].[Cl-]>>[Cl-].C9=CC=CC=C9[NH+:10]([H])[C:20]1([NH:21]C)[NH][CH](CC)C([H])[CH]([H])[NH]1 10=20;20,21=21"
"[H][NH+:21]=[C:20]2[O]C([H])C(C8=CC=CC=C8)[NH]2.C9=CC=CC=C9[NH:10][H].[Cl-]>>[Cl-].C9=CC=CC=C9[NH+:10]([H])[C:20]1([NH:21][H])[O]C([H])C(C8=CC=CC=C8)[NH]1 10=20;20,21=21"
"[H][O:10]C(CC)C([H])C(C)[O][C:20]([NH]C7=CC=CC=C7)=[NH+:21]CC.[Cl-]>>[Cl-].[H][O+:10](C(CC)C([H])C(C)[O]1)[C:20]1([NH:21]CC)[NH]C7=CC=CC=C7 10=20;20,21=21"
"[H][NH:10]C(C9=CC=CC=C9)C(C)[O][C:20]([NH]C)=[NH+:21]C.[Cl-]>>[Cl-].[H][NH+:10](C(C9=CC=CC=C9)C(C)[O]1)[C:20]1([NH:21]C)[NH]C 10=20;20,21=21"
"[H]N([C:20]1(OC(C(C([O:21]1)CCCCCC)CC)CC)[O-:10])[H]>>[H]N([C:20](=[O:10])OC(C(C([O-:21])CCCCCC)CC)CC)[H] 10=20;20,21=21"
"CC[O+:10]([H])[C:20]1([O:21][Si](C)(C)(C))[O]C([H])C(C8=CC=CC=C8)[O]1.[Cl-]>>[Cl-].[Si](C)(C)(C)[O+:21]=[C:20]2[O]C([H])C(C8=CC=CC=C8)[O]2.CC[O:10][H] 21=20;20,10=10"
"[H][S+:10](C(CC)C(CC)[O]1)[C:20]1([O:21]C)[S]C7=CC=CC=C7.[Cl-]>>[Cl-].[H][S:10]C(CC)C(CC)[O][C:20]([S]C7=CC=CC=C7)=[O+:21]C 21=20;20,10=10"
"[H][O:10]C(C9=CC=CC=C9)C(C8=CC=CC=C8)[O][C:20]([NH]C7=CC=CC=C7)=[NH+:21]C.[Cl-]>>[Cl-].[H][O+:10](C(C9=CC=CC=C9)C(C8=CC=CC=C8)[O]1)[C:20]1([NH:21]C)[NH]C7=CC=CC=C7 10=20;20,21=21"
"[H][O+:10](C([H])C([H])C(C)[O]1)[C:20]1([NH:21][H])[NH]CC.[Cl-]>>[Cl-].[H][O:10]C([H])C([H])C(C)[O][C:20]([NH]CC)=[NH+:21][H] 21=20;20,10=10"
"CCN([C:20]1(OC(C(C([O:21]1)C1=CC=CC=C1)CCCCCC)C)[O-:10])C1=CC=CC=C1>>CCN([C:20](=[O:10])OC(C(C([O-:21])C1=CC=CC=C1)CCCCCC)C)C1=CC=CC=C1 10=20;20,21=21"
"C[NH+:21]=[C:20]2[O]C([H])C(C)[NH]2.C9=CC=CC=C9[NH:10][H].[Cl-]>>[Cl-].C9=CC=CC=C9[NH+:10]([H])[C:20]1([NH:21]C)[O]C([H])C(C)[NH]1 10=20;20,21=21"
"C[S:10][H].C[O+:21]=[C:20]([S]CC)[S]C.[Cl-]>>[Cl-].C[S+:10]([H])[C:20]([O:21]C)([S]CC)[S]C 10=20;20,21=21"
"[O-:10]C(CC)/C(C)=C([H])\C(C)[C:20]([H])=[O:21]>>[O-:21][C:20]1([H])C(C)C([H])=C(C)C(CC)[O:10]1 10=20;20,21=21"
"[OH:10]C(C)/C([H])=C([C:20]([H])=[OH+:21])/[H]>>[OH:21][C:20]1([H])[OH+:10]C(C)C([H])=C1[H] 10=20;20,21=21"
"[H][O:10]C(C9=CC=CC=C9)C(CC)[S][C:20]([O]C)=[O+:21][H].[Cl-]>>[Cl-].[H][O+:10](C(C9=CC=CC=C9)C(CC)[S]1)[C:20]1([O:21][H])[O]C 10=20;20,21=21"
"[H][O:10]C(C)C(C)C(C)[O][C:20]([S]C)=[O+:21]C.[Cl-]>>[Cl-].[H][O+:10](C(C)C(C)C(C)[O]1)[C:20]1([O:21]C)[S]C 10=20;20,21=21"
"CCCCCC[NH:10][H].C1CC(=O)N(C1=O)O[C:20](=[O:21])CC>>CCCCCC[NH+:10]([C:20]([O-:21])(ON1C(=O)CCC1=O)CC)[H] 10=20;20,21=21"
"C[O:10][H].C[NH+:21]=[C:20]([NH]CC)[NH][H].[Cl-]>>[Cl-].C[O+:10]([H])[C:20]([NH:21]C)([NH]CC)[NH][H] 10=20;20,21=21"
"CC[NH+:21]=[C:20]2[NH][CH](CC)[CH](C)C([H])[NH]2.[H][NH:10][H].[Cl-]>>[Cl-].[H][NH+:10]([H])[C:20]1([NH:21]CC)[NH][CH](CC)C(C)[CH]([H])[NH]1 10=20;20,21=21"
"C[O+:21]=[C:20]2[S][CH](C)[CH]([H])C(C)[S]2.CC[S:10][H].[Cl-]>>[Cl-].CC[S+:10]([H])[C:20]1([O:21]C)[S][CH](C)C([H])[CH](C)[S]1 10=20;20,21=21"
"[O-:21][C:20]1(OC)C([H])C([H])=C(C)C(CC)[O+:10]1([Na])>>[O:10]([Na])C(CC)/C(C)=C([H])\C([H])[C:20](OC)=[O:21] 21=20;20,10=10"
"[H][NH+:10](C(C9=CC=CC=C9)C(C)C(CC)[O]1)[C:20]1([NH:21]C)[O][H].[Cl-]>>[Cl-].[H][NH:10]C(C9=CC=CC=C9)C(C)C(CC)[O][C:20]([O][H])=[NH+:21]C 21=20;20,10=10"
"C9=CC=CC=C9[NH+:10]([H])[C:20]([NH:21]CC)([O][H])[O][H].[Cl-]>>[Cl-].C9=CC=CC=C9[NH:10][H].CC[NH+:21]=[C:20]([O][H])[O][H] 21=20;20,10=10"
"[H][NH+:10](C([H])C([H])C(C8=CC=CC=C8)[O]1)[C:20]1([NH:21]C)[NH]C7=CC=CC=C7.[Cl-]>>[Cl-].[H][NH:10]C([H])C([H])C(C8=CC=CC=C8)[O][C:20]([NH]C7=CC=CC=C7)=[NH+:21]C 21=20;20,10=10"
"[H][S+:10]([H])[C:20]([O:21][Si](C)(C)(C))([S]C8=CC=CC=C8)[S]C.[Cl-]>>[Cl-].[H][S:10][H].[Si](C)(C)(C)[O+:21]=[C:20]([S]C8=CC=CC=C8)[S]C 21=20;20,10=10"
"[H][NH+:10](C(C)C([H])[NH]1)[C:20]1([NH:21][H])[O]C.[Cl-]>>[Cl-].[H][NH:10]C(C)C([H])[NH][C:20]([O]C)=[NH+:21][H] 21=20;20,10=10"
"[H][O+:10](C(C)C([H])C(CC)[NH]1)[C:20]1([NH:21]CC)[O]CC.[Cl-]>>[Cl-].[H][O:10]C(C)C([H])C(CC)[NH][C:20]([O]CC)=[NH+:21]CC 21=20;20,10=10"
"[H][O+:10]([H])[C:20]([O:21]C)([O]C)[S][H].[Cl-]>>[Cl-].[H][O:10][H].C[O+:21]=[C:20]([O]C)[S][H] 21=20;20,10=10"
"CC[O+:10]([H])[C:20]1([O:21]C)[O][CH](C7=CC=CC=C7)C([H])[CH](CC)[O]1.[Cl-]>>[Cl-].C[O+:21]=[C:20]2[O][CH](C7=CC=CC=C7)[CH]([H])C(CC)[O]2.CC[O:10][H] 21=20;20,10=10"
"CC[S+:10]([H])[C:20]1([O:21]C)[O]C([H])C([H])[O]1.[Cl-]>>[Cl-].C[O+:21]=[C:20]2[O]C([H])C([H])[O]2.CC[S:10][H] 21=20;20,10=10"
"CC[NH+:21]=[C:20]2[O][CH]([H])[CH](C)C(C)[O]2.C9=CC=CC=C9[O:10][H].[Cl-]>>[Cl-].C9=CC=CC=C9[O+:10]([H])[C:20]1([NH:21]CC)[O][CH]([H])C(C)[CH](C)[O]1 10=20;20,21=21"
"[O-:21][C:20]1(OCC)C(C)C([H])=C(C)C([H])[O+:10]1([Na])>>[O:10]([Na])C([H])/C(C)=C([H])\C(C)[C:20](OCC)=[O:21] 21=20;20,10=10"
"[H][S:10]C(CC)C(C)C(C)[O][C:20]([S]CC)=[O+:21][H].[Cl-]>>[Cl-].[H][S+:10](C(CC)C(C)C(C)[O]1)[C:20]1([O:21][H])[S]CC 10=20;20,21=21"
"[O:20]=[C:21](OCCCCCC)OC1=CC=CC=C1.C[O:10][Li]>>C[O+:10]([Li])[C:21]([O-:20])(OCCCCCC)OC1=CC=CC=C1 10=21;21,20=20"
"[OH:10]C(CC)C(O)C([C:20](C)=[OH+:21])O>>[OH:21][C:20]1(C)[OH+:10]C(CC)C(O)C1O 10=20;20,21=21"
"[H][O+:10]([H])[C:20]1([NH:21][H])[NH]C(CC)C([H])[O]1.[Cl-]>>[Cl-].[H][NH+:21]=[C:20]2[NH]C(CC)C([H])[O]2.[H][O:10][H] 21=20;20,10=10"
"[O:10]([K])C([H])C([H])C(C)C([H])[C:20]([H])=[O:21]>>[O-:21][C:20]1([H])C([H])C(C)C([H])C([H])[O+:10]1([K]) 10=20;20,21=21"
"[H][O+:10]([H])[C:20]1([O:21][H])[O][CH](CC)C([H])[CH](CC)[O]1.[Cl-]>>[Cl-].[H][O+:21]=[C:20]2[O][CH](CC)[CH]([H])C(CC)[O]2.[H][O:10][H] 21=20;20,10=10"
"[H][O:10]C(C9=CC=CC=C9)C(CC)[S][C:20]([S]C7=CC=CC=C7)=[O+:21][H].[Cl-]>>[Cl-].[H][O+:10](C(C9=CC=CC=C9)C(CC)[S]1)[C:20]1([O:21][H])[S]C7=CC=CC=C7 10=20;20,21=21"
"CCCCCCC1C(C(O[C:20](N1CC)([O-:10])[Cl:21])[H])C>>CCCCCCC1C(C(O[C:20](=[O:10])N1CC)[H])C.[Cl-:21] 10=20;20,21=21"
"[OH:10]C(CCC)C(C)C([C:20](OC)=[OH+:21])[H]>>[OH:21][C:20]1(OC)[OH+:10]C(CCC)C(C)C1[H] 10=20;20,21=21"
"C[O+:21]=[C:20]2[O]C(CC)C([H])[O]2.C[O:10][H].[Cl-]>>[Cl-].C[O+:10]([H])[C:20]1([O:21]C)[O]C(CC)C([H])[O]1 10=20;20,21=21"
"[NH:10]([H])C(C)C([H])C(C)C([H])[C:20](C)=[O:21]>>[O-:21][C:20]1(C)C([H])C(C)C([H])C(C)[NH+:10]1([H]) 10=20;20,21=21"
"[H][O:10]C(CC)C(C)[O][C:20]([O]C)=[O+:21][H].[Cl-]>>[Cl-].[H][O+:10](C(CC)C(C)[O]1)[C:20]1([O:21][H])[O]C 10=20;20,21=21"
"CCCCCCC1C(C(O[C:20](=[O:10])N1C)[H])[H].[O-:21][H]>>CCCCCCC1C(C(O[C:20](N1C)([O-:10])[O:21][H])[H])[H] 21=20;20,10=10"
"C1=CC=CC=C1[O+:10]([Li])[C:21]([O-:20])(OCCCCCC)OC1=CC=CC=C1>>[O:20]=[C:21](OCCCCCC)OC1=CC=CC=C1.C1=CC=CC=C1[O:10][Li] 20=21;21,10=10"
"CCCCCCN([C:20](=[O:10])OC(C(C([O-:21])[H])CC)[H])C1=CC=CC=C1>>CCCCCCN([C:20]1(OC(C(C([O:21]1)[H])CC)[H])[O-:10])C1=CC=CC=C1 21=20;20,10=10"
"[H][O:10]C(CC)C([H])C(C8=CC=CC=C8)[S][C:20]([S]C)=[O+:21]C.[Cl-]>>[Cl-].[H][O+:10](C(CC)C([H])C(C8=CC=CC=C8)[S]1)[C:20]1([O:21]C)[S]C 10=20;20,21=21"
"C[O+:10]([H])[C:20]([O:21][Si](C)(C)(C))([S]C)[O]C7=CC=CC=C7.[Cl-]>>[Cl-].C[O:10][H].[Si](C)(C)(C)[O+:21]=[C:20]([S]C)[O]C7=CC=CC=C7 21=20;20,10=10"
"[H][S+:10](C(CC)C([H])C(C8=CC=CC=C8)[O]1)[C:20]1([O:21]C)[O]CC.[Cl-]>>[Cl-].[H][S:10]C(CC)C([H])C(C8=CC=CC=C8)[O][C:20]([O]CC)=[O+:21]C 21=20;20,10=10"
"[H][O:10]C(CC)C([H])C(C8=CC=CC=C8)[NH][C:20]([NH]C7=CC=CC=C7)=[NH+:21][H].[Cl-]>>[Cl-].[H][O+:10](C(CC)C([H])C(C8=CC=CC=C8)[NH]1)[C:20]1([NH:21][H])[NH]C7=CC=CC=C7 10=20;20,21=21"
"C[O+:10]([H])[C:20]1([NH:21][H])[NH][CH](C)C([H])[CH]([H])[O]1.[Cl-]>>[Cl-].[H][NH+:21]=[C:20]2[NH][CH](C)[CH]([H])C([H])[O]2.C[O:10][H] 21=20;20,10=10"
"[NH:10]([H])C(C)C(C)C(C)C(O)[C:20](OCC)=[O:21]>>[O-:21][C:20]1(OCC)C(O)C(C)C(C)C(C)[NH+:10]1([H]) 10=20;20,21=21"
"C[O+:21]=[C:20]2[O]C(C)C([H])[O]2.[H][O:10][H].[Cl-]>>[Cl-].[H][O+:10]([H])[C:20]1([O:21]C)[O]C(C)C([H])[O]1 10=20;20,21=21"
"[H]N([C:20](=[O:10])OC(C(C([O-:21])C)CC)[H])C>>[H]N([C:20]1(OC(C(C([O:21]1)C)CC)[H])[O-:10])C 21=20;20,10=10"
"CC[O+:10]([H])[C:20]1([O:21][H])[O][CH](C)C(C)[CH](C8=CC=CC=C8)[O]1.[Cl-]>>[Cl-].[H][O+:21]=[C:20]2[O][CH](C)[CH](C)C(C8=CC=CC=C8)[O]2.CC[O:10][H] 21=20;20,10=10"
"CCN([C:20]1(OC(C(C([O:21]1)[H])C)C1=CC=CC=C1)[O-:10])CC>>CCN([C:20](=[O:10])OC(C(C([O-:21])[H])C)C1=CC=CC=C1)CC 10=20;20,21=21"
"[H][NH:10][H].[H][NH+:21]=[C:20]([O]C)[NH]C.[Cl-]>>[Cl-].[H][NH+:10]([H])[C:20]([NH:21][H])([O]C)[NH]C 10=20;20,21=21"
"CC[NH+:10]([H])[C:20]1([NH:21]C6=CC=CC=C6)[NH][CH]([H])C([H])[CH](C)[O]1.[Cl-]>>[Cl-].C6=CC=CC=C6[NH+:21]=[C:20]2[NH][CH]([H])[CH]([H])C(C)[O]2.CC[NH:10][H] 21=20;20,10=10"
"CC[O+:10]([H])[C:20]1([O:21]C)[S]C(C7=CC=CC=C7)C(C8=CC=CC=C8)[S]1.[Cl-]>>[Cl-].C[O+:21]=[C:20]2[S]C(C7=CC=CC=C7)C(C8=CC=CC=C8)[S]2.CC[O:10][H] 21=20;20,10=10"
"[O-:21][C:20]1(OC)C(C)C(O)C(C)C(CC)[O+:10]1([K])>>[O:10]([K])C(CC)C(C)C(O)C(C)[C:20](OC)=[O:21] 21=20;20,10=10"
"[O-:21][C:20]1(C)[O+:10]([K])C(CC)C([H])=C1O>>[O:10]([K])C(CC)/C([H])=C([C:20](C)=[O:21])/O 21=20;20,10=10"
"C[NH:10][H].C1CC(=O)N(C1=O)O[C:20](=[O:21])OCC>>C[NH+:10]([C:20]([O-:21])(ON1C(=O)CCC1=O)OCC)[H] 10=20;20,21=21"
"CN([C:20]([O-:10])([O:21]N1C(=O)CCC1=O)C)C>>CN([C:20](=[O:10])C)C.C1CC(=O)N(C1=O)[O-:21] 10=20;20,21=21"
"[H][O+:10]([H])[C:20]1([NH:21]C6=CC=CC=C6)[O][CH](C)C([H])[CH]([H])[NH]1.[Cl-]>>[Cl-].C6=CC=CC=C6[NH+:21]=[C:20]2[O][CH](C)[CH]([H])C([H])[NH]2.[H][O:10][H] 21=20;20,10=10"
"C[O+:21]=[C:20]2[O][CH](C7=CC=CC=C7)[CH](C)C(CC)[O]2.CC[S:10][H].[Cl-]>>[Cl-].CC[S+:10]([H])[C:20]1([O:21]C)[O][CH](C7=CC=CC=C7)C(C)[CH](CC)[O]1 10=20;20,21=21"
"C9=CC=CC=C9[O+:10]([H])[C:20]([O:21][H])([S][H])[S][H].[Cl-]>>[Cl-].C9=CC=CC=C9[O:10][H].[H][O+:21]=[C:20]([S][H])[S][H] 21=20;20,10=10"
"[H][O+:10](C(C9=CC=CC=C9)C(C)C(C)[S]1)[C:20]1([O:21][H])[S][H].[Cl-]>>[Cl-].[H][O:10]C(C9=CC=CC=C9)C(C)C(C)[S][C:20]([S][H])=[O+:21][H] 21=20;20,10=10"
"[O:10]([Na])C([H])C([H])C([C:20]([H])=[O:21])C>>[O-:21][C:20]1([H])[O+:10]([Na])C([H])C([H])C1C 10=20;20,21=21"
"CC[O+:10]([H])[C:20]1([NH:21][H])[O][CH](CC)C([H])[CH](C8=CC=CC=C8)[NH]1.[Cl-]>>[Cl-].[H][NH+:21]=[C:20]2[O][CH](CC)[CH]([H])C(C8=CC=CC=C8)[NH]2.CC[O:10][H] 21=20;20,10=10"
"C1=CC=CC=C1C1C(O[C:20](=[O:10])N1CCCCCC)[H].[O-:21]CC>>C1=CC=CC=C1C1C(O[C:20](N1CCCCCC)([O-:10])[O:21]CC)[H] 21=20;20,10=10"
"[H]N([C:20](=[O:10])OC)CC.[O-:21]CCCCCC>>[H]N([C:20]([O-:10])(OC)[O:21]CCCCCC)CC 21=20;20,10=10"
"CCCCCC[O+:10]([Na])[C:21]([O-:20])(OCC)OCCCCCC>>[O:20]=[C:21](OCC)OCCCCCC.CCCCCC[O:10][Na] 20=21;21,10=10"
"[H][NH:10]C(C)C([H])C(C8=CC=CC=C8)[NH][C:20]([NH]C7=CC=CC=C7)=[NH+:21]C6=CC=CC=C6.[Cl-]>>[Cl-].[H][NH+:10](C(C)C([H])C(C8=CC=CC=C8)[NH]1)[C:20]1([NH:21]C6=CC=CC=C6)[NH]C7=CC=CC=C7 10=20;20,21=21"
"CC[NH:10][H].C[NH+:21]=[C:20]([NH]C8=CC=CC=C8)[NH]CC.[Cl-]>>[Cl-].CC[NH+:10]([H])[C:20]([NH:21]C)([NH]C8=CC=CC=C8)[NH]CC 10=20;20,21=21"
"[H][O:10]C(C9=CC=CC=C9)C([H])[NH][C:20]([O]CC)=[NH+:21]C6=CC=CC=C6.[Cl-]>>[Cl-].[H][O+:10](C(C9=CC=CC=C9)C([H])[NH]1)[C:20]1([NH:21]C6=CC=CC=C6)[O]CC 10=20;20,21=21"
"[OH:21][C:20]1(OC)C(C)C(C)=C(C)C([H])[OH+:10]1>>[OH:10]C([H])/C(C)=C(C)\C(C)[C:20](OC)=[OH+:21] 21=20;20,10=10"
"C1=CC=CC=C1C1C(C(O[C:20](N1[H])([O-:10])[Cl:21])C1=CC=CC=C1)[H]>>C1=CC=CC=C1C1C(C(O[C:20](=[O:10])N1[H])C1=CC=CC=C1)[H].[Cl-:21] 10=20;20,21=21"
"[O-:21][C:20]1(OCC)C(C)=C(C)C(C)C(C)[O+:10]1([K])>>[O:10]([K])C(C)C(C)/C(C)=C(C)\[C:20](OCC)=[O:21] 21=20;20,10=10"
"C9=CC=CC=C9[NH+:10]([H])[C:20]1([NH:21]C6=CC=CC=C6)[O]C(C7=CC=CC=C7)C(C)[NH]1.[Cl-]>>[Cl-].C6=CC=CC=C6[NH+:21]=[C:20]2[O]C(C7=CC=CC=C7)C(C)[NH]2.C9=CC=CC=C9[NH:10][H] 21=20;20,10=10"
"[H][O+:10](C(C)C(C)[NH]1)[C:20]1([NH:21]C)[NH]CC.[Cl-]>>[Cl-].[H][O:10]C(C)C(C)[NH][C:20]([NH]CC)=[NH+:21]C 21=20;20,10=10"
"CC1C(C(O[C:20](N1C)([O-:10])[O:21]C1=CC=CC=C1)CCCCCC)C>>CC1C(C(O[C:20](=[O:10])N1C)CCCCCC)C.[O-:21]C1=CC=CC=C1 10=20;20,21=21"
"[H][NH+:21]=[C:20]2[O]C(C7=CC=CC=C7)C(CC)[O]2.CC[NH:10][H].[Cl-]>>[Cl-].CC[NH+:10]([H])[C:20]1([NH:21][H])[O]C(C7=CC=CC=C7)C(CC)[O]1 10=20;20,21=21"
"[OH:21][C:20]1(OCC)[OH+:10]C(CCC)C(O)=C1O>>[OH:10]C(CCC)/C(O)=C([C:20](OCC)=[OH+:21])/O 21=20;20,10=10"
"CCCCCCC1C(O[C:20](N1C)([O-:10])[O:21]C)CC>>CCCCCCC1C(O[C:20](=[O:10])N1C)CC.[O-:21]C 10=20;20,21=21"
"[O-:21][C:20]1(C)C(C)C(C)C(C)C([H])[O:10]1>>[O-:10]C([H])C(C)C(C)C(C)[C:20](C)=[O:21] 21=20;20,10=10"
"CC1C(C(O[C:20](=[O:10])N1CCCCCC)C)CCCCCC.[O-:21]C1=CC=CC=C1>>CC1C(C(O[C:20](N1CCCCCC)([O-:10])[O:21]C1=CC=CC=C1)C)CCCCCC 21=20;20,10=10"
"C[O+:10]([H])[C:20]1([O:21][H])[S][CH](C7=CC=CC=C7)C([H])[CH]([H])[S]1.[Cl-]>>[Cl-].[H][O+:21]=[C:20]2[S][CH](C7=CC=CC=C7)[CH]([H])C([H])[S]2.C[O:10][H] 21=20;20,10=10"
"CN([C:20](=[O:10])O[H])C.[O-:21]CC>>CN([C:20]([O-:10])(O[H])[O:21]CC)C 21=20;20,10=10"
"[H][O+:10](C(C9=CC=CC=C9)C(CC)[O]1)[C:20]1([NH:21][H])[NH]C.[Cl-]>>[Cl-].[H][O:10]C(C9=CC=CC=C9)C(CC)[O][C:20]([NH]C)=[NH+:21][H] 21=20;20,10=10"
"[H][NH:10]C(C9=CC=CC=C9)C(C)[NH][C:20]([NH]CC)=[NH+:21][H].[Cl-]>>[Cl-].[H][NH+:10](C(C9=CC=CC=C9)C(C)[NH]1)[C:20]1([NH:21][H])[NH]CC 10=20;20,21=21"
"CN([C:20](=[O:10])OC(C(C([O-:21])CCCCCC)CCCCCC)CCCCCC)CC>>CN([C:20]1(OC(C(C([O:21]1)CCCCCC)CCCCCC)CCCCCC)[O-:10])CC 21=20;20,10=10"
"[OH:10]C([H])/C([H])=C([H])\C(C)[C:20](OCC)=[OH+:21]>>[OH:21][C:20]1(OCC)C(C)C([H])=C([H])C([H])[OH+:10]1 10=20;20,21=21"
"CCC1C(C(O[C:20](N1CC)([O-:10])[O:21]CC)CC)[H]>>CCC1C(C(O[C:20](=[O:10])N1CC)CC)[H].[O-:21]CC 10=20;20,21=21"
"[O-:21][C:20]1([H])C([H])=C(C)C([H])C([H])[O:10]1>>[O-:10]C([H])C([H])/C(C)=C([H])\[C:20]([H])=[O:21] 21=20;20,10=10"
"[OH:21][C:20]1([H])C(O)C(C)C(C)C([H])[OH+:10]1>>[OH:10]C([H])C(C)C(C)C(O)[C:20]([H])=[OH+:21] 21=20;20,10=10"
"[H][S+:10](C([H])C(C8=CC=CC=C8)[S]1)[C:20]1([O:21][H])[O]CC.[Cl-]>>[Cl-].[H][S:10]C([H])C(C8=CC=CC=C8)[S][C:20]([O]CC)=[O+:21][H] 21=20;20,10=10"
"CC[NH+:21]=[C:20]2[O]C(CC)C(C8=CC=CC=C8)[O]2.C[NH:10][H].[Cl-]>>[Cl-].C[NH+:10]([H])[C:20]1([NH:21]CC)[O]C(CC)C(C8=CC=CC=C8)[O]1 10=20;20,21=21"
"[NH:10](C)C(CC)C(C)/C(C)=C(C)\[C:20](OCC)=[O:21]>>[O-:21][C:20]1(OCC)C(C)=C(C)C(C)C(CC)[NH+:10]1(C) 10=20;20,21=21"
"C1=CC=CC=C1C1C(C(O[C:20](=[O:10])N1C)C)[H].[O-:21]C>>C1=CC=CC=C1C1C(C(O[C:20](N1C)([O-:10])[O:21]C)C)[H] 21=20;20,10=10"
"C9=CC=CC=C9[NH+:10]([H])[C:20]1([NH:21]CC)[NH][CH]([H])C([H])[CH](C)[NH]1.[Cl-]>>[Cl-].CC[NH+:21]=[C:20]2[NH][CH]([H])[CH]([H])C(C)[NH]2.C9=CC=CC=C9[NH:10][H] 21=20;20,10=10"
"CC[NH+:21]=[C:20]2[NH][CH](C7=CC=CC=C7)[CH]([H])C(C)[O]2.C9=CC=CC=C9[NH:10][H].[Cl-]>>[Cl-].C9=CC=CC=C9[NH+:10]([H])[C:20]1([NH:21]CC)[NH][CH](C7=CC=CC=C7)C([H])[CH](C)[O]1 10=20;20,21=21"
"CC[NH+:21]=[C:20]2[O][CH]([H])[CH]([H])C(C8=CC=CC=C8)[O]2.C[O:10][H].[Cl-]>>[Cl-].C[O+:10]([H])[C:20]1([NH:21]CC)[O][CH]([H])C([H])[CH](C8=CC=CC=C8)[O]1 10=20;20,21=21"
"CC1C(O[C:20](N1[H])([O-:10])[O:21]C1=CC=CC=C1)CCCCCC>>CC1C(O[C:20](=[O:10])N1[H])CCCCCC.[O-:21]C1=CC=CC=C1 10=20;20,21=21"
"[H]C1C(C(O[C:20](N1CC)([O-:10])[O:21]CCCCCC)CCCCCC)[H]>>[H]C1C(C(O[C:20](=[O:10])N1CC)CCCCCC)[H].[O-:21]CCCCCC 10=20;20,21=21"
"[H][NH+:10](C(C9=CC=CC=C9)C(C)C(C)[O]1)[C:20]1([NH:21]C)[O]CC.[Cl-]>>[Cl-].[H][NH:10]C(C9=CC=CC=C9)C(C)C(C)[O][C:20]([O]CC)=[NH+:21]C 21=20;20,10=10"
"[H]C1C(C(O[C:20](N1C)([O-:10])[O:21]CC)CC)C>>[H]C1C(C(O[C:20](=[O:10])N1C)CC)C.[O-:21]CC 10=20;20,21=21"
"C[O+:21]=[C:20]2[O][CH](C)[CH]([H])C(C)[O]2.C9=CC=CC=C9[O:10][H].[Cl-]>>[Cl-].C9=CC=CC=C9[O+:10]([H])[C:20]1([O:21]C)[O][CH](C)C([H])[CH](C)[O]1 10=20;20,21=21"
"C[NH+:21]=[C:20]2[NH][CH]([H])[CH]([H])C([H])[NH]2.CC[O:10][H].[Cl-]>>[Cl-].CC[O+:10]([H])[C:20]1([NH:21]C)[NH][CH]([H])C([H])[CH]([H])[NH]1 10=20;20,21=21"
"[H][O+:21]=[C:20]2[O]C([H])C([H])[O]2.[H][S:10][H].[Cl-]>>[Cl-].[H][S+:10]([H])[C:20]1([O:21][H])[O]C([H])C([H])[O]1 10=20;20,21=21"
"[H][O:10]C(C)C([H])C(C8=CC=CC=C8)[O][C:20]([NH]CC)=[NH+:21]CC.[Cl-]>>[Cl-].[H][O+:10](C(C)C([H])C(C8=CC=CC=C8)[O]1)[C:20]1([NH:21]CC)[NH]CC 10=20;20,21=21"
"[H][NH:10]C(CC)C(C)C(C8=CC=CC=C8)[NH][C:20]([O][H])=[NH+:21]CC.[Cl-]>>[Cl-].[H][NH+:10](C(CC)C(C)C(C8=CC=CC=C8)[NH]1)[C:20]1([NH:21]CC)[O][H] 10=20;20,21=21"
"[H][O+:10](C(CC)C(C)C(C8=CC=CC=C8)[O]1)[C:20]1([NH:21]CC)[NH]C7=CC=CC=C7.[Cl-]>>[Cl-].[H][O:10]C(CC)C(C)C(C8=CC=CC=C8)[O][C:20]([NH]C7=CC=CC=C7)=[NH+:21]CC 21=20;20,10=10"
"[NH:10]([H])C(C)C([H])C([C:20](OCC)=[O:21])C>>[O-:21][C:20]1(OCC)[NH+:10]([H])C(C)C([H])C1C 10=20;20,21=21"
"[H][O+:10](C(C)C(CC)[O]1)[C:20]1([NH:21]C6=CC=CC=C6)[NH]C7=CC=CC=C7.[Cl-]>>[Cl-].[H][O:10]C(C)C(CC)[O][C:20]([NH]C7=CC=CC=C7)=[NH+:21]C6=CC=CC=C6 21=20;20,10=10"
"[H][O+:21]=[C:20]2[O][CH]([H])[CH]([H])C(C8=CC=CC=C8)[O]2.C9=CC=CC=C9[O:10][H].[Cl-]>>[Cl-].C9=CC=CC=C9[O+:10]([H])[C:20]1([O:21][H])[O][CH]([H])C([H])[CH](C8=CC=CC=C8)[O]1 10=20;20,21=21"
"C[O+:10]([H])[C:20]1([O:21][H])[O][CH]([H])C(C)[CH](C)[S]1.[Cl-]>>[Cl-].[H][O+:21]=[C:20]2[O][CH]([H])[CH](C)C(C)[S]2.C[O:10][H] 21=20;20,10=10"
"[H][NH:10]C(C)C(C)C(C8=CC=CC=C8)[NH][C:20]([NH]C7=CC=CC=C7)=[NH+:21]C6=CC=CC=C6.[Cl-]>>[Cl-].[H][NH+:10](C(C)C(C)C(C8=CC=CC=C8)[NH]1)[C:20]1([NH:21]C6=CC=CC=C6)[NH]C7=CC=CC=C7 10=20;20,21=21"
"[O-:21][C:20]1([H])C([H])=C(C)C([H])C([H])[O+:10]1([Na])>>[O:10]([Na])C([H])C([H])/C(C)=C([H])\[C:20]([H])=[O:21] 21=20;20,10=10"
"[H][O:10]C(C)C([H])C(CC)[NH][C:20]([O]CC)=[NH+:21]C.[Cl-]>>[Cl-].[H][O+:10](C(C)C([H])C(CC)[NH]1)[C:20]1([NH:21]C)[O]CC 10=20;20,21=21"
"CCCCCCN([C:20](=[O:10])OCCCCCC)C1=CC=CC=C1.[O-:21]C1=CC=CC=C1>>CCCCCCN([C:20]([O-:10])(OCCCCCC)[O:21]C1=CC=CC=C1)C1=CC=CC=C1 21=20;20,10=10"
"C1=CC=CC=C1C1C(C(O[C:20](N1C1=CC=CC=C1)([O-:10])[O:21]C1=CC=CC=C1)CCCCCC)C>>C1=CC=CC=C1C1C(C(O[C:20](=[O:10])N1C1=CC=CC=C1)CCCCCC)C.[O-:21]C1=CC=CC=C1 10=20;20,21=21"
"C1=CC=CC=C1N([C:20](=[O:10])OC(C(C([O-:21])[H])[H])C)CCCCCC>>C1=CC=CC=C1N([C:20]1(OC(C(C([O:21]1)[H])[H])C)[O-:10])CCCCCC 21=20;20,10=10"
"[H][NH+:21]=[C:20]2[O]C([H])C(CC)[NH]2.C[O:10][H].[Cl-]>>[Cl-].C[O+:10]([H])[C:20]1([NH:21][H])[O]C([H])C(CC)[NH]1 10=20;20,21=21"
"CCCCCCC1C(C(O[C:20](=[O:10])N1C1=CC=CC=C1)CC)[H].[O-:21]C1=CC=CC=C1>>CCCCCCC1C(C(O[C:20](N1C1=CC=CC=C1)([O-:10])[O:21]C1=CC=CC=C1)CC)[H] 21=20;20,10=10"
"[H][NH:10]C(CC)C(C8=CC=CC=C8)[NH][C:20]([O][H])=[NH+:21]C.[Cl-]>>[Cl-].[H][NH+:10](C(CC)C(C8=CC=CC=C8)[NH]1)[C:20]1([NH:21]C)[O][H] 10=20;20,21=21"
"[O-:21][C:20]1(OCC)[O+:10]([Na])C(C)C([H])=C1O>>[O:10]([Na])C(C)/C([H])=C([C:20](OCC)=[O:21])/O 21=20;20,10=10"
"C[O+:21]=[C:20]2[O]C([H])C(C)[S]2.[H][S:10][H].[Cl-]>>[Cl-].[H][S+:10]([H])[C:20]1([O:21]C)[O]C([H])C(C)[S]1 10=20;20,21=21"
"[H][O+:10](C(C9=CC=CC=C9)C([H])C(C8=CC=CC=C8)[NH]1)[C:20]1([NH:21][H])[NH]C7=CC=CC=C7.[Cl-]>>[Cl-].[H][O:10]C(C9=CC=CC=C9)C([H])C(C8=CC=CC=C8)[NH][C:20]([NH]C7=CC=CC=C7)=[NH+:21][H] 21=20;20,10=10"
"[H][O:10]C([H])C([H])[O][C:20]([S][H])=[O+:21][H].[Cl-]>>[Cl-].[H][O+:10](C([H])C([H])[O]1)[C:20]1([O:21][H])[S][H] 10=20;20,21=21"
"[H][O+:10](C(C9=CC=CC=C9)C(C)C(C8=CC=CC=C8)[O]1)[C:20]1([NH:21]C6=CC=CC=C6)[O]CC.[Cl-]>>[Cl-].[H][O:10]C(C9=CC=CC=C9)C(C)C(C8=CC=CC=C8)[O][C:20]([O]CC)=[NH+:21]C6=CC=CC=C6 21=20;20,10=10"
"CC1C(C(O[C:20](N1C)([O-:10])[O:21]C1=CC=CC=C1)CC)[H]>>CC1C(C(O[C:20](=[O:10])N1C)CC)[H].[O-:21]C1=CC=CC=C1 10=20;20,21=21"
"CN([C:20](=[O:10])OC(C(C([O-:21])[H])CC)CC)C>>CN([C:20]1(OC(C(C([O:21]1)[H])CC)CC)[O-:10])C 21=20;20,10=10"
"[OH:21][CH:20]2(OCC)C(C3=C(C([NH+:10]2([H]))C)C=CC=C3)[H]>>[NH:10]([H])C(C1=C(C([CH:20](OCC)=[OH+:21])[H])C=CC=C1)C 21=20;20,10=10"
"[O-:21][CH:20]2(OC)C(C3=C(C([NH+:10]2([H]))[H])C=CC=C3)[H]>>[NH:10]([H])C(C1=C(C([CH:20](OC)=[O:21])[H])C=CC=C1)[H] 21=20;20,10=10"
"C6=CC=CC=C6[NH+:21]=[C:20]2[O][CH]([H])[CH](C)C(CC)[NH]2.C[O:10][H].[Cl-]>>[Cl-].C[O+:10]([H])[C:20]1([NH:21]C6=CC=CC=C6)[O][CH]([H])C(C)[CH](CC)[NH]1 10=20;20,21=21"
"[H][NH+:10](C(C)C(C)C([H])[O]1)[C:20]1([NH:21][H])[NH][H].[Cl-]>>[Cl-].[H][NH:10]C(C)C(C)C([H])[O][C:20]([NH][H])=[NH+:21][H] 21=20;20,10=10"
"C9=CC=CC=C9[O+:10]([H])[C:20]1([O:21]C)[O][CH](CC)C(C)[CH](CC)[O]1.[Cl-]>>[Cl-].C[O+:21]=[C:20]2[O][CH](CC)[CH](C)C(CC)[O]2.C9=CC=CC=C9[O:10][H] 21=20;20,10=10"
"CCN([C:20](=[O:10])OCCCCCC)[H].[O-:21][H]>>CCN([C:20]([O-:10])(OCCCCCC)[O:21][H])[H] 21=20;20,10=10"
"[H][S+:10]([H])[C:20]1([O:21]C)[O][CH](CC)C(C)[CH](C8=CC=CC=C8)[S]1.[Cl-]>>[Cl-].C[O+:21]=[C:20]2[O][CH](CC)[CH](C)C(C8=CC=CC=C8)[S]2.[H][S:10][H] 21=20;20,10=10"
"[Si](C)(C)(C)[O+:21]=[C:20]2[O]C([H])C(C8=CC=CC=C8)[O]2.[H][O:10][H].[Cl-]>>[Cl-].[H][O+:10]([H])[C:20]1([O:21][Si](C)(C)(C))[O]C([H])C(C8=CC=CC=C8)[O]1 10=20;20,21=21"
"CC[NH+:21]=[C:20]2[O][CH](C7=CC=CC=C7)[CH]([H])C([H])[NH]2.CC[NH:10][H].[Cl-]>>[Cl-].CC[NH+:10]([H])[C:20]1([NH:21]CC)[O][CH](C7=CC=CC=C7)C([H])[CH]([H])[NH]1 10=20;20,21=21"
"[H][O+:21]=[C:20]2[S][CH](C)[CH](C)C(C)[O]2.[H][O:10][H].[Cl-]>>[Cl-].[H][O+:10]([H])[C:20]1([O:21][H])[S][CH](C)C(C)[CH](C)[O]1 10=20;20,21=21"
"[H][NH+:10](C(CC)C([H])C(C8=CC=CC=C8)[O]1)[C:20]1([NH:21]CC)[O]C.[Cl-]>>[Cl-].[H][NH:10]C(CC)C([H])C(C8=CC=CC=C8)[O][C:20]([O]C)=[NH+:21]CC 21=20;20,10=10"
"CC[O+:10]([H])[C:20]1([NH:21][H])[O][CH](C7=CC=CC=C7)C([H])[CH](CC)[O]1.[Cl-]>>[Cl-].[H][NH+:21]=[C:20]2[O][CH](C7=CC=CC=C7)[CH]([H])C(CC)[O]2.CC[O:10][H] 21=20;20,10=10"
"[H][S+:10](C(CC)C([H])C(C8=CC=CC=C8)[S]1)[C:20]1([O:21]C)[O]CC.[Cl-]>>[Cl-].[H][S:10]C(CC)C([H])C(C8=CC=CC=C8)[S][C:20]([O]CC)=[O+:21]C 21=20;20,10=10"
"[O-:10]C(C)C([H])C(O)C(C)[C:20](C)=[O:21]>>[O-:21][C:20]1(C)C(C)C(O)C([H])C(C)[O:10]1 10=20;20,21=21"
"[H][S+:10](C([H])C(C8=CC=CC=C8)[S]1)[C:20]1([O:21][Si](C)(C)(C))[O]CC.[Cl-]>>[Cl-].[H][S:10]C([H])C(C8=CC=CC=C8)[S][C:20]([O]CC)=[O+:21][Si](C)(C)(C) 21=20;20,10=10"
"C[N:10]([CH2:20][I:21])CC>>C[N+:10](=[CH2:20])CC.[I-:21] 10=20;20,21=21"
"CC[S+:10]([H])[C:20]([O:21][Si](C)(C)(C))([O][H])[O]CC.[Cl-]>>[Cl-].CC[S:10][H].[Si](C)(C)(C)[O+:21]=[C:20]([O][H])[O]CC 21=20;20,10=10"
"[H][O:10]C(C9=CC=CC=C9)C(C)C(C8=CC=CC=C8)[S][C:20]([O]CC)=[O+:21]C.[Cl-]>>[Cl-].[H][O+:10](C(C9=CC=CC=C9)C(C)C(C8=CC=CC=C8)[S]1)[C:20]1([O:21]C)[O]CC 10=20;20,21=21"
"[H][NH+:21]=[C:20]2[O][CH](CC)[CH](C)C(C8=CC=CC=C8)[O]2.CC[O:10][H].[Cl-]>>[Cl-].CC[O+:10]([H])[C:20]1([NH:21][H])[O][CH](CC)C(C)[CH](C8=CC=CC=C8)[O]1 10=20;20,21=21"
"CC[O+:10]([H])[C:20]1([NH:21][H])[O][CH](C)C([H])[CH](C)[O]1.[Cl-]>>[Cl-].[H][NH+:21]=[C:20]2[O][CH](C)[CH]([H])C(C)[O]2.CC[O:10][H] 21=20;20,10=10"
"C[O+:10]([H])[C:20]1([O:21]C)[S]C([H])C(CC)[O]1.[Cl-]>>[Cl-].C[O+:21]=[C:20]2[S]C([H])C(CC)[O]2.C[O:10][H] 21=20;20,10=10"
"[H][O:10]C(CC)C([H])C(CC)[O][C:20]([O]C)=[NH+:21]C.[Cl-]>>[Cl-].[H][O+:10](C(CC)C([H])C(CC)[O]1)[C:20]1([NH:21]C)[O]C 10=20;20,21=21"
"C[NH+:21]=[C:20]2[O][CH](CC)[CH]([H])C(C)[NH]2.C9=CC=CC=C9[O:10][H].[Cl-]>>[Cl-].C9=CC=CC=C9[O+:10]([H])[C:20]1([NH:21]C)[O][CH](CC)C([H])[CH](C)[NH]1 10=20;20,21=21"
"[H]C1C(O[C:20](N1C)([O-:10])[Cl:21])[H]>>[H]C1C(O[C:20](=[O:10])N1C)[H].[Cl-:21] 10=20;20,21=21"
"C[O+:10]([H])[C:20]1([O:21]C)[S][CH](CC)C([H])[CH](CC)[O]1.[Cl-]>>[Cl-].C[O+:21]=[C:20]2[S][CH](CC)[CH]([H])C(CC)[O]2.C[O:10][H] 21=20;20,10=10"
"[H][NH:10]C(CC)C([H])[O][C:20]([O]C)=[NH+:21][H].[Cl-]>>[Cl-].[H][NH+:10](C(CC)C([H])[O]1)[C:20]1([NH:21][H])[O]C 10=20;20,21=21"
"[H][S+:10](C(CC)C(C)[S]1)[C:20]1([O:21][H])[O]C7=CC=CC=C7.[Cl-]>>[Cl-].[H][S:10]C(CC)C(C)[S][C:20]([O]C7=CC=CC=C7)=[O+:21][H] 21=20;20,10=10"
"C[S+:10]([H])[C:20]1([O:21][H])[O]C(C7=CC=CC=C7)C(C8=CC=CC=C8)[O]1.[Cl-]>>[Cl-].[H][O+:21]=[C:20]2[O]C(C7=CC=CC=C7)C(C8=CC=CC=C8)[O]2.C[S:10][H] 21=20;20,10=10"
"CC1C(C(O[C:20](=[O:10])N1[H])C)[H].[O-:21]CC>>CC1C(C(O[C:20](N1[H])([O-:10])[O:21]CC)C)[H] 21=20;20,10=10"
"[H][S:10]C(C9=CC=CC=C9)C(C)[O][C:20]([S]C7=CC=CC=C7)=[O+:21][Si](C)(C)(C).[Cl-]>>[Cl-].[H][S+:10](C(C9=CC=CC=C9)C(C)[O]1)[C:20]1([O:21][Si](C)(C)(C))[S]C7=CC=CC=C7 10=20;20,21=21"
"CC[O+:10]([Na])[C:21]([O-:20])(O[H])OCC>>[O:20]=[C:21](O[H])OCC.CC[O:10][Na] 20=21;21,10=10"
"[K][O+:21]([C:20]([O-:10])(OC1=CC=CC=C1)OCCCCCC)C1=CC=CC=C1>>[K][O:21]C1=CC=CC=C1.[C:20](=[O:10])(OC1=CC=CC=C1)OCCCCCC 10=20;20,21=21"
"C9=CC=CC=C9[NH+:10]([H])[C:20]1([NH:21]C)[NH][CH](C7=CC=CC=C7)C(C)[CH]([H])[NH]1.[Cl-]>>[Cl-].C[NH+:21]=[C:20]2[NH][CH](C7=CC=CC=C7)[CH](C)C([H])[NH]2.C9=CC=CC=C9[NH:10][H] 21=20;20,10=10"
"[H][O+:21]=[C:20]2[S][CH]([H])[CH](C)C(CC)[S]2.C[S:10][H].[Cl-]>>[Cl-].C[S+:10]([H])[C:20]1([O:21][H])[S][CH]([H])C(C)[CH](CC)[S]1 10=20;20,21=21"
"CC[NH+:21]=[C:20]2[O][CH](C7=CC=CC=C7)[CH](C)C([H])[O]2.C[NH:10][H].[Cl-]>>[Cl-].C[NH+:10]([H])[C:20]1([NH:21]CC)[O][CH](C7=CC=CC=C7)C(C)[CH]([H])[O]1 10=20;20,21=21"
"[H][NH+:10](C([H])C(C)[O]1)[C:20]1([NH:21]C6=CC=CC=C6)[O]C7=CC=CC=C7.[Cl-]>>[Cl-].[H][NH:10]C([H])C(C)[O][C:20]([O]C7=CC=CC=C7)=[NH+:21]C6=CC=CC=C6 21=20;20,10=10"
"CN([C:20](=[O:10])OC(C([O-:21])[H])C1=CC=CC=C1)C1=CC=CC=C1>>CN([C:20]1(OC(C([O:21]1)[H])C1=CC=CC=C1)[O-:10])C1=CC=CC=C1 21=20;20,10=10"
"[H][S:10]C([H])C(CC)[O][C:20]([O]C)=[O+:21]C.[Cl-]>>[Cl-].[H][S+:10](C([H])C(CC)[O]1)[C:20]1([O:21]C)[O]C 10=20;20,21=21"
"CN([C:20]1(OC(C(C([O:21]1)CCCCCC)CC)[H])[O-:10])C1=CC=CC=C1>>CN([C:20](=[O:10])OC(C(C([O-:21])CCCCCC)CC)[H])C1=CC=CC=C1 10=20;20,21=21"
"[H][O+:21]=[C:20]2[O][CH](CC)[CH](C)C(C8=CC=CC=C8)[O]2.C9=CC=CC=C9[S:10][H].[Cl-]>>[Cl-].C9=CC=CC=C9[S+:10]([H])[C:20]1([O:21][H])[O][CH](CC)C(C)[CH](C8=CC=CC=C8)[O]1 10=20;20,21=21"
"CC[O+:10]([H])[C:20]1([O:21][H])[S][CH]([H])C([H])[CH](CC)[O]1.[Cl-]>>[Cl-].[H][O+:21]=[C:20]2[S][CH]([H])[CH]([H])C(CC)[O]2.CC[O:10][H] 21=20;20,10=10"
"[K][O+:21]([C:20]([O-:10])(OCCCCCC)O[H])C1=CC=CC=C1>>[K][O:21]C1=CC=CC=C1.[C:20](=[O:10])(OCCCCCC)O[H] 10=20;20,21=21"
"C[O:10][H].CC[NH+:21]=[C:20]([O][H])[O]CC.[Cl-]>>[Cl-].C[O+:10]([H])[C:20]([NH:21]CC)([O][H])[O]CC 10=20;20,21=21"
"[H][O+:10](C(CC)C(C)C(C)[NH]1)[C:20]1([NH:21]C6=CC=CC=C6)[O]C.[Cl-]>>[Cl-].[H][O:10]C(CC)C(C)C(C)[NH][C:20]([O]C)=[NH+:21]C6=CC=CC=C6 21=20;20,10=10"
"[H]C1C(C(O[C:20](N1C)([O-:10])[O:21]C)CCCCCC)[H]>>[H]C1C(C(O[C:20](=[O:10])N1C)CCCCCC)[H].[O-:21]C 10=20;20,21=21"
"[H][S+:10](C(CC)C([H])C(C)[O]1)[C:20]1([O:21]C)[S]C.[Cl-]>>[Cl-].[H][S:10]C(CC)C([H])C(C)[O][C:20]([S]C)=[O+:21]C 21=20;20,10=10"
"CCC1C(C(O[C:20](N1CCCCCC)([O-:10])[Cl:21])C)CCCCCC>>CCC1C(C(O[C:20](=[O:10])N1CCCCCC)C)CCCCCC.[Cl-:21] 10=20;20,21=21"
"C[NH+:10]([H])[C:20]1([NH:21]CC)[O]C(CC)C([H])[O]1.[Cl-]>>[Cl-].CC[NH+:21]=[C:20]2[O]C(CC)C([H])[O]2.C[NH:10][H] 21=20;20,10=10"
"[H][O:10]C(C9=CC=CC=C9)C(C)C(CC)[NH][C:20]([O][H])=[NH+:21][H].[Cl-]>>[Cl-].[H][O+:10](C(C9=CC=CC=C9)C(C)C(CC)[NH]1)[C:20]1([NH:21][H])[O][H] 10=20;20,21=21"
"[H][O+:21]=[C:20]2[S][CH](C)[CH]([H])C(CC)[O]2.C9=CC=CC=C9[O:10][H].[Cl-]>>[Cl-].C9=CC=CC=C9[O+:10]([H])[C:20]1([O:21][H])[S][CH](C)C([H])[CH](CC)[O]1 10=20;20,21=21"
"CC[O+:10]([H])[C:20]1([NH:21][H])[NH]C([H])C([H])[NH]1.[Cl-]>>[Cl-].[H][NH+:21]=[C:20]2[NH]C([H])C([H])[NH]2.CC[O:10][H] 21=20;20,10=10"
"[O-:21][C:20]1(OC)C([H])C([H])C([H])C([H])[O+:10]1([K])>>[O:10]([K])C([H])C([H])C([H])C([H])[C:20](OC)=[O:21] 21=20;20,10=10"
"[H][NH:10]C(C)C(C)C(C8=CC=CC=C8)[NH][C:20]([O]C7=CC=CC=C7)=[NH+:21]C.[Cl-]>>[Cl-].[H][NH+:10](C(C)C(C)C(C8=CC=CC=C8)[NH]1)[C:20]1([NH:21]C)[O]C7=CC=CC=C7 10=20;20,21=21"
"CCCCCCC1C(C(O[C:20](=[O:10])N1CC)[H])CCCCCC.[O-:21]C1=CC=CC=C1>>CCCCCCC1C(C(O[C:20](N1CC)([O-:10])[O:21]C1=CC=CC=C1)[H])CCCCCC 21=20;20,10=10"
"C1(C(O[C:20]([O-:10])([O:21]C1CCCCCC)OC)C1=CC=CC=C1)[H]>>C(C([O-:21])CCCCCC)(C(O[C:20](=[O:10])OC)C1=CC=CC=C1)[H] 10=20;20,21=21"
"[H][O+:10]([H])[C:20]1([NH:21]C)[O][CH]([H])C([H])[CH](CC)[NH]1.[Cl-]>>[Cl-].C[NH+:21]=[C:20]2[O][CH]([H])[CH]([H])C(CC)[NH]2.[H][O:10][H] 21=20;20,10=10"
"C[O+:10]([H])[C:20]1([O:21]C)[S][CH](C)C(C)[CH](C)[S]1.[Cl-]>>[Cl-].C[O+:21]=[C:20]2[S][CH](C)[CH](C)C(C)[S]2.C[O:10][H] 21=20;20,10=10"
"C[O+:10]([H])[C:20]1([O:21][H])[O][CH]([H])C([H])[CH](CC)[O]1.[Cl-]>>[Cl-].[H][O+:21]=[C:20]2[O][CH]([H])[CH]([H])C(CC)[O]2.C[O:10][H] 21=20;20,10=10"
"CCN([C:20]1(OC(C(C([O:21]1)C1=CC=CC=C1)[H])C)[O-:10])C1=CC=CC=C1>>CCN([C:20](=[O:10])OC(C(C([O-:21])C1=CC=CC=C1)[H])C)C1=CC=CC=C1 10=20;20,21=21"
"[H][NH:10]C(CC)C([H])C([H])[O][C:20]([O][H])=[NH+:21]CC.[Cl-]>>[Cl-].[H][NH+:10](C(CC)C([H])C([H])[O]1)[C:20]1([NH:21]CC)[O][H] 10=20;20,21=21"
"[H][NH:10]C(C)C(CC)[NH][C:20]([O][H])=[NH+:21]C6=CC=CC=C6.[Cl-]>>[Cl-].[H][NH+:10](C(C)C(CC)[NH]1)[C:20]1([NH:21]C6=CC=CC=C6)[O][H] 10=20;20,21=21"
"[H][O+:10](C(C9=CC=CC=C9)C(CC)[O]1)[C:20]1([O:21]C)[O]C7=CC=CC=C7.[Cl-]>>[Cl-].[H][O:10]C(C9=CC=CC=C9)C(CC)[O][C:20]([O]C7=CC=CC=C7)=[O+:21]C 21=20;20,10=10"
"CC[NH+:10]([H])[C:20]([NH:21][H])([NH]C8=CC=CC=C8)[O]C7=CC=CC=C7.[Cl-]>>[Cl-].CC[NH:10][H].[H][NH+:21]=[C:20]([NH]C8=CC=CC=C8)[O]C7=CC=CC=C7 21=20;20,10=10"
"CC[NH+:21]=[C:20]2[O]C(C7=CC=CC=C7)C(CC)[NH]2.C9=CC=CC=C9[O:10][H].[Cl-]>>[Cl-].C9=CC=CC=C9[O+:10]([H])[C:20]1([NH:21]CC)[O]C(C7=CC=CC=C7)C(CC)[NH]1 10=20;20,21=21"
"[H][S:10]C([H])C(C)C([H])[S][C:20]([O]C7=CC=CC=C7)=[O+:21][H].[Cl-]>>[Cl-].[H][S+:10](C([H])C(C)C([H])[S]1)[C:20]1([O:21][H])[O]C7=CC=CC=C7 10=20;20,21=21"
"C[O+:10]([H])[C:20]1([NH:21]C)[O][CH]([H])C(C)[CH]([H])[O]1.[Cl-]>>[Cl-].C[NH+:21]=[C:20]2[O][CH]([H])[CH](C)C([H])[O]2.C[O:10][H] 21=20;20,10=10"
"[H][O+:10]([H])[C:20]1([O:21][H])[S][CH](C)C(C)[CH]([H])[O]1.[Cl-]>>[Cl-].[H][O+:21]=[C:20]2[S][CH](C)[CH](C)C([H])[O]2.[H][O:10][H] 21=20;20,10=10"
"CCCCCC[O:10][C:20]([O-:21])(OC1=CC=CC=C1)OCCCCCC>>[O:21]=[C:20](OC1=CC=CC=C1)OCCCCCC.[O-:10]CCCCCC 21=20;20,10=10"
"[H][NH+:10](C(C9=CC=CC=C9)C([H])C(C8=CC=CC=C8)[O]1)[C:20]1([NH:21]CC)[O]CC.[Cl-]>>[Cl-].[H][NH:10]C(C9=CC=CC=C9)C([H])C(C8=CC=CC=C8)[O][C:20]([O]CC)=[NH+:21]CC 21=20;20,10=10"
"[O-:10]C(CCC)C([H])/C([H])=C(C)\[C:20](OCC)=[O:21]>>[O-:21][C:20]1(OCC)C(C)=C([H])C([H])C(CCC)[O:10]1 10=20;20,21=21"
"[H][NH+:21]=[C:20]2[NH]C(C7=CC=CC=C7)C(CC)[NH]2.CC[NH:10][H].[Cl-]>>[Cl-].CC[NH+:10]([H])[C:20]1([NH:21][H])[NH]C(C7=CC=CC=C7)C(CC)[NH]1 10=20;20,21=21"
"[H][O+:10](C(CC)C([H])C(C)[S]1)[C:20]1([O:21][H])[O]C7=CC=CC=C7.[Cl-]>>[Cl-].[H][O:10]C(CC)C([H])C(C)[S][C:20]([O]C7=CC=CC=C7)=[O+:21][H] 21=20;20,10=10"
"[H][NH+:21]=[C:20]2[NH][CH](CC)[CH]([H])C(C8=CC=CC=C8)[O]2.[H][O:10][H].[Cl-]>>[Cl-].[H][O+:10]([H])[C:20]1([NH:21][H])[NH][CH](CC)C([H])[CH](C8=CC=CC=C8)[O]1 10=20;20,21=21"
"[H][NH:10]C([H])C(CC)[O][C:20]([NH]C7=CC=CC=C7)=[NH+:21]C.[Cl-]>>[Cl-].[H][NH+:10](C([H])C(CC)[O]1)[C:20]1([NH:21]C)[NH]C7=CC=CC=C7 10=20;20,21=21"
"[H][O:10]C(CC)C([H])C(C)[S][C:20]([S]C7=CC=CC=C7)=[O+:21]C.[Cl-]>>[Cl-].[H][O+:10](C(CC)C([H])C(C)[S]1)[C:20]1([O:21]C)[S]C7=CC=CC=C7 10=20;20,21=21"
"[O-:21][C:20]1(C)C(O)C(C)C(C)C([H])[O:10]1>>[O-:10]C([H])C(C)C(C)C(O)[C:20](C)=[O:21] 21=20;20,10=10"
"[H][NH+:10]([H])[C:20]1([NH:21]CC)[NH][CH](C7=CC=CC=C7)C([H])[CH](C)[O]1.[Cl-]>>[Cl-].CC[NH+:21]=[C:20]2[NH][CH](C7=CC=CC=C7)[CH]([H])C(C)[O]2.[H][NH:10][H] 21=20;20,10=10"
"CCCCCCC1C(C(O[C:20](=[O:10])N1C)C)[H].[O-:21]C>>CCCCCCC1C(C(O[C:20](N1C)([O-:10])[O:21]C)C)[H] 21=20;20,10=10"
"C1(C(O[C:20]([O-:10])([O:21]C1C1=CC=CC=C1)OC)C1=CC=CC=C1)C>>C(C([O-:21])C1=CC=CC=C1)(C(O[C:20](=[O:10])OC)C1=CC=CC=C1)C 10=20;20,21=21"
"C[O+:10]([H])[C:20]1([NH:21][H])[NH]C(CC)C([H])[O]1.[Cl-]>>[Cl-].[H][NH+:21]=[C:20]2[NH]C(CC)C([H])[O]2.C[O:10][H] 21=20;20,10=10"
"CC[O+:10]([H])[C:20]([NH:21]CC)([NH][H])[NH]C.[Cl-]>>[Cl-].CC[O:10][H].CC[NH+:21]=[C:20]([NH][H])[NH]C 21=20;20,10=10"
"[H][O+:21]=[C:20]2[S][CH](CC)[CH]([H])C(C8=CC=CC=C8)[S]2.C[O:10][H].[Cl-]>>[Cl-].C[O+:10]([H])[C:20]1([O:21][H])[S][CH](CC)C([H])[CH](C8=CC=CC=C8)[S]1 10=20;20,21=21"
"[H][O+:10](C(C)C(C)C(C)[NH]1)[C:20]1([NH:21][H])[O]C.[Cl-]>>[Cl-].[H][O:10]C(C)C(C)C(C)[NH][C:20]([O]C)=[NH+:21][H] 21=20;20,10=10"
"[H][O+:10](C(CC)C([H])[NH]1)[C:20]1([NH:21]C6=CC=CC=C6)[NH]CC.[Cl-]>>[Cl-].[H][O:10]C(CC)C([H])[NH][C:20]([NH]CC)=[NH+:21]C6=CC=CC=C6 21=20;20,10=10"
"CC[NH+:10]([H])[C:20]1([NH:21][H])[NH][CH](C)C([H])[CH](CC)[NH]1.[Cl-]>>[Cl-].[H][NH+:21]=[C:20]2[NH][CH](C)[CH]([H])C(CC)[NH]2.CC[NH:10][H] 21=20;20,10=10"
"C[O+:21]=[C:20]2[O][CH](C)[CH](C)C(C)[O]2.C[S:10][H].[Cl-]>>[Cl-].C[S+:10]([H])[C:20]1([O:21]C)[O][CH](C)C(C)[CH](C)[O]1 10=20;20,21=21"
"C9=CC=CC=C9[NH+:10]([H])[C:20]1([NH:21][H])[NH][CH](C7=CC=CC=C7)C(C)[CH]([H])[O]1.[Cl-]>>[Cl-].[H][NH+:21]=[C:20]2[NH][CH](C7=CC=CC=C7)[CH](C)C([H])[O]2.C9=CC=CC=C9[NH:10][H] 21=20;20,10=10"
"C6=CC=CC=C6[NH+:21]=[C:20]2[NH][CH]([H])[CH](C)C(C)[O]2.C9=CC=CC=C9[O:10][H].[Cl-]>>[Cl-].C9=CC=CC=C9[O+:10]([H])[C:20]1([NH:21]C6=CC=CC=C6)[NH][CH]([H])C(C)[CH](C)[O]1 10=20;20,21=21"
"CCN([C:20](=[O:10])OC(C([O-:21])[H])CCCCCC)CCCCCC>>CCN([C:20]1(OC(C([O:21]1)[H])CCCCCC)[O-:10])CCCCCC 21=20;20,10=10"
"C[NH+:21]=[C:20]2[NH]C(C)C(C8=CC=CC=C8)[O]2.C[O:10][H].[Cl-]>>[Cl-].C[O+:10]([H])[C:20]1([NH:21]C)[NH]C(C)C(C8=CC=CC=C8)[O]1 10=20;20,21=21"
"[H][O+:10]([H])[C:20]1([NH:21][H])[O][CH](C)C([H])[CH](CC)[NH]1.[Cl-]>>[Cl-].[H][NH+:21]=[C:20]2[O][CH](C)[CH]([H])C(CC)[NH]2.[H][O:10][H] 21=20;20,10=10"
"[O-:21][C:20]1([H])[NH+:10](C)C(C)C(C)=C1[H]>>[NH:10](C)C(C)/C(C)=C([C:20]([H])=[O:21])/[H] 21=20;20,10=10"
"[H]C1C(C(O[C:20](N1CC)([O-:10])[O:21]CCCCCC)CC)CCCCCC>>[H]C1C(C(O[C:20](=[O:10])N1CC)CC)CCCCCC.[O-:21]CCCCCC 10=20;20,21=21"
"[OH:21][CH:20]2(C)C(C3=C(C([NH+:10]2(C))[H])C=CC=C3)[H]>>[NH:10](C)C(C1=C(C([CH:20](C)=[OH+:21])[H])C=CC=C1)[H] 21=20;20,10=10"
"[Si](C)(C)(C)[O+:21]=[C:20]2[S]C(C)C(C8=CC=CC=C8)[O]2.C9=CC=CC=C9[O:10][H].[Cl-]>>[Cl-].C9=CC=CC=C9[O+:10]([H])[C:20]1([O:21][Si](C)(C)(C))[S]C(C)C(C8=CC=CC=C8)[O]1 10=20;20,21=21"
"CCCCCCN([C:20]([O-:10])(OC)[O:21]C1=CC=CC=C1)[H]>>CCCCCCN([C:20](=[O:10])OC)[H].[O-:21]C1=CC=CC=C1 10=20;20,21=21"
"C[NH+:21]=[C:20]2[O][CH](C7=CC=CC=C7)[CH]([H])C(C)[O]2.C9=CC=CC=C9[NH:10][H].[Cl-]>>[Cl-].C9=CC=CC=C9[NH+:10]([H])[C:20]1([NH:21]C)[O][CH](C7=CC=CC=C7)C([H])[CH](C)[O]1 10=20;20,21=21"
"CC[NH+:10]([H])[C:20]1([NH:21]C)[NH]C(C7=CC=CC=C7)C([H])[O]1.[Cl-]>>[Cl-].C[NH+:21]=[C:20]2[NH]C(C7=CC=CC=C7)C([H])[O]2.CC[NH:10][H] 21=20;20,10=10"
"[H][O+:10]([H])[C:20]([NH:21]C6=CC=CC=C6)([NH][H])[NH]CC.[Cl-]>>[Cl-].[H][O:10][H].C6=CC=CC=C6[NH+:21]=[C:20]([NH][H])[NH]CC 21=20;20,10=10"
"CC[NH:10][H].CC[NH+:21]=[C:20]([NH]C8=CC=CC=C8)[NH]CC.[Cl-]>>[Cl-].CC[NH+:10]([H])[C:20]([NH:21]CC)([NH]C8=CC=CC=C8)[NH]CC 10=20;20,21=21"
"CC[NH+:10]([H])[C:20]1([NH:21]C)[NH][CH](C)C(C)[CH](C)[NH]1.[Cl-]>>[Cl-].C[NH+:21]=[C:20]2[NH][CH](C)[CH](C)C(C)[NH]2.CC[NH:10][H] 21=20;20,10=10"
"[H]C1C(O[C:20](=[O:10])N1CC)CC.[O-:21]C>>[H]C1C(O[C:20](N1CC)([O-:10])[O:21]C)CC 21=20;20,10=10"
"CC[O+:10]([H])[C:20]1([NH:21][H])[NH][CH](C)C([H])[CH]([H])[O]1.[Cl-]>>[Cl-].[H][NH+:21]=[C:20]2[NH][CH](C)[CH]([H])C([H])[O]2.CC[O:10][H] 21=20;20,10=10"
"[H][S+:10](C(C)C([H])[O]1)[C:20]1([O:21][H])[S]CC.[Cl-]>>[Cl-].[H][S:10]C(C)C([H])[O][C:20]([S]CC)=[O+:21][H] 21=20;20,10=10"
"[H][O+:10](C(C)C(C)C([H])[O]1)[C:20]1([O:21][H])[O][H].[Cl-]>>[Cl-].[H][O:10]C(C)C(C)C([H])[O][C:20]([O][H])=[O+:21][H] 21=20;20,10=10"
"C9=CC=CC=C9[O:10][H].[H][NH+:21]=[C:20]([O][H])[NH]C.[Cl-]>>[Cl-].C9=CC=CC=C9[O+:10]([H])[C:20]([NH:21][H])([O][H])[NH]C 10=20;20,21=21"
"[O:10]([K])C(CCC)C(C)C(O)C([H])[C:20](OC)=[O:21]>>[O-:21][C:20]1(OC)C([H])C(O)C(C)C(CCC)[O+:10]1([K]) 10=20;20,21=21"
"CN([C:20](=[O:10])OC(C(C([O-:21])[H])[H])CCCCCC)CC>>CN([C:20]1(OC(C(C([O:21]1)[H])[H])CCCCCC)[O-:10])CC 21=20;20,10=10"
"C9=CC=CC=C9[NH+:10]([H])[C:20]1([NH:21][H])[NH][CH](CC)C(C)[CH](C)[NH]1.[Cl-]>>[Cl-].[H][NH+:21]=[C:20]2[NH][CH](CC)[CH](C)C(C)[NH]2.C9=CC=CC=C9[NH:10][H] 21=20;20,10=10"
"C[O+:10]([H])[C:20]1([NH:21]C6=CC=CC=C6)[NH]C([H])C([H])[NH]1.[Cl-]>>[Cl-].C6=CC=CC=C6[NH+:21]=[C:20]2[NH]C([H])C([H])[NH]2.C[O:10][H] 21=20;20,10=10"
"[OH:21][C:20]1(OC)[OH+:10]C(CCC)C(O)=C1O>>[OH:10]C(CCC)/C(O)=C([C:20](OC)=[OH+:21])/O 21=20;20,10=10"
"CC1C(C(O[C:20](=[O:10])N1C)[H])C.[O-:21]CC>>CC1C(C(O[C:20](N1C)([O-:10])[O:21]CC)[H])C 21=20;20,10=10"
"C[O+:10]([H])[C:20]1([NH:21]CC)[O]C([H])C(C8=CC=CC=C8)[O]1.[Cl-]>>[Cl-].CC[NH+:21]=[C:20]2[O]C([H])C(C8=CC=CC=C8)[O]2.C[O:10][H] 21=20;20,10=10"
"[O:10]([K])C(C)C(C)/C(C)=C([H])\[C:20](OCC)=[O:21]>>[O-:21][C:20]1(OCC)C([H])=C(C)C(C)C(C)[O+:10]1([K]) 10=20;20,21=21"
"[H][O+:10](C(CC)C(C)[NH]1)[C:20]1([NH:21]C)[O][H].[Cl-]>>[Cl-].[H][O:10]C(CC)C(C)[NH][C:20]([O][H])=[NH+:21]C 21=20;20,10=10"
"[H][O+:10](C(C)C([H])C(C8=CC=CC=C8)[O]1)[C:20]1([NH:21][H])[O]C.[Cl-]>>[Cl-].[H][O:10]C(C)C([H])C(C8=CC=CC=C8)[O][C:20]([O]C)=[NH+:21][H] 21=20;20,10=10"
"CC1C(C(O[C:20](=[O:10])N1C)CC)CCCCCC.[O-:21][H]>>CC1C(C(O[C:20](N1C)([O-:10])[O:21][H])CC)CCCCCC 21=20;20,10=10"
"[H]N([C:20](=[O:10])OC(C(C([O-:21])[H])C)[H])CCCCCC>>[H]N([C:20]1(OC(C(C([O:21]1)[H])C)[H])[O-:10])CCCCCC 21=20;20,10=10"
"[H][S:10]C(C)C([H])[O][C:20]([O]C7=CC=CC=C7)=[O+:21][Si](C)(C)(C).[Cl-]>>[Cl-].[H][S+:10](C(C)C([H])[O]1)[C:20]1([O:21][Si](C)(C)(C))[O]C7=CC=CC=C7 10=20;20,21=21"
"[NH:10](C)C(C)C(O)C(O)C([H])[C:20](OCC)=[O:21]>>[O-:21][C:20]1(OCC)C([H])C(O)C(O)C(C)[NH+:10]1(C) 10=20;20,21=21"
"[H][S+:10](C(C)C(C8=CC=CC=C8)[O]1)[C:20]1([O:21]C)[O]C.[Cl-]>>[Cl-].[H][S:10]C(C)C(C8=CC=CC=C8)[O][C:20]([O]C)=[O+:21]C 21=20;20,10=10"
"[O:10]([K])C(C)C([H])N([C:20]([H])=[O:21])[H]>>[O-:21][C:20]1([H])[O+:10]([K])C(C)C([H])N1[H] 10=20;20,21=21"
"[O-:21][CH:20]2([H])C3=C(C(C([O:10]2)[H])O)C=CC=C3>>[O-:10]C(C(C1=C(C=CC=C1)[CH:20]([H])=[O:21])O)[H]  21=20;20,10=10"
"CCCCCCN([C:20](=[O:10])OC(C(C([O-:21])C1=CC=CC=C1)[H])CCCCCC)C1=CC=CC=C1>>CCCCCCN([C:20]1(OC(C(C([O:21]1)C1=CC=CC=C1)[H])CCCCCC)[O-:10])C1=CC=CC=C1 21=20;20,10=10"
"[Si](C)(C)(C)[O+:21]=[C:20]2[S]C(C)C(C)[O]2.C[O:10][H].[Cl-]>>[Cl-].C[O+:10]([H])[C:20]1([O:21][Si](C)(C)(C))[S]C(C)C(C)[O]1 10=20;20,21=21"
"[H][NH+:21]=[C:20]2[NH][CH](C)[CH]([H])C(C8=CC=CC=C8)[NH]2.CC[NH:10][H].[Cl-]>>[Cl-].CC[NH+:10]([H])[C:20]1([NH:21][H])[NH][CH](C)C([H])[CH](C8=CC=CC=C8)[NH]1 10=20;20,21=21"
"[H][O+:10](C([H])C([H])C(C8=CC=CC=C8)[O]1)[C:20]1([NH:21]C)[O]C7=CC=CC=C7.[Cl-]>>[Cl-].[H][O:10]C([H])C([H])C(C8=CC=CC=C8)[O][C:20]([O]C7=CC=CC=C7)=[NH+:21]C 21=20;20,10=10"
"C[NH+:10]([H])[C:20]1([NH:21][H])[O][CH](CC)C([H])[CH](CC)[NH]1.[Cl-]>>[Cl-].[H][NH+:21]=[C:20]2[O][CH](CC)[CH]([H])C(CC)[NH]2.C[NH:10][H] 21=20;20,10=10"
"[H]N([C:20](=[O:10])OC(C(C([O-:21])[H])C)C1=CC=CC=C1)CC>>[H]N([C:20]1(OC(C(C([O:21]1)[H])C)C1=CC=CC=C1)[O-:10])CC 21=20;20,10=10"
"[H][O+:10](C(CC)C([H])[O]1)[C:20]1([NH:21]C)[NH][H].[Cl-]>>[Cl-].[H][O:10]C(CC)C([H])[O][C:20]([NH][H])=[NH+:21]C 21=20;20,10=10"
"[H][NH+:10](C(CC)C(C8=CC=CC=C8)[O]1)[C:20]1([NH:21][H])[NH]C.[Cl-]>>[Cl-].[H][NH:10]C(CC)C(C8=CC=CC=C8)[O][C:20]([NH]C)=[NH+:21][H] 21=20;20,10=10"
"[H][O+:10](C(CC)C(C)C(C8=CC=CC=C8)[NH]1)[C:20]1([NH:21]C)[O]CC.[Cl-]>>[Cl-].[H][O:10]C(CC)C(C)C(C8=CC=CC=C8)[NH][C:20]([O]CC)=[NH+:21]C 21=20;20,10=10"
"[H][O+:10](C(C9=CC=CC=C9)C(C)C(CC)[O]1)[C:20]1([O:21][H])[S]C7=CC=CC=C7.[Cl-]>>[Cl-].[H][O:10]C(C9=CC=CC=C9)C(C)C(CC)[O][C:20]([S]C7=CC=CC=C7)=[O+:21][H] 21=20;20,10=10"
"[O:10]([Na])C(CC)C(C)/C([H])=C(C)\[C:20](OCC)=[O:21]>>[O-:21][C:20]1(OCC)C(C)=C([H])C(C)C(CC)[O+:10]1([Na]) 10=20;20,21=21"
"[H][NH+:10](C(C)C([H])C(C8=CC=CC=C8)[NH]1)[C:20]1([NH:21]C)[O]C7=CC=CC=C7.[Cl-]>>[Cl-].[H][NH:10]C(C)C([H])C(C8=CC=CC=C8)[NH][C:20]([O]C7=CC=CC=C7)=[NH+:21]C 21=20;20,10=10"
"[H][S+:10](C(CC)C([H])C(CC)[S]1)[C:20]1([O:21]C)[O]C7=CC=CC=C7.[Cl-]>>[Cl-].[H][S:10]C(CC)C([H])C(CC)[S][C:20]([O]C7=CC=CC=C7)=[O+:21]C 21=20;20,10=10"
"[H][O+:21]=[C:20]2[S][CH](C)[CH]([H])C(C8=CC=CC=C8)[S]2.[H][S:10][H].[Cl-]>>[Cl-].[H][S+:10]([H])[C:20]1([O:21][H])[S][CH](C)C([H])[CH](C8=CC=CC=C8)[S]1 10=20;20,21=21"
"CCCCCCN([C:20](=[O:10])OC(C(C([O-:21])C)C)[H])C1=CC=CC=C1>>CCCCCCN([C:20]1(OC(C(C([O:21]1)C)C)[H])[O-:10])C1=CC=CC=C1 21=20;20,10=10"
"[H][O:10]C(CC)C(C)C(C8=CC=CC=C8)[O][C:20]([NH]C7=CC=CC=C7)=[NH+:21][H].[Cl-]>>[Cl-].[H][O+:10](C(CC)C(C)C(C8=CC=CC=C8)[O]1)[C:20]1([NH:21][H])[NH]C7=CC=CC=C7 10=20;20,21=21"
"[H][O:10]C(C9=CC=CC=C9)C([H])C([H])[NH][C:20]([NH]C)=[NH+:21]CC.[Cl-]>>[Cl-].[H][O+:10](C(C9=CC=CC=C9)C([H])C([H])[NH]1)[C:20]1([NH:21]CC)[NH]C 10=20;20,21=21"
"[H][S+:10](C([H])C(CC)[O]1)[C:20]1([O:21][H])[O]C.[Cl-]>>[Cl-].[H][S:10]C([H])C(CC)[O][C:20]([O]C)=[O+:21][H] 21=20;20,10=10"
"CC1C(C(O[C:20](N1CCCCCC)([O-:10])[O:21]CCCCCC)C1=CC=CC=C1)CC>>CC1C(C(O[C:20](=[O:10])N1CCCCCC)C1=CC=CC=C1)CC.[O-:21]CCCCCC 10=20;20,21=21"
"[O-:21][C:20]1(OC)[O:10]C(CC)C([H])=C1[H]>>[O-:10]C(CC)/C([H])=C([C:20](OC)=[O:21])/[H] 21=20;20,10=10"
"[H][NH+:10](C(C9=CC=CC=C9)C(C)C(C8=CC=CC=C8)[NH]1)[C:20]1([NH:21]CC)[O]CC.[Cl-]>>[Cl-].[H][NH:10]C(C9=CC=CC=C9)C(C)C(C8=CC=CC=C8)[NH][C:20]([O]CC)=[NH+:21]CC 21=20;20,10=10"
"[H][NH+:10](C(C9=CC=CC=C9)C(CC)[NH]1)[C:20]1([NH:21][H])[NH][H].[Cl-]>>[Cl-].[H][NH:10]C(C9=CC=CC=C9)C(CC)[NH][C:20]([NH][H])=[NH+:21][H] 21=20;20,10=10"
"[H][NH:10]C(C)C(C)C([H])[O][C:20]([O]C)=[NH+:21]C.[Cl-]>>[Cl-].[H][NH+:10](C(C)C(C)C([H])[O]1)[C:20]1([NH:21]C)[O]C 10=20;20,21=21"
"[H][O+:10](C(CC)C(C)C(CC)[NH]1)[C:20]1([NH:21][H])[NH]CC.[Cl-]>>[Cl-].[H][O:10]C(CC)C(C)C(CC)[NH][C:20]([NH]CC)=[NH+:21][H] 21=20;20,10=10"
"CCCCCCN([C:20]1(OC(C([O:21]1)[H])CCCCCC)[O-:10])CC>>CCCCCCN([C:20](=[O:10])OC(C([O-:21])[H])CCCCCC)CC 10=20;20,21=21"
"[O-:21][C:20]1(OCC)C(O)C([H])C([H])C(CC)[NH+:10]1(C)>>[NH:10](C)C(CC)C([H])C([H])C(O)[C:20](OCC)=[O:21] 21=20;20,10=10"
"[H][NH:10]C([H])C(C)C(C8=CC=CC=C8)[O][C:20]([O]CC)=[NH+:21]C.[Cl-]>>[Cl-].[H][NH+:10](C([H])C(C)C(C8=CC=CC=C8)[O]1)[C:20]1([NH:21]C)[O]CC 10=20;20,21=21"
"C[O:10][H].C[NH+:21]=[C:20]([O][H])[O]C.[Cl-]>>[Cl-].C[O+:10]([H])[C:20]([NH:21]C)([O][H])[O]C 10=20;20,21=21"
"[H][S:10][H].C[O+:21]=[C:20]([S]CC)[S]C.[Cl-]>>[Cl-].[H][S+:10]([H])[C:20]([O:21]C)([S]CC)[S]C 10=20;20,21=21"
"CCCCCCN([C:20](=[O:10])OC(C(C([O-:21])CC)CCCCCC)CCCCCC)[H]>>CCCCCCN([C:20]1(OC(C(C([O:21]1)CC)CCCCCC)CCCCCC)[O-:10])[H] 21=20;20,10=10"
"C1(C(O[C:20]([O-:10])([O:21]C1C)OC1=CC=CC=C1)[H])CCCCCC>>C(C([O-:21])C)(C(O[C:20](=[O:10])OC1=CC=CC=C1)[H])CCCCCC 10=20;20,21=21"
"[H][NH+:10](C(CC)C([H])C(C)[O]1)[C:20]1([NH:21]C)[O][H].[Cl-]>>[Cl-].[H][NH:10]C(CC)C([H])C(C)[O][C:20]([O][H])=[NH+:21]C 21=20;20,10=10"
"[OH:10]C([H])/C([H])=C([C:20](OCC)=[OH+:21])/C>>[OH:21][C:20]1(OCC)[OH+:10]C([H])C([H])=C1C 10=20;20,21=21"
"[H]C1C(C(O[C:20](=[O:10])N1[H])[H])CC.[O-:21]CC>>[H]C1C(C(O[C:20](N1[H])([O-:10])[O:21]CC)[H])CC 21=20;20,10=10"
"[H][NH+:10]([H])[C:20]1([NH:21]C6=CC=CC=C6)[NH]C([H])C([H])[O]1.[Cl-]>>[Cl-].C6=CC=CC=C6[NH+:21]=[C:20]2[NH]C([H])C([H])[O]2.[H][NH:10][H] 21=20;20,10=10"
"[O-:10]C(C1=C(C([CH:20](OCC)=[O:21])[H])C=CC=C1)C>>[O-:21][CH:20]2(OCC)C(C3=C(C([O:10]2)C)C=CC=C3)[H] 10=20;20,21=21"
"[H][O:10][H].C[NH+:21]=[C:20]([NH]C8=CC=CC=C8)[O]C7=CC=CC=C7.[Cl-]>>[Cl-].[H][O+:10]([H])[C:20]([NH:21]C)([NH]C8=CC=CC=C8)[O]C7=CC=CC=C7 10=20;20,21=21"
"[H][O:10]C(C)C(C)C([H])[O][C:20]([NH]C)=[NH+:21]CC.[Cl-]>>[Cl-].[H][O+:10](C(C)C(C)C([H])[O]1)[C:20]1([NH:21]CC)[NH]C 10=20;20,21=21"
"C[O+:10]([H])[C:20]([O:21][H])([S]CC)[S][H].[Cl-]>>[Cl-].C[O:10][H].[H][O+:21]=[C:20]([S]CC)[S][H] 21=20;20,10=10"
"[H][O+:10](C(C9=CC=CC=C9)C(C)[S]1)[C:20]1([O:21][H])[O][H].[Cl-]>>[Cl-].[H][O:10]C(C9=CC=CC=C9)C(C)[S][C:20]([O][H])=[O+:21][H] 21=20;20,10=10"
"[H][S:10]C(CC)C(C8=CC=CC=C8)[S][C:20]([O][H])=[O+:21][Si](C)(C)(C).[Cl-]>>[Cl-].[H][S+:10](C(CC)C(C8=CC=CC=C8)[S]1)[C:20]1([O:21][Si](C)(C)(C))[O][H] 10=20;20,21=21"
"CCCCCCN([C:20](=[O:10])OC(C(C([O-:21])CCCCCC)CC)CC)CCCCCC>>CCCCCCN([C:20]1(OC(C(C([O:21]1)CCCCCC)CC)CC)[O-:10])CCCCCC 21=20;20,10=10"
"[H][S+:10](C(C9=CC=CC=C9)C(C)C(CC)[S]1)[C:20]1([O:21][H])[O]C.[Cl-]>>[Cl-].[H][S:10]C(C9=CC=CC=C9)C(C)C(CC)[S][C:20]([O]C)=[O+:21][H] 21=20;20,10=10"
"[H][O+:10](C(C)C([H])C(CC)[NH]1)[C:20]1([NH:21]C)[NH]CC.[Cl-]>>[Cl-].[H][O:10]C(C)C([H])C(CC)[NH][C:20]([NH]CC)=[NH+:21]C 21=20;20,10=10"
"[H][O+:10](C(C9=CC=CC=C9)C(C)C(C)[O]1)[C:20]1([NH:21][H])[O][H].[Cl-]>>[Cl-].[H][O:10]C(C9=CC=CC=C9)C(C)C(C)[O][C:20]([O][H])=[NH+:21][H] 21=20;20,10=10"
"[H]N([C:20](=[O:10])OC(C(C([O-:21])C1=CC=CC=C1)C)C)[H]>>[H]N([C:20]1(OC(C(C([O:21]1)C1=CC=CC=C1)C)C)[O-:10])[H] 21=20;20,10=10"
"[H][NH+:10]([H])[C:20]1([NH:21]C6=CC=CC=C6)[O]C([H])C(C)[O]1.[Cl-]>>[Cl-].C6=CC=CC=C6[NH+:21]=[C:20]2[O]C([H])C(C)[O]2.[H][NH:10][H] 21=20;20,10=10"
"[O-:21][C:20]1(C)C([H])=C([H])C([H])C(CCC)[O+:10]1([K])>>[O:10]([K])C(CCC)C([H])/C([H])=C([H])\[C:20](C)=[O:21] 21=20;20,10=10"
"CC1C(C(O[C:20](=[O:10])N1CC)[H])CCCCCC.[O-:21]CCCCCC>>CC1C(C(O[C:20](N1CC)([O-:10])[O:21]CCCCCC)[H])CCCCCC 21=20;20,10=10"
"C[NH+:10]([H])[C:20]([NH:21]C6=CC=CC=C6)([O]C)[O]CC.[Cl-]>>[Cl-].C[NH:10][H].C6=CC=CC=C6[NH+:21]=[C:20]([O]C)[O]CC 21=20;20,10=10"
"[H][O:10]C(C9=CC=CC=C9)C([H])C([H])[NH][C:20]([NH]C)=[NH+:21]C6=CC=CC=C6.[Cl-]>>[Cl-].[H][O+:10](C(C9=CC=CC=C9)C([H])C([H])[NH]1)[C:20]1([NH:21]C6=CC=CC=C6)[NH]C 10=20;20,21=21"
"CCCCCCN([C:20]1(OC(C(C([O:21]1)C)[H])[H])[O-:10])C>>CCCCCCN([C:20](=[O:10])OC(C(C([O-:21])C)[H])[H])C 10=20;20,21=21"
"[OH:21][CH:20]2(OCC)C(C3=C(C([NH+:10]2([H]))[H])C=CC=C3)[H]>>[NH:10]([H])C(C1=C(C([CH:20](OCC)=[OH+:21])[H])C=CC=C1)[H] 21=20;20,10=10"
"C[NH+:10]([H])[C:20]1([NH:21]C6=CC=CC=C6)[NH][CH]([H])C(C)[CH]([H])[O]1.[Cl-]>>[Cl-].C6=CC=CC=C6[NH+:21]=[C:20]2[NH][CH]([H])[CH](C)C([H])[O]2.C[NH:10][H] 21=20;20,10=10"
"[H][O+:21]=[C:20]2[S][CH]([H])[CH](C)C([H])[O]2.C[O:10][H].[Cl-]>>[Cl-].C[O+:10]([H])[C:20]1([O:21][H])[S][CH]([H])C(C)[CH]([H])[O]1 10=20;20,21=21"
"[H]N([C:20]1(OC(C(C([O:21]1)CC)CCCCCC)CC)[O-:10])C>>[H]N([C:20](=[O:10])OC(C(C([O-:21])CC)CCCCCC)CC)C 10=20;20,21=21"
"[H][S+:10]([H])[C:20]1([O:21][H])[S][CH]([H])C([H])[CH](C)[S]1.[Cl-]>>[Cl-].[H][O+:21]=[C:20]2[S][CH]([H])[CH]([H])C(C)[S]2.[H][S:10][H] 21=20;20,10=10"
"[H][NH+:10](C([H])C(C)[O]1)[C:20]1([NH:21]C)[O][H].[Cl-]>>[Cl-].[H][NH:10]C([H])C(C)[O][C:20]([O][H])=[NH+:21]C 21=20;20,10=10"
"[H][S:10][H].[Si](C)(C)(C)[O+:21]=[C:20]([O]C)[O][H].[Cl-]>>[Cl-].[H][S+:10]([H])[C:20]([O:21][Si](C)(C)(C))([O]C)[O][H] 10=20;20,21=21"
"CC1C(C(O[C:20](=[O:10])N1[H])C)C.[O-:21]C1=CC=CC=C1>>CC1C(C(O[C:20](N1[H])([O-:10])[O:21]C1=CC=CC=C1)C)C 21=20;20,10=10"
"C[O+:10]([H])[C:20]1([NH:21][H])[O][CH](C)C(C)[CH]([H])[NH]1.[Cl-]>>[Cl-].[H][NH+:21]=[C:20]2[O][CH](C)[CH](C)C([H])[NH]2.C[O:10][H] 21=20;20,10=10"
"[Na][O:21]CC.[C:20](=[O:10])(OCCCCCC)OC1=CC=CC=C1>>[Na][O+:21]([C:20]([O-:10])(OCCCCCC)OC1=CC=CC=C1)CC 21=20;20,10=10"
"[H]N([C:20]1(OC(C(C([O:21]1)CCCCCC)[H])CCCCCC)[O-:10])[H]>>[H]N([C:20](=[O:10])OC(C(C([O-:21])CCCCCC)[H])CCCCCC)[H] 10=20;20,21=21"
"CC1C(O[C:20](=[O:10])N1CC)[H].[O-:21][H]>>CC1C(O[C:20](N1CC)([O-:10])[O:21][H])[H] 21=20;20,10=10"
"CN([C:20]([O-:10])(OCCCCCC)[O:21]C)[H]>>CN([C:20](=[O:10])OCCCCCC)[H].[O-:21]C 10=20;20,21=21"
"CC[NH+:21]=[C:20]2[NH][CH](C)[CH]([H])C(C)[O]2.CC[O:10][H].[Cl-]>>[Cl-].CC[O+:10]([H])[C:20]1([NH:21]CC)[NH][CH](C)C([H])[CH](C)[O]1 10=20;20,21=21"
"C1(C(O[C:20]([O-:10])([O:21]C1C1=CC=CC=C1)OC1=CC=CC=C1)CC)CCCCCC>>C(C([O-:21])C1=CC=CC=C1)(C(O[C:20](=[O:10])OC1=CC=CC=C1)CC)CCCCCC 10=20;20,21=21"
"CC[O+:10]([H])[C:20]1([NH:21]C6=CC=CC=C6)[O][CH]([H])C(C)[CH](CC)[NH]1.[Cl-]>>[Cl-].C6=CC=CC=C6[NH+:21]=[C:20]2[O][CH]([H])[CH](C)C(CC)[NH]2.CC[O:10][H] 21=20;20,10=10"
"[O-:21][C:20]1(C)[O:10]C(C)C(O)C1O>>[O-:10]C(C)C(O)C([C:20](C)=[O:21])O 21=20;20,10=10"
"[H][O+:10](C(CC)C(C)C(C8=CC=CC=C8)[NH]1)[C:20]1([NH:21]CC)[O][H].[Cl-]>>[Cl-].[H][O:10]C(CC)C(C)C(C8=CC=CC=C8)[NH][C:20]([O][H])=[NH+:21]CC 21=20;20,10=10"
"CCC1C(C(O[C:20](N1CC)([O-:10])[O:21]C)C1=CC=CC=C1)C>>CCC1C(C(O[C:20](=[O:10])N1CC)C1=CC=CC=C1)C.[O-:21]C 10=20;20,21=21"
"[OH:10]C([H])/C(O)=C([C:20](OC)=[OH+:21])/[H]>>[OH:21][C:20]1(OC)[OH+:10]C([H])C(O)=C1[H] 10=20;20,21=21"
"CC[O:10][H].[H][O+:21]=[C:20]([O]CC)[S][H].[Cl-]>>[Cl-].CC[O+:10]([H])[C:20]([O:21][H])([O]CC)[S][H] 10=20;20,21=21"
"CCCCCCN([C:20](=[O:10])OC(C(C([O-:21])CC)CC)C1=CC=CC=C1)C1=CC=CC=C1>>CCCCCCN([C:20]1(OC(C(C([O:21]1)CC)CC)C1=CC=CC=C1)[O-:10])C1=CC=CC=C1 21=20;20,10=10"
"[H]C1C(O[C:20](=[O:10])N1CC)C.[O-:21]C1=CC=CC=C1>>[H]C1C(O[C:20](N1CC)([O-:10])[O:21]C1=CC=CC=C1)C 21=20;20,10=10"
"[H][O+:10]([H])[C:20]1([NH:21]C6=CC=CC=C6)[O]C(C)C(C8=CC=CC=C8)[O]1.[Cl-]>>[Cl-].C6=CC=CC=C6[NH+:21]=[C:20]2[O]C(C)C(C8=CC=CC=C8)[O]2.[H][O:10][H] 21=20;20,10=10"
"CCC1C(C(O[C:20](=[O:10])N1C1=CC=CC=C1)CC)CC.[O-:21]CCCCCC>>CCC1C(C(O[C:20](N1C1=CC=CC=C1)([O-:10])[O:21]CCCCCC)CC)CC 21=20;20,10=10"
"CCC1C(O[C:20](=[O:10])N1[H])[H].[O-:21][H]>>CCC1C(O[C:20](N1[H])([O-:10])[O:21][H])[H] 21=20;20,10=10"
"[H][NH:10]C(C9=CC=CC=C9)C(C8=CC=CC=C8)[NH][C:20]([O]C7=CC=CC=C7)=[NH+:21]C6=CC=CC=C6.[Cl-]>>[Cl-].[H][NH+:10](C(C9=CC=CC=C9)C(C8=CC=CC=C8)[NH]1)[C:20]1([NH:21]C6=CC=CC=C6)[O]C7=CC=CC=C7 10=20;20,21=21"
"[H][O:10]C(CC)C([H])C([H])[O][C:20]([NH]CC)=[NH+:21]CC.[Cl-]>>[Cl-].[H][O+:10](C(CC)C([H])C([H])[O]1)[C:20]1([NH:21]CC)[NH]CC 10=20;20,21=21"
"CCCCCCC1C(C(O[C:20](N1CCCCCC)([O-:10])[O:21]CCCCCC)C)C>>CCCCCCC1C(C(O[C:20](=[O:10])N1CCCCCC)C)C.[O-:21]CCCCCC 10=20;20,21=21"
"[H][O+:10](C(C9=CC=CC=C9)C(C)[S]1)[C:20]1([O:21][Si](C)(C)(C))[O]C.[Cl-]>>[Cl-].[H][O:10]C(C9=CC=CC=C9)C(C)[S][C:20]([O]C)=[O+:21][Si](C)(C)(C) 21=20;20,10=10"
"[H][O+:10](C(C9=CC=CC=C9)C(CC)[O]1)[C:20]1([NH:21]CC)[O]C7=CC=CC=C7.[Cl-]>>[Cl-].[H][O:10]C(C9=CC=CC=C9)C(CC)[O][C:20]([O]C7=CC=CC=C7)=[NH+:21]CC 21=20;20,10=10"
"[H]C1C(C(O[C:20](=[O:10])N1[H])[H])CC.[O-:21][H]>>[H]C1C(C(O[C:20](N1[H])([O-:10])[O:21][H])[H])CC 21=20;20,10=10"
"CC[O+:10]([K])[C:21]([O-:20])(OCCCCCC)OC>>[O:20]=[C:21](OCCCCCC)OC.CC[O:10][K] 20=21;21,10=10"
"CCN([C:20]([O-:10])(OC1=CC=CC=C1)[O:21]C)CC>>CCN([C:20](=[O:10])OC1=CC=CC=C1)CC.[O-:21]C 10=20;20,21=21"
"C[S+:10]([H])[C:20]([O:21][Si](C)(C)(C))([O][H])[O]C.[Cl-]>>[Cl-].C[S:10][H].[Si](C)(C)(C)[O+:21]=[C:20]([O][H])[O]C 21=20;20,10=10"
"C[S+:10]([H])[C:20]1([O:21][H])[O]C(C)C(CC)[S]1.[Cl-]>>[Cl-].[H][O+:21]=[C:20]2[O]C(C)C(CC)[S]2.C[S:10][H] 21=20;20,10=10"
"[O:10]([Na])C([H])/C([H])=C([C:20](C)=[O:21])/[H]>>[O-:21][C:20]1(C)[O+:10]([Na])C([H])C([H])=C1[H] 10=20;20,21=21"
"[H][O:10]C(C)C([H])C(C8=CC=CC=C8)[O][C:20]([NH]CC)=[NH+:21]C6=CC=CC=C6.[Cl-]>>[Cl-].[H][O+:10](C(C)C([H])C(C8=CC=CC=C8)[O]1)[C:20]1([NH:21]C6=CC=CC=C6)[NH]CC 10=20;20,21=21"
"C1=CC=CC=C1N([C:20](=[O:10])OC(C(C([O-:21])CC)CCCCCC)C1=CC=CC=C1)C>>C1=CC=CC=C1N([C:20]1(OC(C(C([O:21]1)CC)CCCCCC)C1=CC=CC=C1)[O-:10])C 21=20;20,10=10"
"C9=CC=CC=C9[O:10][H].[Si](C)(C)(C)[O+:21]=[C:20]([S]CC)[S]C.[Cl-]>>[Cl-].C9=CC=CC=C9[O+:10]([H])[C:20]([O:21][Si](C)(C)(C))([S]CC)[S]C 10=20;20,21=21"
"[OH:21][C:20]1([H])[OH+:10]C([H])C(C)=C1[H]>>[OH:10]C([H])/C(C)=C([C:20]([H])=[OH+:21])/[H] 21=20;20,10=10"
"[H][S+:10]([H])[C:20]([O:21]C)([O]CC)[S]CC.[Cl-]>>[Cl-].[H][S:10][H].C[O+:21]=[C:20]([O]CC)[S]CC 21=20;20,10=10"
"C1=CC=CC=C1C1C(C(O[C:20](N1[H])([O-:10])[O:21]CCCCCC)C1=CC=CC=C1)CCCCCC>>C1=CC=CC=C1C1C(C(O[C:20](=[O:10])N1[H])C1=CC=CC=C1)CCCCCC.[O-:21]CCCCCC 10=20;20,21=21"
"[H]N([C:20]1(OC(C(C([O:21]1)CCCCCC)C)CCCCCC)[O-:10])CCCCCC>>[H]N([C:20](=[O:10])OC(C(C([O-:21])CCCCCC)C)CCCCCC)CCCCCC 10=20;20,21=21"
"[H][S:10]C(CC)C(CC)[O][C:20]([S]C7=CC=CC=C7)=[O+:21][Si](C)(C)(C).[Cl-]>>[Cl-].[H][S+:10](C(CC)C(CC)[O]1)[C:20]1([O:21][Si](C)(C)(C))[S]C7=CC=CC=C7 10=20;20,21=21"
"[H][NH+:10](C(C9=CC=CC=C9)C(C)C([H])[NH]1)[C:20]1([NH:21]C6=CC=CC=C6)[NH]CC.[Cl-]>>[Cl-].[H][NH:10]C(C9=CC=CC=C9)C(C)C([H])[NH][C:20]([NH]CC)=[NH+:21]C6=CC=CC=C6 21=20;20,10=10"
"C1=CC=CC=C1C1C(C(O[C:20](=[O:10])N1CC)[H])C.[O-:21]CC>>C1=CC=CC=C1C1C(C(O[C:20](N1CC)([O-:10])[O:21]CC)[H])C 21=20;20,10=10"
"[H][NH+:10](C(CC)C(C)C(C8=CC=CC=C8)[O]1)[C:20]1([NH:21]C)[O]CC.[Cl-]>>[Cl-].[H][NH:10]C(CC)C(C)C(C8=CC=CC=C8)[O][C:20]([O]CC)=[NH+:21]C 21=20;20,10=10"
"C1=CC=CC=C1N([C:20](=[O:10])OC(C(C([O-:21])C1=CC=CC=C1)CCCCCC)CC)CC>>C1=CC=CC=C1N([C:20]1(OC(C(C([O:21]1)C1=CC=CC=C1)CCCCCC)CC)[O-:10])CC 21=20;20,10=10"
"[O:10]([Na])C([H])C([H])C([C:20](OCC)=[O:21])O>>[O-:21][C:20]1(OCC)[O+:10]([Na])C([H])C([H])C1O 10=20;20,21=21"
"[O:10]([Na])C([H])C(C)/C(C)=C(C)\[C:20](OC)=[O:21]>>[O-:21][C:20]1(OC)C(C)=C(C)C(C)C([H])[O+:10]1([Na]) 10=20;20,21=21"
"[O:10]([K])C(C)C(C)C([H])C([H])[C:20](OCC)=[O:21]>>[O-:21][C:20]1(OCC)C([H])C([H])C(C)C(C)[O+:10]1([K]) 10=20;20,21=21"
"[H]N([C:20]1(OC(C(C([O:21]1)C1=CC=CC=C1)CC)CCCCCC)[O-:10])C>>[H]N([C:20](=[O:10])OC(C(C([O-:21])C1=CC=CC=C1)CC)CCCCCC)C 10=20;20,21=21"
"C9=CC=CC=C9[NH+:10]([H])[C:20]1([NH:21][H])[O]C(C)C(CC)[NH]1.[Cl-]>>[Cl-].[H][NH+:21]=[C:20]2[O]C(C)C(CC)[NH]2.C9=CC=CC=C9[NH:10][H] 21=20;20,10=10"
"CCC1C(C(O[C:20](N1C1=CC=CC=C1)([O-:10])[O:21]C)C)[H]>>CCC1C(C(O[C:20](=[O:10])N1C1=CC=CC=C1)C)[H].[O-:21]C 10=20;20,21=21"
"[O:10]([K])C(C)/C([H])=C([H])\C(C)[C:20](C)=[O:21]>>[O-:21][C:20]1(C)C(C)C([H])=C([H])C(C)[O+:10]1([K]) 10=20;20,21=21"
"[H][O:10]C(CC)C(C)[O][C:20]([S][H])=[O+:21][Si](C)(C)(C).[Cl-]>>[Cl-].[H][O+:10](C(CC)C(C)[O]1)[C:20]1([O:21][Si](C)(C)(C))[S][H] 10=20;20,21=21"
"[H][O:10]C(C9=CC=CC=C9)C([H])C(C)[NH][C:20]([O]C7=CC=CC=C7)=[NH+:21]CC.[Cl-]>>[Cl-].[H][O+:10](C(C9=CC=CC=C9)C([H])C(C)[NH]1)[C:20]1([NH:21]CC)[O]C7=CC=CC=C7 10=20;20,21=21"
"[H][NH+:21]=[C:20]2[NH][CH](CC)[CH](C)C([H])[O]2.C[O:10][H].[Cl-]>>[Cl-].C[O+:10]([H])[C:20]1([NH:21][H])[NH][CH](CC)C(C)[CH]([H])[O]1 10=20;20,21=21"
"[H][NH+:21]=[C:20]2[O][CH](CC)[CH](C)C(C)[O]2.[H][O:10][H].[Cl-]>>[Cl-].[H][O+:10]([H])[C:20]1([NH:21][H])[O][CH](CC)C(C)[CH](C)[O]1 10=20;20,21=21"
"[H][O+:10](C(C)C(C)C(CC)[O]1)[C:20]1([NH:21]CC)[O]CC.[Cl-]>>[Cl-].[H][O:10]C(C)C(C)C(CC)[O][C:20]([O]CC)=[NH+:21]CC 21=20;20,10=10"
"CC[O+:10]([H])[C:20]1([NH:21]C6=CC=CC=C6)[NH]C(C)C([H])[O]1.[Cl-]>>[Cl-].C6=CC=CC=C6[NH+:21]=[C:20]2[NH]C(C)C([H])[O]2.CC[O:10][H] 21=20;20,10=10"
"[H][O+:21]=[C:20]2[O][CH](CC)[CH]([H])C(CC)[S]2.C[O:10][H].[Cl-]>>[Cl-].C[O+:10]([H])[C:20]1([O:21][H])[O][CH](CC)C([H])[CH](CC)[S]1 10=20;20,21=21"
"[H][O:10]C(C)C(C)[S][C:20]([O]C7=CC=CC=C7)=[O+:21]C.[Cl-]>>[Cl-].[H][O+:10](C(C)C(C)[S]1)[C:20]1([O:21]C)[O]C7=CC=CC=C7 10=20;20,21=21"
"C[O:10][H].[H][NH+:21]=[C:20]([O]C)[O]CC.[Cl-]>>[Cl-].C[O+:10]([H])[C:20]([NH:21][H])([O]C)[O]CC 10=20;20,21=21"
"CC[O+:10]([H])[C:20]1([O:21]C)[S][CH](CC)C([H])[CH]([H])[O]1.[Cl-]>>[Cl-].C[O+:21]=[C:20]2[S][CH](CC)[CH]([H])C([H])[O]2.CC[O:10][H] 21=20;20,10=10"
"[H][O+:10](C([H])C(C)[NH]1)[C:20]1([NH:21]C)[O]C7=CC=CC=C7.[Cl-]>>[Cl-].[H][O:10]C([H])C(C)[NH][C:20]([O]C7=CC=CC=C7)=[NH+:21]C 21=20;20,10=10"
"[OH:21][C:20]1(OCC)[OH+:10]C(C)C([H])N1C>>[OH:10]C(C)C([H])N([C:20](OCC)=[OH+:21])C 21=20;20,10=10"
"C9=CC=CC=C9[O+:10]([H])[C:20]1([O:21][H])[S][CH](C)C(C)[CH](CC)[O]1.[Cl-]>>[Cl-].[H][O+:21]=[C:20]2[S][CH](C)[CH](C)C(CC)[O]2.C9=CC=CC=C9[O:10][H] 21=20;20,10=10"
"[H][NH+:10](C(CC)C(C)C(CC)[NH]1)[C:20]1([NH:21]C6=CC=CC=C6)[O][H].[Cl-]>>[Cl-].[H][NH:10]C(CC)C(C)C(CC)[NH][C:20]([O][H])=[NH+:21]C6=CC=CC=C6 21=20;20,10=10"
"[OH:10]C(CC)C(C)C([H])C([H])[C:20](OCC)=[OH+:21]>>[OH:21][C:20]1(OCC)C([H])C([H])C(C)C(CC)[OH+:10]1 10=20;20,21=21"
"C[S:10][H].[H][O+:21]=[C:20]([S]C8=CC=CC=C8)[O]C7=CC=CC=C7.[Cl-]>>[Cl-].C[S+:10]([H])[C:20]([O:21][H])([S]C8=CC=CC=C8)[O]C7=CC=CC=C7 10=20;20,21=21"
"[H][O+:10]([H])[C:20]1([NH:21]C6=CC=CC=C6)[NH][CH]([H])C([H])[CH]([H])[NH]1.[Cl-]>>[Cl-].C6=CC=CC=C6[NH+:21]=[C:20]2[NH][CH]([H])[CH]([H])C([H])[NH]2.[H][O:10][H] 21=20;20,10=10"
"CCCCCCN([C:20]([O-:10])(OCC)[Cl:21])CC>>CCCCCCN([C:20](=[O:10])OCC)CC.[Cl-:21] 10=20;20,21=21"
"CC1C(O[C:20](N1C)([O-:10])[O:21]C)C>>CC1C(O[C:20](=[O:10])N1C)C.[O-:21]C 10=20;20,21=21"
"C9=CC=CC=C9[NH+:10]([H])[C:20]([NH:21]CC)([NH]C8=CC=CC=C8)[O][H].[Cl-]>>[Cl-].C9=CC=CC=C9[NH:10][H].CC[NH+:21]=[C:20]([NH]C8=CC=CC=C8)[O][H] 21=20;20,10=10"
"C1=CC=CC=C1C1C(C(O[C:20](N1CC)([O-:10])[O:21]CC)CC)[H]>>C1=CC=CC=C1C1C(C(O[C:20](=[O:10])N1CC)CC)[H].[O-:21]CC 10=20;20,21=21"
"C[O+:21]=[C:20]2[O][CH](C)[CH]([H])C(CC)[O]2.[H][S:10][H].[Cl-]>>[Cl-].[H][S+:10]([H])[C:20]1([O:21]C)[O][CH](C)C([H])[CH](CC)[O]1 10=20;20,21=21"
"C[O+:21]=[C:20]2[S][CH](C)[CH]([H])C(C)[O]2.[H][O:10][H].[Cl-]>>[Cl-].[H][O+:10]([H])[C:20]1([O:21]C)[S][CH](C)C([H])[CH](C)[O]1 10=20;20,21=21"
"C6=CC=CC=C6[NH+:21]=[C:20]2[NH]C(C7=CC=CC=C7)C(C8=CC=CC=C8)[NH]2.C9=CC=CC=C9[O:10][H].[Cl-]>>[Cl-].C9=CC=CC=C9[O+:10]([H])[C:20]1([NH:21]C6=CC=CC=C6)[NH]C(C7=CC=CC=C7)C(C8=CC=CC=C8)[NH]1 10=20;20,21=21"
"CC[NH+:10]([H])[C:20]1([NH:21]C6=CC=CC=C6)[NH][CH]([H])C(C)[CH](CC)[NH]1.[Cl-]>>[Cl-].C6=CC=CC=C6[NH+:21]=[C:20]2[NH][CH]([H])[CH](C)C(CC)[NH]2.CC[NH:10][H] 21=20;20,10=10"
"[Li][O:21]C.[C:20](=[O:10])(OC1=CC=CC=C1)OC1=CC=CC=C1>>[Li][O+:21]([C:20]([O-:10])(OC1=CC=CC=C1)OC1=CC=CC=C1)C 21=20;20,10=10"
"CC[S+:10]([H])[C:20]1([O:21]C)[S]C(C)C(C8=CC=CC=C8)[O]1.[Cl-]>>[Cl-].C[O+:21]=[C:20]2[S]C(C)C(C8=CC=CC=C8)[O]2.CC[S:10][H] 21=20;20,10=10"
"C[NH+:21]=[C:20]2[NH][CH](CC)[CH]([H])C(C)[O]2.CC[NH:10][H].[Cl-]>>[Cl-].CC[NH+:10]([H])[C:20]1([NH:21]C)[NH][CH](CC)C([H])[CH](C)[O]1 10=20;20,21=21"
"[H][NH+:21]=[C:20]2[O][CH](C)[CH]([H])C(C)[O]2.[H][O:10][H].[Cl-]>>[Cl-].[H][O+:10]([H])[C:20]1([NH:21][H])[O][CH](C)C([H])[CH](C)[O]1 10=20;20,21=21"
"CN([C:20]1(OC(C(C([O:21]1)C)C)[H])[O-:10])C1=CC=CC=C1>>CN([C:20](=[O:10])OC(C(C([O-:21])C)C)[H])C1=CC=CC=C1 10=20;20,21=21"
"[H][S:10]C(C9=CC=CC=C9)C([H])C([H])[O][C:20]([O]C)=[O+:21][H].[Cl-]>>[Cl-].[H][S+:10](C(C9=CC=CC=C9)C([H])C([H])[O]1)[C:20]1([O:21][H])[O]C 10=20;20,21=21"
"[H][S:10]C([H])C(C)C(CC)[O][C:20]([O]CC)=[O+:21]C.[Cl-]>>[Cl-].[H][S+:10](C([H])C(C)C(CC)[O]1)[C:20]1([O:21]C)[O]CC 10=20;20,21=21"
"C[O+:10]([H])[C:20]1([NH:21]CC)[O][CH](CC)C(C)[CH](C)[O]1.[Cl-]>>[Cl-].CC[NH+:21]=[C:20]2[O][CH](CC)[CH](C)C(C)[O]2.C[O:10][H] 21=20;20,10=10"
"C(C([O-:21])CCCCCC)(C(O[C:20](=[O:10])OCCCCCC)[H])CCCCCC>>C1(C(O[C:20]([O-:10])([O:21]C1CCCCCC)OCCCCCC)[H])CCCCCC 21=20;20,10=10"
"[H][S+:10](C(CC)C([H])C(C8=CC=CC=C8)[S]1)[C:20]1([O:21][H])[S]CC.[Cl-]>>[Cl-].[H][S:10]C(CC)C([H])C(C8=CC=CC=C8)[S][C:20]([S]CC)=[O+:21][H] 21=20;20,10=10"
"[H][NH+:10](C([H])C(C)[O]1)[C:20]1([NH:21]C6=CC=CC=C6)[O][H].[Cl-]>>[Cl-].[H][NH:10]C([H])C(C)[O][C:20]([O][H])=[NH+:21]C6=CC=CC=C6 21=20;20,10=10"
"[OH:21][C:20]1(OC)C([H])C([H])=C(C)C(C)[OH+:10]1>>[OH:10]C(C)/C(C)=C([H])\C([H])[C:20](OC)=[OH+:21] 21=20;20,10=10"
"C6=CC=CC=C6[NH+:21]=[C:20]2[O][CH](CC)[CH]([H])C([H])[NH]2.CC[O:10][H].[Cl-]>>[Cl-].CC[O+:10]([H])[C:20]1([NH:21]C6=CC=CC=C6)[O][CH](CC)C([H])[CH]([H])[NH]1 10=20;20,21=21"
"[O-:10]C(CCC)/C([H])=C([C:20](OC)=[O:21])/C>>[O-:21][C:20]1(OC)[O:10]C(CCC)C([H])=C1C 10=20;20,21=21"
"[O-:21][C:20]1([H])[O:10]C(CCC)C(O)=C1C>>[O-:10]C(CCC)/C(O)=C([C:20]([H])=[O:21])/C 21=20;20,10=10"
"[H][S+:10](C(C)C(C)[S]1)[C:20]1([O:21][H])[S]CC.[Cl-]>>[Cl-].[H][S:10]C(C)C(C)[S][C:20]([S]CC)=[O+:21][H] 21=20;20,10=10"
"C9=CC=CC=C9[NH+:10]([H])[C:20]1([NH:21]CC)[NH]C(C)C(CC)[O]1.[Cl-]>>[Cl-].CC[NH+:21]=[C:20]2[NH]C(C)C(CC)[O]2.C9=CC=CC=C9[NH:10][H] 21=20;20,10=10"
"CC[S:10][H].[H][O+:21]=[C:20]([O]C8=CC=CC=C8)[S][H].[Cl-]>>[Cl-].CC[S+:10]([H])[C:20]([O:21][H])([O]C8=CC=CC=C8)[S][H] 10=20;20,21=21"
"C9=CC=CC=C9[O+:10]([H])[C:20]1([NH:21]C)[O]C(C)C([H])[O]1.[Cl-]>>[Cl-].C[NH+:21]=[C:20]2[O]C(C)C([H])[O]2.C9=CC=CC=C9[O:10][H] 21=20;20,10=10"
"CCCCCCN([C:20](=[O:10])OC(C(C([O-:21])CC)C)CC)CC>>CCCCCCN([C:20]1(OC(C(C([O:21]1)CC)C)CC)[O-:10])CC 21=20;20,10=10"
"[H][O:10]C(C)C(C)C(C)[O][C:20]([O]CC)=[NH+:21][H].[Cl-]>>[Cl-].[H][O+:10](C(C)C(C)C(C)[O]1)[C:20]1([NH:21][H])[O]CC 10=20;20,21=21"
"[H][O:10]C(CC)C([H])C(C8=CC=CC=C8)[O][C:20]([O]CC)=[NH+:21][H].[Cl-]>>[Cl-].[H][O+:10](C(CC)C([H])C(C8=CC=CC=C8)[O]1)[C:20]1([NH:21][H])[O]CC 10=20;20,21=21"
"[H][NH+:10](C(C9=CC=CC=C9)C(C)C(CC)[NH]1)[C:20]1([NH:21]CC)[NH]C7=CC=CC=C7.[Cl-]>>[Cl-].[H][NH:10]C(C9=CC=CC=C9)C(C)C(CC)[NH][C:20]([NH]C7=CC=CC=C7)=[NH+:21]CC 21=20;20,10=10"
"[H][S+:10](C([H])C(CC)[O]1)[C:20]1([O:21][Si](C)(C)(C))[O]C.[Cl-]>>[Cl-].[H][S:10]C([H])C(CC)[O][C:20]([O]C)=[O+:21][Si](C)(C)(C) 21=20;20,10=10"
"[H]N([C:20](=[O:10])OC(C(C([O-:21])C)CCCCCC)CCCCCC)CC>>[H]N([C:20]1(OC(C(C([O:21]1)C)CCCCCC)CCCCCC)[O-:10])CC 21=20;20,10=10"
"[NH:10]([H])C(C)C(C)C(O)C([H])[C:20](OCC)=[O:21]>>[O-:21][C:20]1(OCC)C([H])C(O)C(C)C(C)[NH+:10]1([H]) 10=20;20,21=21"
"[O-:21][C:20]1(C)C([H])C([H])C([H])C(CC)[O:10]1>>[O-:10]C(CC)C([H])C([H])C([H])[C:20](C)=[O:21] 21=20;20,10=10"
"[H][O:10]C(C)C([H])C([H])[NH][C:20]([NH]C)=[NH+:21]CC.[Cl-]>>[Cl-].[H][O+:10](C(C)C([H])C([H])[NH]1)[C:20]1([NH:21]CC)[NH]C 10=20;20,21=21"
"[H][NH:10]C(C9=CC=CC=C9)C(C)C([H])[O][C:20]([NH]CC)=[NH+:21][H].[Cl-]>>[Cl-].[H][NH+:10](C(C9=CC=CC=C9)C(C)C([H])[O]1)[C:20]1([NH:21][H])[NH]CC 10=20;20,21=21"
"[H][NH+:21]=[C:20]2[O][CH]([H])[CH](C)C(C8=CC=CC=C8)[O]2.C[O:10][H].[Cl-]>>[Cl-].C[O+:10]([H])[C:20]1([NH:21][H])[O][CH]([H])C(C)[CH](C8=CC=CC=C8)[O]1 10=20;20,21=21"
"C1=CC=CC=C1N([C:20]1(OC(C(C([O:21]1)C1=CC=CC=C1)CC)CCCCCC)[O-:10])CC>>C1=CC=CC=C1N([C:20](=[O:10])OC(C(C([O-:21])C1=CC=CC=C1)CC)CCCCCC)CC 10=20;20,21=21"
"[O-:10]C(CC)C(O)C([C:20](C)=[O:21])O>>[O-:21][C:20]1(C)[O:10]C(CC)C(O)C1O 10=20;20,21=21"
"[H][O+:10]([H])[C:20]1([NH:21][H])[O][CH](C)C([H])[CH](CC)[O]1.[Cl-]>>[Cl-].[H][NH+:21]=[C:20]2[O][CH](C)[CH]([H])C(CC)[O]2.[H][O:10][H] 21=20;20,10=10"
"[H][O+:10](C([H])C(CC)[S]1)[C:20]1([O:21][H])[O]C7=CC=CC=C7.[Cl-]>>[Cl-].[H][O:10]C([H])C(CC)[S][C:20]([O]C7=CC=CC=C7)=[O+:21][H] 21=20;20,10=10"
"[H][NH+:10]([H])[C:20]1([NH:21]C6=CC=CC=C6)[NH][CH]([H])C([H])[CH](CC)[NH]1.[Cl-]>>[Cl-].C6=CC=CC=C6[NH+:21]=[C:20]2[NH][CH]([H])[CH]([H])C(CC)[NH]2.[H][NH:10][H] 21=20;20,10=10"
"C1=CC=CC=C1N([C:20](=[O:10])OC(C(C([O-:21])CC)[H])C1=CC=CC=C1)CCCCCC>>C1=CC=CC=C1N([C:20]1(OC(C(C([O:21]1)CC)[H])C1=CC=CC=C1)[O-:10])CCCCCC 21=20;20,10=10"
"[H][O:10]C(CC)C(C)C(C)[NH][C:20]([O]C7=CC=CC=C7)=[NH+:21]CC.[Cl-]>>[Cl-].[H][O+:10](C(CC)C(C)C(C)[NH]1)[C:20]1([NH:21]CC)[O]C7=CC=CC=C7 10=20;20,21=21"
"CC1C(C(O[C:20](=[O:10])N1[H])[H])C.[O-:21]C>>CC1C(C(O[C:20](N1[H])([O-:10])[O:21]C)[H])C 21=20;20,10=10"
"CC[NH+:21]=[C:20]2[NH]C(C7=CC=CC=C7)C(C)[NH]2.CC[O:10][H].[Cl-]>>[Cl-].CC[O+:10]([H])[C:20]1([NH:21]CC)[NH]C(C7=CC=CC=C7)C(C)[NH]1 10=20;20,21=21"
"[O-:21][C:20]1(OCC)[O+:10]([Na])C([H])C(C)C1C>>[O:10]([Na])C([H])C(C)C([C:20](OCC)=[O:21])C 21=20;20,10=10"
"[H][O:10][H].C6=CC=CC=C6[NH+:21]=[C:20]([O]C8=CC=CC=C8)[NH][H].[Cl-]>>[Cl-].[H][O+:10]([H])[C:20]([NH:21]C6=CC=CC=C6)([O]C8=CC=CC=C8)[NH][H] 10=20;20,21=21"
"[O:10]([Na])C(CC)/C(C)=C([C:20]([H])=[O:21])/[H]>>[O-:21][C:20]1([H])[O+:10]([Na])C(CC)C(C)=C1[H] 10=20;20,21=21"
"CN([C:20](=[O:10])OC(C(C([O-:21])C1=CC=CC=C1)[H])CCCCCC)[H]>>CN([C:20]1(OC(C(C([O:21]1)C1=CC=CC=C1)[H])CCCCCC)[O-:10])[H] 21=20;20,10=10"
"[H][O:10]C(C9=CC=CC=C9)C([H])C(C8=CC=CC=C8)[O][C:20]([O][H])=[NH+:21]CC.[Cl-]>>[Cl-].[H][O+:10](C(C9=CC=CC=C9)C([H])C(C8=CC=CC=C8)[O]1)[C:20]1([NH:21]CC)[O][H] 10=20;20,21=21"
"[O:20]=[C:21](OC1=CC=CC=C1)OCCCCCC.C1=CC=CC=C1[O:10][Na]>>C1=CC=CC=C1[O+:10]([Na])[C:21]([O-:20])(OC1=CC=CC=C1)OCCCCCC 10=21;21,20=20"
"[H][NH+:10](C([H])C(CC)[O]1)[C:20]1([NH:21]CC)[NH][H].[Cl-]>>[Cl-].[H][NH:10]C([H])C(CC)[O][C:20]([NH][H])=[NH+:21]CC 21=20;20,10=10"
"[H][S:10]C(CC)C(C)[S][C:20]([S]C)=[O+:21][H].[Cl-]>>[Cl-].[H][S+:10](C(CC)C(C)[S]1)[C:20]1([O:21][H])[S]C 10=20;20,21=21"
"C1=CC=CC=C1C1C(C(O[C:20](=[O:10])N1[H])CC)CCCCCC.[O-:21]CC>>C1=CC=CC=C1C1C(C(O[C:20](N1[H])([O-:10])[O:21]CC)CC)CCCCCC 21=20;20,10=10"
"CC[O+:10]([H])[C:20]1([O:21][H])[S][CH](C7=CC=CC=C7)C(C)[CH](CC)[O]1.[Cl-]>>[Cl-].[H][O+:21]=[C:20]2[S][CH](C7=CC=CC=C7)[CH](C)C(CC)[O]2.CC[O:10][H] 21=20;20,10=10"
"CC[NH+:21]=[C:20]2[NH]C(CC)C([H])[NH]2.CC[O:10][H].[Cl-]>>[Cl-].CC[O+:10]([H])[C:20]1([NH:21]CC)[NH]C(CC)C([H])[NH]1 10=20;20,21=21"
"[H][O:10]C(CC)C([H])C([H])[O][C:20]([O]C7=CC=CC=C7)=[NH+:21]CC.[Cl-]>>[Cl-].[H][O+:10](C(CC)C([H])C([H])[O]1)[C:20]1([NH:21]CC)[O]C7=CC=CC=C7 10=20;20,21=21"
"C9=CC=CC=C9[O+:10]([H])[C:20]([O:21][H])([O]CC)[S][H].[Cl-]>>[Cl-].C9=CC=CC=C9[O:10][H].[H][O+:21]=[C:20]([O]CC)[S][H] 21=20;20,10=10"
"C1(C(O[C:20]([O-:10])([O:21]C1C)O[H])C1=CC=CC=C1)C1=CC=CC=C1>>C(C([O-:21])C)(C(O[C:20](=[O:10])O[H])C1=CC=CC=C1)C1=CC=CC=C1 10=20;20,21=21"
"[H][O+:10](C([H])C(C)C(C8=CC=CC=C8)[NH]1)[C:20]1([NH:21]C6=CC=CC=C6)[O]C7=CC=CC=C7.[Cl-]>>[Cl-].[H][O:10]C([H])C(C)C(C8=CC=CC=C8)[NH][C:20]([O]C7=CC=CC=C7)=[NH+:21]C6=CC=CC=C6 21=20;20,10=10"
"[H][NH+:10](C([H])C(C)[O]1)[C:20]1([NH:21]C6=CC=CC=C6)[NH]C7=CC=CC=C7.[Cl-]>>[Cl-].[H][NH:10]C([H])C(C)[O][C:20]([NH]C7=CC=CC=C7)=[NH+:21]C6=CC=CC=C6 21=20;20,10=10"
"[H][O+:21]=[C:20]2[O]C(C)C(C)[S]2.CC[O:10][H].[Cl-]>>[Cl-].CC[O+:10]([H])[C:20]1([O:21][H])[O]C(C)C(C)[S]1 10=20;20,21=21"
"CC[NH:10][H].CC[NH+:21]=[C:20]([O]C)[NH]CC.[Cl-]>>[Cl-].CC[NH+:10]([H])[C:20]([NH:21]CC)([O]C)[NH]CC 10=20;20,21=21"
"[H][S:10]C(C)C([H])C(C8=CC=CC=C8)[S][C:20]([O]CC)=[O+:21][H].[Cl-]>>[Cl-].[H][S+:10](C(C)C([H])C(C8=CC=CC=C8)[S]1)[C:20]1([O:21][H])[O]CC 10=20;20,21=21"
"[H][O+:10](C(C9=CC=CC=C9)C([H])C(C8=CC=CC=C8)[NH]1)[C:20]1([NH:21][H])[NH]CC.[Cl-]>>[Cl-].[H][O:10]C(C9=CC=CC=C9)C([H])C(C8=CC=CC=C8)[NH][C:20]([NH]CC)=[NH+:21][H] 21=20;20,10=10"
"C9=CC=CC=C9[O:10][H].[H][O+:21]=[C:20]([S]C8=CC=CC=C8)[S]CC.[Cl-]>>[Cl-].C9=CC=CC=C9[O+:10]([H])[C:20]([O:21][H])([S]C8=CC=CC=C8)[S]CC 10=20;20,21=21"
"[O-:21][C:20]1(OC)C(O)C([H])C([H])C(CCC)[O:10]1>>[O-:10]C(CCC)C([H])C([H])C(O)[C:20](OC)=[O:21] 21=20;20,10=10"
"[H][NH+:21]=[C:20]2[NH][CH]([H])[CH](C)C(C)[O]2.C9=CC=CC=C9[NH:10][H].[Cl-]>>[Cl-].C9=CC=CC=C9[NH+:10]([H])[C:20]1([NH:21][H])[NH][CH]([H])C(C)[CH](C)[O]1 10=20;20,21=21"
"C[NH+:21]=[C:20]2[NH][CH](C)[CH]([H])C([H])[NH]2.[H][NH:10][H].[Cl-]>>[Cl-].[H][NH+:10]([H])[C:20]1([NH:21]C)[NH][CH](C)C([H])[CH]([H])[NH]1 10=20;20,21=21"
"[H]N([C:20]([O-:10])(OC)[O:21]C)C>>[H]N([C:20](=[O:10])OC)C.[O-:21]C 10=20;20,21=21"
"C9=CC=CC=C9[S:10][H].[H][O+:21]=[C:20]([O]C)[O]C.[Cl-]>>[Cl-].C9=CC=CC=C9[S+:10]([H])[C:20]([O:21][H])([O]C)[O]C 10=20;20,21=21"
"C(C([O-:21])CC)(C(O[C:20](=[O:10])OC)C)C>>C1(C(O[C:20]([O-:10])([O:21]C1CC)OC)C)C 21=20;20,10=10"
"CCC1C(C(O[C:20](=[O:10])N1C)C1=CC=CC=C1)C.[O-:21][H]>>CCC1C(C(O[C:20](N1C)([O-:10])[O:21][H])C1=CC=CC=C1)C 21=20;20,10=10"
"C1=CC=CC=C1N([C:20]1(OC(C(C([O:21]1)C)CCCCCC)CCCCCC)[O-:10])C>>C1=CC=CC=C1N([C:20](=[O:10])OC(C(C([O-:21])C)CCCCCC)CCCCCC)C 10=20;20,21=21"
"[H][O+:10]([H])[C:20]1([O:21][H])[O][CH](C7=CC=CC=C7)C(C)[CH](C8=CC=CC=C8)[S]1.[Cl-]>>[Cl-].[H][O+:21]=[C:20]2[O][CH](C7=CC=CC=C7)[CH](C)C(C8=CC=CC=C8)[S]2.[H][O:10][H] 21=20;20,10=10"
"[H][NH+:10](C([H])C(C8=CC=CC=C8)[NH]1)[C:20]1([NH:21][H])[O][H].[Cl-]>>[Cl-].[H][NH:10]C([H])C(C8=CC=CC=C8)[NH][C:20]([O][H])=[NH+:21][H] 21=20;20,10=10"
"[O-:21][C:20]1(C)[O:10]C([H])C(C)=C1O>>[O-:10]C([H])/C(C)=C([C:20](C)=[O:21])/O 21=20;20,10=10"
"[H][S:10][H].[Si](C)(C)(C)[O+:21]=[C:20]([S][H])[O]C.[Cl-]>>[Cl-].[H][S+:10]([H])[C:20]([O:21][Si](C)(C)(C))([S][H])[O]C 10=20;20,21=21"
"[O-:10]C([H])/C([H])=C(C)\C(C)[C:20](OCC)=[O:21]>>[O-:21][C:20]1(OCC)C(C)C(C)=C([H])C([H])[O:10]1 10=20;20,21=21"
"[H][NH:10]C(C)C(CC)[NH][C:20]([NH]C)=[NH+:21]CC.[Cl-]>>[Cl-].[H][NH+:10](C(C)C(CC)[NH]1)[C:20]1([NH:21]CC)[NH]C 10=20;20,21=21"
"[H][NH+:21]=[C:20]2[O][CH](C)[CH]([H])C(C8=CC=CC=C8)[O]2.C9=CC=CC=C9[O:10][H].[Cl-]>>[Cl-].C9=CC=CC=C9[O+:10]([H])[C:20]1([NH:21][H])[O][CH](C)C([H])[CH](C8=CC=CC=C8)[O]1 10=20;20,21=21"
"C1=CC=CC=C1N([C:20](=[O:10])O[H])C.[O-:21]C>>C1=CC=CC=C1N([C:20]([O-:10])(O[H])[O:21]C)C 21=20;20,10=10"
"[H][NH:10]C(CC)C(C)C(CC)[O][C:20]([O]C)=[NH+:21]C6=CC=CC=C6.[Cl-]>>[Cl-].[H][NH+:10](C(CC)C(C)C(CC)[O]1)[C:20]1([NH:21]C6=CC=CC=C6)[O]C 10=20;20,21=21"
"C9=CC=CC=C9[O:10][H].C6=CC=CC=C6[NH+:21]=[C:20]([NH]C8=CC=CC=C8)[O]C.[Cl-]>>[Cl-].C9=CC=CC=C9[O+:10]([H])[C:20]([NH:21]C6=CC=CC=C6)([NH]C8=CC=CC=C8)[O]C 10=20;20,21=21"
"C[O+:10]([H])[C:20]([NH:21][H])([NH][H])[O]C.[Cl-]>>[Cl-].C[O:10][H].[H][NH+:21]=[C:20]([NH][H])[O]C 21=20;20,10=10"
"C[O+:10]([H])[C:20]([O:21][Si](C)(C)(C))([S]C)[S]CC.[Cl-]>>[Cl-].C[O:10][H].[Si](C)(C)(C)[O+:21]=[C:20]([S]C)[S]CC 21=20;20,10=10"
"C[NH+:21]=[C:20]2[O][CH](C)[CH](C)C(C)[NH]2.CC[NH:10][H].[Cl-]>>[Cl-].CC[NH+:10]([H])[C:20]1([NH:21]C)[O][CH](C)C(C)[CH](C)[NH]1 10=20;20,21=21"
"C1=CC=CC=C1N([C:20]1(OC(C([O:21]1)CC)[H])[O-:10])[H]>>C1=CC=CC=C1N([C:20](=[O:10])OC(C([O-:21])CC)[H])[H] 10=20;20,21=21"
"[H][O+:10](C(CC)C(C)C(C8=CC=CC=C8)[O]1)[C:20]1([NH:21]C6=CC=CC=C6)[NH]CC.[Cl-]>>[Cl-].[H][O:10]C(CC)C(C)C(C8=CC=CC=C8)[O][C:20]([NH]CC)=[NH+:21]C6=CC=CC=C6 21=20;20,10=10"
"CO[CH:20]([Br:21])C1=CC=CC=C1>>CO[CH+:20]C1=CC=CC=C1.[Br-:21] 20,21=21"
"[H][O:10]C(C9=CC=CC=C9)C(CC)[O][C:20]([O]CC)=[NH+:21]CC.[Cl-]>>[Cl-].[H][O+:10](C(C9=CC=CC=C9)C(CC)[O]1)[C:20]1([NH:21]CC)[O]CC 10=20;20,21=21"
"CC[NH+:10]([H])[C:20]1([NH:21][H])[NH]C(CC)C(C8=CC=CC=C8)[O]1.[Cl-]>>[Cl-].[H][NH+:21]=[C:20]2[NH]C(CC)C(C8=CC=CC=C8)[O]2.CC[NH:10][H] 21=20;20,10=10"
"[H][S+:10](C(C)C([H])C(C)[S]1)[C:20]1([O:21][H])[S]C.[Cl-]>>[Cl-].[H][S:10]C(C)C([H])C(C)[S][C:20]([S]C)=[O+:21][H] 21=20;20,10=10"
"[H][S:10]C(CC)C([H])C(C)[O][C:20]([O]C7=CC=CC=C7)=[O+:21][H].[Cl-]>>[Cl-].[H][S+:10](C(CC)C([H])C(C)[O]1)[C:20]1([O:21][H])[O]C7=CC=CC=C7 10=20;20,21=21"
"CC[NH+:21]=[C:20]2[O]C(C7=CC=CC=C7)C([H])[NH]2.[H][O:10][H].[Cl-]>>[Cl-].[H][O+:10]([H])[C:20]1([NH:21]CC)[O]C(C7=CC=CC=C7)C([H])[NH]1 10=20;20,21=21"
"[OH:21][C:20]1(C)[OH+:10]C(CCC)C(C)=C1O>>[OH:10]C(CCC)/C(C)=C([C:20](C)=[OH+:21])/O 21=20;20,10=10"
"C[O+:21]=[C:20]2[O][CH](CC)[CH]([H])C(C8=CC=CC=C8)[S]2.CC[O:10][H].[Cl-]>>[Cl-].CC[O+:10]([H])[C:20]1([O:21]C)[O][CH](CC)C([H])[CH](C8=CC=CC=C8)[S]1 10=20;20,21=21"
"[O-:21][C:20]1(OCC)[NH+:10]([H])C(C)C(O)C1C>>[NH:10]([H])C(C)C(O)C([C:20](OCC)=[O:21])C 21=20;20,10=10"
"C[NH:10][H].CC[NH+:21]=[C:20]([NH]C8=CC=CC=C8)[O][H].[Cl-]>>[Cl-].C[NH+:10]([H])[C:20]([NH:21]CC)([NH]C8=CC=CC=C8)[O][H] 10=20;20,21=21"
"[O-:21][C:20]1(C)C(O)C(O)C([H])C(C)[O:10]1>>[O-:10]C(C)C([H])C(O)C(O)[C:20](C)=[O:21] 21=20;20,10=10"
"[NH:10]([H])C([H])/C([H])=C([C:20](OCC)=[O:21])/C>>[O-:21][C:20]1(OCC)[NH+:10]([H])C([H])C([H])=C1C 10=20;20,21=21"
"[H][NH:10]C(CC)C(C)C(C)[O][C:20]([NH]CC)=[NH+:21]C.[Cl-]>>[Cl-].[H][NH+:10](C(CC)C(C)C(C)[O]1)[C:20]1([NH:21]C)[NH]CC 10=20;20,21=21"
"[H][O+:10](C(C9=CC=CC=C9)C(C)[O]1)[C:20]1([NH:21]CC)[NH]CC.[Cl-]>>[Cl-].[H][O:10]C(C9=CC=CC=C9)C(C)[O][C:20]([NH]CC)=[NH+:21]CC 21=20;20,10=10"
"C1=CC=CC=C1C1C(C(O[C:20](=[O:10])N1CC)C1=CC=CC=C1)CC.[O-:21]CCCCCC>>C1=CC=CC=C1C1C(C(O[C:20](N1CC)([O-:10])[O:21]CCCCCC)C1=CC=CC=C1)CC 21=20;20,10=10"
"C6=CC=CC=C6[NH+:21]=[C:20]2[O][CH](C7=CC=CC=C7)[CH](C)C(CC)[NH]2.C[O:10][H].[Cl-]>>[Cl-].C[O+:10]([H])[C:20]1([NH:21]C6=CC=CC=C6)[O][CH](C7=CC=CC=C7)C(C)[CH](CC)[NH]1 10=20;20,21=21"
"CC[O+:10]([H])[C:20]1([O:21][Si](C)(C)(C))[O]C(C7=CC=CC=C7)C([H])[S]1.[Cl-]>>[Cl-].[Si](C)(C)(C)[O+:21]=[C:20]2[O]C(C7=CC=CC=C7)C([H])[S]2.CC[O:10][H] 21=20;20,10=10"
"[H][O+:10]([K])[C:21]([O-:20])(OCCCCCC)O[H]>>[O:20]=[C:21](OCCCCCC)O[H].[H][O:10][K] 20=21;21,10=10"
"CC[O+:10]([H])[C:20]1([O:21]C)[O][CH]([H])C([H])[CH](CC)[O]1.[Cl-]>>[Cl-].C[O+:21]=[C:20]2[O][CH]([H])[CH]([H])C(CC)[O]2.CC[O:10][H] 21=20;20,10=10"
"CCCCCCN([C:20](=[O:10])OC(C(C([O-:21])[H])CCCCCC)CC)C1=CC=CC=C1>>CCCCCCN([C:20]1(OC(C(C([O:21]1)[H])CCCCCC)CC)[O-:10])C1=CC=CC=C1 21=20;20,10=10"
"[H][O+:10]([H])[C:20]([NH:21]C)([O][H])[NH]C.[Cl-]>>[Cl-].[H][O:10][H].C[NH+:21]=[C:20]([O][H])[NH]C 21=20;20,10=10"
"C9=CC=CC=C9[O+:10]([H])[C:20]1([O:21]C)[O][CH](C)C([H])[CH](C)[O]1.[Cl-]>>[Cl-].C[O+:21]=[C:20]2[O][CH](C)[CH]([H])C(C)[O]2.C9=CC=CC=C9[O:10][H] 21=20;20,10=10"
"[H][NH+:21]=[C:20]2[O][CH]([H])[CH]([H])C(C8=CC=CC=C8)[O]2.[H][NH:10][H].[Cl-]>>[Cl-].[H][NH+:10]([H])[C:20]1([NH:21][H])[O][CH]([H])C([H])[CH](C8=CC=CC=C8)[O]1 10=20;20,21=21"
"C9=CC=CC=C9[O+:10]([H])[C:20]1([NH:21]C)[NH][CH]([H])C(C)[CH]([H])[NH]1.[Cl-]>>[Cl-].C[NH+:21]=[C:20]2[NH][CH]([H])[CH](C)C([H])[NH]2.C9=CC=CC=C9[O:10][H] 21=20;20,10=10"
"C[O+:21]=[C:20]2[O]C([H])C([H])[S]2.C[O:10][H].[Cl-]>>[Cl-].C[O+:10]([H])[C:20]1([O:21]C)[O]C([H])C([H])[S]1 10=20;20,21=21"
"[O-:10]C([H])C([H])/C([H])=C(C)\[C:20](OCC)=[O:21]>>[O-:21][C:20]1(OCC)C(C)=C([H])C([H])C([H])[O:10]1 10=20;20,21=21"
"C9=CC=CC=C9[O+:10]([H])[C:20]1([O:21][H])[S][CH](C)C(C)[CH]([H])[S]1.[Cl-]>>[Cl-].[H][O+:21]=[C:20]2[S][CH](C)[CH](C)C([H])[S]2.C9=CC=CC=C9[O:10][H] 21=20;20,10=10"
"C[NH+:21]=[C:20]2[O]C([H])C(C)[O]2.C9=CC=CC=C9[NH:10][H].[Cl-]>>[Cl-].C9=CC=CC=C9[NH+:10]([H])[C:20]1([NH:21]C)[O]C([H])C(C)[O]1 10=20;20,21=21"
"C1=CC=CC=C1C1C(C(O[C:20](=[O:10])N1[H])[H])[H].[O-:21]C1=CC=CC=C1>>C1=CC=CC=C1C1C(C(O[C:20](N1[H])([O-:10])[O:21]C1=CC=CC=C1)[H])[H] 21=20;20,10=10"
"[H][NH:10]C(CC)C(C)[O][C:20]([NH]C)=[NH+:21][H].[Cl-]>>[Cl-].[H][NH+:10](C(CC)C(C)[O]1)[C:20]1([NH:21][H])[NH]C 10=20;20,21=21"
"C[S+:10]([H])[C:20]1([O:21][H])[O][CH]([H])C(C)[CH](C8=CC=CC=C8)[O]1.[Cl-]>>[Cl-].[H][O+:21]=[C:20]2[O][CH]([H])[CH](C)C(C8=CC=CC=C8)[O]2.C[S:10][H] 21=20;20,10=10"
"[H][NH+:10](C(C9=CC=CC=C9)C([H])C(C)[O]1)[C:20]1([NH:21][H])[NH]CC.[Cl-]>>[Cl-].[H][NH:10]C(C9=CC=CC=C9)C([H])C(C)[O][C:20]([NH]CC)=[NH+:21][H] 21=20;20,10=10"
"CC[O+:10]([H])[C:20]1([NH:21][H])[NH][CH](CC)C(C)[CH](C)[NH]1.[Cl-]>>[Cl-].[H][NH+:21]=[C:20]2[NH][CH](CC)[CH](C)C(C)[NH]2.CC[O:10][H] 21=20;20,10=10"
"[H][NH+:21]=[C:20]2[NH][CH](CC)[CH](C)C(C8=CC=CC=C8)[NH]2.CC[NH:10][H].[Cl-]>>[Cl-].CC[NH+:10]([H])[C:20]1([NH:21][H])[NH][CH](CC)C(C)[CH](C8=CC=CC=C8)[NH]1 10=20;20,21=21"
"[O:10]([K])C(CC)C(C)/C(C)=C(C)\[C:20](C)=[O:21]>>[O-:21][C:20]1(C)C(C)=C(C)C(C)C(CC)[O+:10]1([K]) 10=20;20,21=21"
"[H][S+:10](C(C9=CC=CC=C9)C(CC)[S]1)[C:20]1([O:21][H])[S]C.[Cl-]>>[Cl-].[H][S:10]C(C9=CC=CC=C9)C(CC)[S][C:20]([S]C)=[O+:21][H] 21=20;20,10=10"
"[H][O+:21]=[C:20]2[O][CH](C7=CC=CC=C7)[CH]([H])C(CC)[O]2.[H][O:10][H].[Cl-]>>[Cl-].[H][O+:10]([H])[C:20]1([O:21][H])[O][CH](C7=CC=CC=C7)C([H])[CH](CC)[O]1 10=20;20,21=21"
"[H][NH:10][H].C6=CC=CC=C6[NH+:21]=[C:20]([O]C)[NH]C7=CC=CC=C7.[Cl-]>>[Cl-].[H][NH+:10]([H])[C:20]([NH:21]C6=CC=CC=C6)([O]C)[NH]C7=CC=CC=C7 10=20;20,21=21"
"CC[O+:10]([H])[C:20]1([NH:21]C6=CC=CC=C6)[O][CH](C7=CC=CC=C7)C(C)[CH](C8=CC=CC=C8)[NH]1.[Cl-]>>[Cl-].C6=CC=CC=C6[NH+:21]=[C:20]2[O][CH](C7=CC=CC=C7)[CH](C)C(C8=CC=CC=C8)[NH]2.CC[O:10][H] 21=20;20,10=10"
"C[NH+:21]=[C:20]2[O][CH](C7=CC=CC=C7)[CH](C)C(CC)[O]2.C9=CC=CC=C9[O:10][H].[Cl-]>>[Cl-].C9=CC=CC=C9[O+:10]([H])[C:20]1([NH:21]C)[O][CH](C7=CC=CC=C7)C(C)[CH](CC)[O]1 10=20;20,21=21"
"CC[NH:10][H].CC[NH+:21]=[C:20]([NH][H])[O]C.[Cl-]>>[Cl-].CC[NH+:10]([H])[C:20]([NH:21]CC)([NH][H])[O]C 10=20;20,21=21"
"[H][S+:10](C([H])C(C)C(C)[O]1)[C:20]1([O:21]C)[O]C.[Cl-]>>[Cl-].[H][S:10]C([H])C(C)C(C)[O][C:20]([O]C)=[O+:21]C 21=20;20,10=10"
"C9=CC=CC=C9[S+:10]([H])[C:20]1([O:21][H])[O][CH](CC)C(C)[CH]([H])[O]1.[Cl-]>>[Cl-].[H][O+:21]=[C:20]2[O][CH](CC)[CH](C)C([H])[O]2.C9=CC=CC=C9[S:10][H] 21=20;20,10=10"
"[H][NH+:10](C(C)C(C)[O]1)[C:20]1([NH:21]C)[O][H].[Cl-]>>[Cl-].[H][NH:10]C(C)C(C)[O][C:20]([O][H])=[NH+:21]C 21=20;20,10=10"
"CCN([C:20]1(OC(C(C([O:21]1)[H])[H])C)[O-:10])C1=CC=CC=C1>>CCN([C:20](=[O:10])OC(C(C([O-:21])[H])[H])C)C1=CC=CC=C1 10=20;20,21=21"
"[H][NH+:10]([H])[C:20]([NH:21]CC)([O]C8=CC=CC=C8)[NH]C.[Cl-]>>[Cl-].[H][NH:10][H].CC[NH+:21]=[C:20]([O]C8=CC=CC=C8)[NH]C 21=20;20,10=10"
"C[NH+:21]=[C:20]2[O][CH]([H])[CH](C)C(C8=CC=CC=C8)[O]2.C[NH:10][H].[Cl-]>>[Cl-].C[NH+:10]([H])[C:20]1([NH:21]C)[O][CH]([H])C(C)[CH](C8=CC=CC=C8)[O]1 10=20;20,21=21"
"[H][NH+:10](C(C9=CC=CC=C9)C(C)C(C)[NH]1)[C:20]1([NH:21]C6=CC=CC=C6)[NH]C7=CC=CC=C7.[Cl-]>>[Cl-].[H][NH:10]C(C9=CC=CC=C9)C(C)C(C)[NH][C:20]([NH]C7=CC=CC=C7)=[NH+:21]C6=CC=CC=C6 21=20;20,10=10"
"[OH:21][C:20]1(OC)C(O)C(O)C(C)C(CC)[OH+:10]1>>[OH:10]C(CC)C(C)C(O)C(O)[C:20](OC)=[OH+:21] 21=20;20,10=10"
"[H][NH:10]C(C)C(C)C(C8=CC=CC=C8)[NH][C:20]([O]CC)=[NH+:21][H].[Cl-]>>[Cl-].[H][NH+:10](C(C)C(C)C(C8=CC=CC=C8)[NH]1)[C:20]1([NH:21][H])[O]CC 10=20;20,21=21"
"[H][O+:10](C([H])C(C)C(C)[S]1)[C:20]1([O:21]C)[O][H].[Cl-]>>[Cl-].[H][O:10]C([H])C(C)C(C)[S][C:20]([O][H])=[O+:21]C 21=20;20,10=10"
"[O:20]=[C:21](OCCCCCC)OC.CCCCCC[O:10][Li]>>CCCCCC[O+:10]([Li])[C:21]([O-:20])(OCCCCCC)OC 10=21;21,20=20"
"CC[NH+:21]=[C:20]2[O][CH](C)[CH]([H])C([H])[NH]2.[H][NH:10][H].[Cl-]>>[Cl-].[H][NH+:10]([H])[C:20]1([NH:21]CC)[O][CH](C)C([H])[CH]([H])[NH]1 10=20;20,21=21"
"[H][O:10]C([H])C([H])C(CC)[NH][C:20]([O]C7=CC=CC=C7)=[NH+:21]C6=CC=CC=C6.[Cl-]>>[Cl-].[H][O+:10](C([H])C([H])C(CC)[NH]1)[C:20]1([NH:21]C6=CC=CC=C6)[O]C7=CC=CC=C7 10=20;20,21=21"
"[H][NH:10]C(C9=CC=CC=C9)C([H])C(CC)[O][C:20]([O]C)=[NH+:21]CC.[Cl-]>>[Cl-].[H][NH+:10](C(C9=CC=CC=C9)C([H])C(CC)[O]1)[C:20]1([NH:21]CC)[O]C 10=20;20,21=21"
"[H][O:10]C([H])C(C8=CC=CC=C8)[S][C:20]([S]C7=CC=CC=C7)=[O+:21]C.[Cl-]>>[Cl-].[H][O+:10](C([H])C(C8=CC=CC=C8)[S]1)[C:20]1([O:21]C)[S]C7=CC=CC=C7 10=20;20,21=21"
"[H]N([C:20]1(OC(C(C([O:21]1)[H])CC)CC)[O-:10])CC>>[H]N([C:20](=[O:10])OC(C(C([O-:21])[H])CC)CC)CC 10=20;20,21=21"
"C[O+:10]([H])[C:20]([O:21]C)([S][H])[S]CC.[Cl-]>>[Cl-].C[O:10][H].C[O+:21]=[C:20]([S][H])[S]CC 21=20;20,10=10"
"CC[O+:10]([H])[C:20]1([NH:21]C6=CC=CC=C6)[NH][CH]([H])C([H])[CH](CC)[O]1.[Cl-]>>[Cl-].C6=CC=CC=C6[NH+:21]=[C:20]2[NH][CH]([H])[CH]([H])C(CC)[O]2.CC[O:10][H] 21=20;20,10=10"
"CCCCCCN([C:20](=[O:10])OC(C([O-:21])[H])C1=CC=CC=C1)C1=CC=CC=C1>>CCCCCCN([C:20]1(OC(C([O:21]1)[H])C1=CC=CC=C1)[O-:10])C1=CC=CC=C1 21=20;20,10=10"
"[H]N([C:20]1(OC(C([O:21]1)CCCCCC)C1=CC=CC=C1)[O-:10])[H]>>[H]N([C:20](=[O:10])OC(C([O-:21])CCCCCC)C1=CC=CC=C1)[H] 10=20;20,21=21"
"CCCCCCC1C(C(O[C:20](=[O:10])N1C1=CC=CC=C1)CCCCCC)C.[O-:21]C>>CCCCCCC1C(C(O[C:20](N1C1=CC=CC=C1)([O-:10])[O:21]C)CCCCCC)C 21=20;20,10=10"
"C9=CC=CC=C9[NH+:10]([H])[C:20]1([NH:21][H])[O][CH]([H])C([H])[CH](CC)[O]1.[Cl-]>>[Cl-].[H][NH+:21]=[C:20]2[O][CH]([H])[CH]([H])C(CC)[O]2.C9=CC=CC=C9[NH:10][H] 21=20;20,10=10"
"CC1C(C(O[C:20](N1C1=CC=CC=C1)([O-:10])[O:21]CC)CCCCCC)[H]>>CC1C(C(O[C:20](=[O:10])N1C1=CC=CC=C1)CCCCCC)[H].[O-:21]CC 10=20;20,21=21"
"C[NH+:10]([H])[C:20]1([NH:21][H])[O][CH](C7=CC=CC=C7)C([H])[CH](C8=CC=CC=C8)[O]1.[Cl-]>>[Cl-].[H][NH+:21]=[C:20]2[O][CH](C7=CC=CC=C7)[CH]([H])C(C8=CC=CC=C8)[O]2.C[NH:10][H] 21=20;20,10=10"
"C[O+:10]([H])[C:20]([O:21][Si](C)(C)(C))([O]C)[S][H].[Cl-]>>[Cl-].C[O:10][H].[Si](C)(C)(C)[O+:21]=[C:20]([O]C)[S][H] 21=20;20,10=10"
"[H][NH:10]C(C)C(C)C(C8=CC=CC=C8)[NH][C:20]([NH]CC)=[NH+:21]C.[Cl-]>>[Cl-].[H][NH+:10](C(C)C(C)C(C8=CC=CC=C8)[NH]1)[C:20]1([NH:21]C)[NH]CC 10=20;20,21=21"
"[H]C1C(C(O[C:20](=[O:10])N1C1=CC=CC=C1)C1=CC=CC=C1)CCCCCC.[O-:21]C1=CC=CC=C1>>[H]C1C(C(O[C:20](N1C1=CC=CC=C1)([O-:10])[O:21]C1=CC=CC=C1)C1=CC=CC=C1)CCCCCC 21=20;20,10=10"
"CC[NH+:21]=[C:20]2[O][CH](CC)[CH](C)C(C)[O]2.CC[NH:10][H].[Cl-]>>[Cl-].CC[NH+:10]([H])[C:20]1([NH:21]CC)[O][CH](CC)C(C)[CH](C)[O]1 10=20;20,21=21"
"[H][NH+:10](C(CC)C([H])C(C8=CC=CC=C8)[O]1)[C:20]1([NH:21]C6=CC=CC=C6)[NH][H].[Cl-]>>[Cl-].[H][NH:10]C(CC)C([H])C(C8=CC=CC=C8)[O][C:20]([NH][H])=[NH+:21]C6=CC=CC=C6 21=20;20,10=10"
"[NH:10](C)C([H])C(O)C(O)C(C)[C:20](OCC)=[O:21]>>[O-:21][C:20]1(OCC)C(C)C(O)C(O)C([H])[NH+:10]1(C) 10=20;20,21=21"
"C(C(O[C:20](=[O:10])OC)C)([O-:21])CC>>C1(C([O:21][C:20](O1)([O-:10])OC)CC)C 21=20;20,10=10"
"[O:10]([Na])C(C)C([H])C([H])C(C)[C:20](OC)=[O:21]>>[O-:21][C:20]1(OC)C(C)C([H])C([H])C(C)[O+:10]1([Na]) 10=20;20,21=21"
"[O-:21][C:20]1(OCC)[O:10]C(C)C([H])N1[H]>>[O-:10]C(C)C([H])N([C:20](OCC)=[O:21])[H] 21=20;20,10=10"
"[H][S:10]C(C)C(CC)[S][C:20]([S]C)=[O+:21]C.[Cl-]>>[Cl-].[H][S+:10](C(C)C(CC)[S]1)[C:20]1([O:21]C)[S]C 10=20;20,21=21"
"[O-:21][C:20]1(OC)C([H])C([H])=C([H])C([H])[NH+:10]1([H])>>[NH:10]([H])C([H])/C([H])=C([H])\C([H])[C:20](OC)=[O:21] 21=20;20,10=10"
"[H][S:10]C(CC)C(C8=CC=CC=C8)[S][C:20]([S]CC)=[O+:21]C.[Cl-]>>[Cl-].[H][S+:10](C(CC)C(C8=CC=CC=C8)[S]1)[C:20]1([O:21]C)[S]CC 10=20;20,21=21"
"[OH:21][CH:20]2([H])C(C3=C(C([NH+:10]2(C))C)C=CC=C3)[H]>>[NH:10](C)C(C1=C(C([CH:20]([H])=[OH+:21])[H])C=CC=C1)C 21=20;20,10=10"
"[H]C1C(C(O[C:20](=[O:10])N1[H])CC)CC.[O-:21]CCCCCC>>[H]C1C(C(O[C:20](N1[H])([O-:10])[O:21]CCCCCC)CC)CC 21=20;20,10=10"
"[H][O+:10](C(CC)C(C)[O]1)[C:20]1([O:21]C)[S]C7=CC=CC=C7.[Cl-]>>[Cl-].[H][O:10]C(CC)C(C)[O][C:20]([S]C7=CC=CC=C7)=[O+:21]C 21=20;20,10=10"
"[OH:10]C([H])/C([H])=C([C:20](C)=[OH+:21])/C>>[OH:21][C:20]1(C)[OH+:10]C([H])C([H])=C1C 10=20;20,21=21"
"[H][NH:10]C(CC)C(C)C(CC)[NH][C:20]([NH]C)=[NH+:21]C.[Cl-]>>[Cl-].[H][NH+:10](C(CC)C(C)C(CC)[NH]1)[C:20]1([NH:21]C)[NH]C 10=20;20,21=21"
"[H][NH+:10](C(C9=CC=CC=C9)C(C8=CC=CC=C8)[O]1)[C:20]1([NH:21]C)[O]C7=CC=CC=C7.[Cl-]>>[Cl-].[H][NH:10]C(C9=CC=CC=C9)C(C8=CC=CC=C8)[O][C:20]([O]C7=CC=CC=C7)=[NH+:21]C 21=20;20,10=10"
"CCC1C(C(O[C:20](N1CC)([O-:10])[O:21][H])C1=CC=CC=C1)C>>CCC1C(C(O[C:20](=[O:10])N1CC)C1=CC=CC=C1)C.[O-:21][H] 10=20;20,21=21"
"[H][O:10]C(C9=CC=CC=C9)C(C)C([H])[NH][C:20]([O]C7=CC=CC=C7)=[NH+:21]CC.[Cl-]>>[Cl-].[H][O+:10](C(C9=CC=CC=C9)C(C)C([H])[NH]1)[C:20]1([NH:21]CC)[O]C7=CC=CC=C7 10=20;20,21=21"
"[H][O+:10]([H])[C:20]([O:21][Si](C)(C)(C))([S]C8=CC=CC=C8)[S]C.[Cl-]>>[Cl-].[H][O:10][H].[Si](C)(C)(C)[O+:21]=[C:20]([S]C8=CC=CC=C8)[S]C 21=20;20,10=10"
"[O:10]([Na])C([H])C(C)N([C:20]([H])=[O:21])[H]>>[O-:21][C:20]1([H])[O+:10]([Na])C([H])C(C)N1[H] 10=20;20,21=21"
"[H][NH:10]C([H])C([H])C(C)[NH][C:20]([NH]CC)=[NH+:21][H].[Cl-]>>[Cl-].[H][NH+:10](C([H])C([H])C(C)[NH]1)[C:20]1([NH:21][H])[NH]CC 10=20;20,21=21"
"[H][O+:10](C(CC)C(C)C([H])[NH]1)[C:20]1([NH:21]CC)[NH]C7=CC=CC=C7.[Cl-]>>[Cl-].[H][O:10]C(CC)C(C)C([H])[NH][C:20]([NH]C7=CC=CC=C7)=[NH+:21]CC 21=20;20,10=10"
"[H][S+:10](C(CC)C([H])C(C)[S]1)[C:20]1([O:21][H])[S]CC.[Cl-]>>[Cl-].[H][S:10]C(CC)C([H])C(C)[S][C:20]([S]CC)=[O+:21][H] 21=20;20,10=10"
"[H][O+:10]([H])[C:20]([O:21][H])([S]C8=CC=CC=C8)[O][H].[Cl-]>>[Cl-].[H][O:10][H].[H][O+:21]=[C:20]([S]C8=CC=CC=C8)[O][H] 21=20;20,10=10"
"CCN([C:20]1(OC(C([O:21]1)CC)C)[O-:10])C>>CCN([C:20](=[O:10])OC(C([O-:21])CC)C)C 10=20;20,21=21"
"[O-:10]C([H])/C(C)=C([C:20](C)=[O:21])/C>>[O-:21][C:20]1(C)[O:10]C([H])C(C)=C1C 10=20;20,21=21"
"CC[O+:10]([H])[C:20]([NH:21][H])([NH]C)[O]C7=CC=CC=C7.[Cl-]>>[Cl-].CC[O:10][H].[H][NH+:21]=[C:20]([NH]C)[O]C7=CC=CC=C7 21=20;20,10=10"
"CCCCCCN([C:20]1(OC(C(C([O:21]1)C)[H])CCCCCC)[O-:10])C1=CC=CC=C1>>CCCCCCN([C:20](=[O:10])OC(C(C([O-:21])C)[H])CCCCCC)C1=CC=CC=C1 10=20;20,21=21"
"[H][S+:10](C([H])C(C)C(C8=CC=CC=C8)[O]1)[C:20]1([O:21]C)[S]CC.[Cl-]>>[Cl-].[H][S:10]C([H])C(C)C(C8=CC=CC=C8)[O][C:20]([S]CC)=[O+:21]C 21=20;20,10=10"
"[H][O+:10](C(C)C(C)C(C8=CC=CC=C8)[S]1)[C:20]1([O:21][H])[S][H].[Cl-]>>[Cl-].[H][O:10]C(C)C(C)C(C8=CC=CC=C8)[S][C:20]([S][H])=[O+:21][H] 21=20;20,10=10"
"CCC1C(C(O[C:20](=[O:10])N1CCCCCC)C1=CC=CC=C1)[H].[O-:21]C1=CC=CC=C1>>CCC1C(C(O[C:20](N1CCCCCC)([O-:10])[O:21]C1=CC=CC=C1)C1=CC=CC=C1)[H] 21=20;20,10=10"
"[H][O+:10](C(C)C([H])C(C8=CC=CC=C8)[NH]1)[C:20]1([NH:21]CC)[O]CC.[Cl-]>>[Cl-].[H][O:10]C(C)C([H])C(C8=CC=CC=C8)[NH][C:20]([O]CC)=[NH+:21]CC 21=20;20,10=10"
"[H][NH:10]C(C)C(C8=CC=CC=C8)[O][C:20]([NH]C7=CC=CC=C7)=[NH+:21][H].[Cl-]>>[Cl-].[H][NH+:10](C(C)C(C8=CC=CC=C8)[O]1)[C:20]1([NH:21][H])[NH]C7=CC=CC=C7 10=20;20,21=21"
"[H][NH:10]C(C)C([H])[NH][C:20]([NH]C7=CC=CC=C7)=[NH+:21][H].[Cl-]>>[Cl-].[H][NH+:10](C(C)C([H])[NH]1)[C:20]1([NH:21][H])[NH]C7=CC=CC=C7 10=20;20,21=21"
"C[O+:10]([H])[C:20]1([O:21]C)[S][CH]([H])C(C)[CH]([H])[S]1.[Cl-]>>[Cl-].C[O+:21]=[C:20]2[S][CH]([H])[CH](C)C([H])[S]2.C[O:10][H] 21=20;20,10=10"
"CCCCCCC1C(C(O[C:20](=[O:10])N1C1=CC=CC=C1)CCCCCC)CC.[O-:21]C1=CC=CC=C1>>CCCCCCC1C(C(O[C:20](N1C1=CC=CC=C1)([O-:10])[O:21]C1=CC=CC=C1)CCCCCC)CC 21=20;20,10=10"
"C[O+:21]=[C:20]2[S][CH](C)[CH](C)C(CC)[S]2.C[S:10][H].[Cl-]>>[Cl-].C[S+:10]([H])[C:20]1([O:21]C)[S][CH](C)C(C)[CH](CC)[S]1 10=20;20,21=21"
"[H][S:10]C(C)C([H])C(C)[S][C:20]([O]C)=[O+:21]C.[Cl-]>>[Cl-].[H][S+:10](C(C)C([H])C(C)[S]1)[C:20]1([O:21]C)[O]C 10=20;20,21=21"
"C[O+:21]=[C:20]2[O][CH]([H])[CH]([H])C(CC)[O]2.C9=CC=CC=C9[S:10][H].[Cl-]>>[Cl-].C9=CC=CC=C9[S+:10]([H])[C:20]1([O:21]C)[O][CH]([H])C([H])[CH](CC)[O]1 10=20;20,21=21"
"[H][O+:10](C([H])C(C)C([H])[S]1)[C:20]1([O:21]C)[O]C.[Cl-]>>[Cl-].[H][O:10]C([H])C(C)C([H])[S][C:20]([O]C)=[O+:21]C 21=20;20,10=10"
"CC1C(C(O[C:20](N1C1=CC=CC=C1)([O-:10])[O:21][H])CC)[H]>>CC1C(C(O[C:20](=[O:10])N1C1=CC=CC=C1)CC)[H].[O-:21][H] 10=20;20,21=21"
"[H][O:10]C([H])C([H])C(C8=CC=CC=C8)[NH][C:20]([NH]CC)=[NH+:21]C6=CC=CC=C6.[Cl-]>>[Cl-].[H][O+:10](C([H])C([H])C(C8=CC=CC=C8)[NH]1)[C:20]1([NH:21]C6=CC=CC=C6)[NH]CC 10=20;20,21=21"
"CCCCCCC1C(O[C:20](=[O:10])N1[H])CCCCCC.[O-:21]C>>CCCCCCC1C(O[C:20](N1[H])([O-:10])[O:21]C)CCCCCC 21=20;20,10=10"
"[H][NH:10]C(C)C([H])C(CC)[NH][C:20]([NH][H])=[NH+:21][H].[Cl-]>>[Cl-].[H][NH+:10](C(C)C([H])C(CC)[NH]1)[C:20]1([NH:21][H])[NH][H] 10=20;20,21=21"
"[OH:10]C(CCC)/C([H])=C([C:20](OCC)=[OH+:21])/C>>[OH:21][C:20]1(OCC)[OH+:10]C(CCC)C([H])=C1C 10=20;20,21=21"
"[H][NH:10]C(CC)C([H])C(C)[NH][C:20]([O]CC)=[NH+:21]CC.[Cl-]>>[Cl-].[H][NH+:10](C(CC)C([H])C(C)[NH]1)[C:20]1([NH:21]CC)[O]CC 10=20;20,21=21"
"[OH:10]C([H])C([H])N([C:20](OCC)=[OH+:21])[H]>>[OH:21][C:20]1(OCC)[OH+:10]C([H])C([H])N1[H] 10=20;20,21=21"
"[NH:10](C)C(CC)/C([H])=C(C)\C([H])[C:20]([H])=[O:21]>>[O-:21][C:20]1([H])C([H])C(C)=C([H])C(CC)[NH+:10]1(C) 10=20;20,21=21"
"CCN([C:20]1(OC(C(C([O:21]1)C)C)C)[O-:10])C1=CC=CC=C1>>CCN([C:20](=[O:10])OC(C(C([O-:21])C)C)C)C1=CC=CC=C1 10=20;20,21=21"
"C9=CC=CC=C9[O+:10]([H])[C:20]1([O:21][H])[S][CH](C)C(C)[CH](C)[O]1.[Cl-]>>[Cl-].[H][O+:21]=[C:20]2[S][CH](C)[CH](C)C(C)[O]2.C9=CC=CC=C9[O:10][H] 21=20;20,10=10"
"[H][O+:10](C(CC)C([H])[O]1)[C:20]1([O:21][H])[S]CC.[Cl-]>>[Cl-].[H][O:10]C(CC)C([H])[O][C:20]([S]CC)=[O+:21][H] 21=20;20,10=10"
"CC[NH+:21]=[C:20]2[O][CH]([H])[CH](C)C(CC)[O]2.C9=CC=CC=C9[NH:10][H].[Cl-]>>[Cl-].C9=CC=CC=C9[NH+:10]([H])[C:20]1([NH:21]CC)[O][CH]([H])C(C)[CH](CC)[O]1 10=20;20,21=21"
"[OH:21][C:20]1([H])C(O)C([H])C([H])C([H])[OH+:10]1>>[OH:10]C([H])C([H])C([H])C(O)[C:20]([H])=[OH+:21] 21=20;20,10=10"
"CC[NH+:21]=[C:20]2[NH][CH]([H])[CH](C)C([H])[NH]2.CC[O:10][H].[Cl-]>>[Cl-].CC[O+:10]([H])[C:20]1([NH:21]CC)[NH][CH]([H])C(C)[CH]([H])[NH]1 10=20;20,21=21"
"[H][O+:10]([H])[C:20]1([NH:21]C6=CC=CC=C6)[NH][CH]([H])C(C)[CH]([H])[NH]1.[Cl-]>>[Cl-].C6=CC=CC=C6[NH+:21]=[C:20]2[NH][CH]([H])[CH](C)C([H])[NH]2.[H][O:10][H] 21=20;20,10=10"
"[O-:21][C:20]1(OC)C([H])C([H])=C(C)C(CCC)[O:10]1>>[O-:10]C(CCC)/C(C)=C([H])\C([H])[C:20](OC)=[O:21] 21=20;20,10=10"
"[H][NH+:10]([H])[C:20]1([NH:21]C6=CC=CC=C6)[NH][CH](CC)C([H])[CH](CC)[NH]1.[Cl-]>>[Cl-].C6=CC=CC=C6[NH+:21]=[C:20]2[NH][CH](CC)[CH]([H])C(CC)[NH]2.[H][NH:10][H] 21=20;20,10=10"
"C1=CC=CC=C1C1C(C(O[C:20](N1CCCCCC)([O-:10])[O:21][H])C1=CC=CC=C1)[H]>>C1=CC=CC=C1C1C(C(O[C:20](=[O:10])N1CCCCCC)C1=CC=CC=C1)[H].[O-:21][H] 10=20;20,21=21"
"[H][O+:10]([H])[C:20]1([NH:21]CC)[O][CH](CC)C(C)[CH](C8=CC=CC=C8)[O]1.[Cl-]>>[Cl-].CC[NH+:21]=[C:20]2[O][CH](CC)[CH](C)C(C8=CC=CC=C8)[O]2.[H][O:10][H] 21=20;20,10=10"
"CCN([C:20](=[O:10])OC(C(C([O-:21])C)CCCCCC)CC)CC>>CCN([C:20]1(OC(C(C([O:21]1)C)CCCCCC)CC)[O-:10])CC 21=20;20,10=10"
"[O:20]=[C:21](OC1=CC=CC=C1)O[H].[H][O:10][K]>>[H][O+:10]([K])[C:21]([O-:20])(OC1=CC=CC=C1)O[H] 10=21;21,20=20"
"[H][O+:21]=[C:20]2[S][CH](CC)[CH](C)C(C8=CC=CC=C8)[S]2.CC[S:10][H].[Cl-]>>[Cl-].CC[S+:10]([H])[C:20]1([O:21][H])[S][CH](CC)C(C)[CH](C8=CC=CC=C8)[S]1 10=20;20,21=21"
"[H][NH:10]C(C)C(C)C(CC)[NH][C:20]([NH]C)=[NH+:21][H].[Cl-]>>[Cl-].[H][NH+:10](C(C)C(C)C(CC)[NH]1)[C:20]1([NH:21][H])[NH]C 10=20;20,21=21"
"[O:10]([K])C(CC)/C(C)=C([C:20]([H])=[O:21])/O>>[O-:21][C:20]1([H])[O+:10]([K])C(CC)C(C)=C1O 10=20;20,21=21"
"[H][NH+:21]=[C:20]2[O]C(CC)C(C)[NH]2.[H][NH:10][H].[Cl-]>>[Cl-].[H][NH+:10]([H])[C:20]1([NH:21][H])[O]C(CC)C(C)[NH]1 10=20;20,21=21"
"[H][S+:10](C(C9=CC=CC=C9)C(C)C(CC)[O]1)[C:20]1([O:21]C)[O][H].[Cl-]>>[Cl-].[H][S:10]C(C9=CC=CC=C9)C(C)C(CC)[O][C:20]([O][H])=[O+:21]C 21=20;20,10=10"
"[OH:10]C(CC)/C([H])=C([C:20](OCC)=[OH+:21])/O>>[OH:21][C:20]1(OCC)[OH+:10]C(CC)C([H])=C1O 10=20;20,21=21"
"C[O+:21]=[C:20]2[O][CH](CC)[CH](C)C(CC)[O]2.C[S:10][H].[Cl-]>>[Cl-].C[S+:10]([H])[C:20]1([O:21]C)[O][CH](CC)C(C)[CH](CC)[O]1 10=20;20,21=21"
"C1=CC=CC=C1C1C(C(O[C:20](N1C1=CC=CC=C1)([O-:10])[O:21]C1=CC=CC=C1)CCCCCC)CC>>C1=CC=CC=C1C1C(C(O[C:20](=[O:10])N1C1=CC=CC=C1)CCCCCC)CC.[O-:21]C1=CC=CC=C1 10=20;20,21=21"
"[H]C1C(O[C:20](N1[H])([O-:10])[O:21]C)CCCCCC>>[H]C1C(O[C:20](=[O:10])N1[H])CCCCCC.[O-:21]C 10=20;20,21=21"
"CC[NH+:21]=[C:20]2[NH][CH](C)[CH]([H])C(CC)[O]2.[H][O:10][H].[Cl-]>>[Cl-].[H][O+:10]([H])[C:20]1([NH:21]CC)[NH][CH](C)C([H])[CH](CC)[O]1 10=20;20,21=21"
"[O-:21][C:20]1([H])C(C)=C([H])C([H])C([H])[NH+:10]1([H])>>[NH:10]([H])C([H])C([H])/C([H])=C(C)\[C:20]([H])=[O:21] 21=20;20,10=10"
"[H][O+:10](C([H])C(C8=CC=CC=C8)[S]1)[C:20]1([O:21]C)[O]CC.[Cl-]>>[Cl-].[H][O:10]C([H])C(C8=CC=CC=C8)[S][C:20]([O]CC)=[O+:21]C 21=20;20,10=10"
"[H][NH:10][H].C[NH+:21]=[C:20]([NH][H])[O]CC.[Cl-]>>[Cl-].[H][NH+:10]([H])[C:20]([NH:21]C)([NH][H])[O]CC 10=20;20,21=21"
"[H][O+:10](C(CC)C(C)C(CC)[O]1)[C:20]1([O:21]C)[S]CC.[Cl-]>>[Cl-].[H][O:10]C(CC)C(C)C(CC)[O][C:20]([S]CC)=[O+:21]C 21=20;20,10=10"
"[H][NH+:10](C(CC)C([H])C([H])[NH]1)[C:20]1([NH:21]C6=CC=CC=C6)[O]C.[Cl-]>>[Cl-].[H][NH:10]C(CC)C([H])C([H])[NH][C:20]([O]C)=[NH+:21]C6=CC=CC=C6 21=20;20,10=10"
"CC[S+:10]([H])[C:20]1([O:21][H])[O][CH](C)C([H])[CH](CC)[O]1.[Cl-]>>[Cl-].[H][O+:21]=[C:20]2[O][CH](C)[CH]([H])C(CC)[O]2.CC[S:10][H] 21=20;20,10=10"
"C9=CC=CC=C9[O:10][H].C[NH+:21]=[C:20]([NH]CC)[NH][H].[Cl-]>>[Cl-].C9=CC=CC=C9[O+:10]([H])[C:20]([NH:21]C)([NH]CC)[NH][H] 10=20;20,21=21"
"CC[O+:10]([H])[C:20]1([NH:21]C6=CC=CC=C6)[O][CH](C7=CC=CC=C7)C([H])[CH](C)[O]1.[Cl-]>>[Cl-].C6=CC=CC=C6[NH+:21]=[C:20]2[O][CH](C7=CC=CC=C7)[CH]([H])C(C)[O]2.CC[O:10][H] 21=20;20,10=10"
"[H][S:10]C([H])C(C)C(CC)[S][C:20]([O]C7=CC=CC=C7)=[O+:21][H].[Cl-]>>[Cl-].[H][S+:10](C([H])C(C)C(CC)[S]1)[C:20]1([O:21][H])[O]C7=CC=CC=C7 10=20;20,21=21"
"CCC1C(C(O[C:20](=[O:10])N1C)C)C.[O-:21]C1=CC=CC=C1>>CCC1C(C(O[C:20](N1C)([O-:10])[O:21]C1=CC=CC=C1)C)C 21=20;20,10=10"
"C9=CC=CC=C9[NH:10][H].CC[NH+:21]=[C:20]([NH]C)[NH]C.[Cl-]>>[Cl-].C9=CC=CC=C9[NH+:10]([H])[C:20]([NH:21]CC)([NH]C)[NH]C 10=20;20,21=21"
"[O-:21][C:20]1(OCC)[O+:10]([K])C(CCC)C([H])=C1[H]>>[O:10]([K])C(CCC)/C([H])=C([C:20](OCC)=[O:21])/[H] 21=20;20,10=10"
"CCN([C:20]1(OC(C(C([O:21]1)CCCCCC)C)[H])[O-:10])CCCCCC>>CCN([C:20](=[O:10])OC(C(C([O-:21])CCCCCC)C)[H])CCCCCC 10=20;20,21=21"
"C9=CC=CC=C9[NH:10][H].CC[NH+:21]=[C:20]([O]CC)[NH][H].[Cl-]>>[Cl-].C9=CC=CC=C9[NH+:10]([H])[C:20]([NH:21]CC)([O]CC)[NH][H] 10=20;20,21=21"
"[H][NH:10][H].C6=CC=CC=C6[NH+:21]=[C:20]([O]C8=CC=CC=C8)[O]C.[Cl-]>>[Cl-].[H][NH+:10]([H])[C:20]([NH:21]C6=CC=CC=C6)([O]C8=CC=CC=C8)[O]C 10=20;20,21=21"
"CC[NH+:10]([H])[C:20]1([NH:21]CC)[NH][CH]([H])C([H])[CH]([H])[NH]1.[Cl-]>>[Cl-].CC[NH+:21]=[C:20]2[NH][CH]([H])[CH]([H])C([H])[NH]2.CC[NH:10][H] 21=20;20,10=10"
"[OH:21][C:20]2(C)C(C(C)C3=C([NH+:10]2(C))C=CC=C3)O>>[NH:10](C)C(C=CC=C1)=C1C(C)C([C:20](C)=[OH+:21])O 21=20;20,10=10"
"C1(C(O[C:20]([O-:10])([O:21]C1[H])OCCCCCC)CCCCCC)[H]>>C(C([O-:21])[H])(C(O[C:20](=[O:10])OCCCCCC)CCCCCC)[H] 10=20;20,21=21"
"CC[NH+:21]=[C:20]2[NH]C(C7=CC=CC=C7)C(C8=CC=CC=C8)[NH]2.C[NH:10][H].[Cl-]>>[Cl-].C[NH+:10]([H])[C:20]1([NH:21]CC)[NH]C(C7=CC=CC=C7)C(C8=CC=CC=C8)[NH]1 10=20;20,21=21"
"C1(C(O[C:20]([O-:10])([O:21]C1C1=CC=CC=C1)OCC)C)CC>>C(C([O-:21])C1=CC=CC=C1)(C(O[C:20](=[O:10])OCC)C)CC 10=20;20,21=21"
"[OH:21][C:20]1(OCC)C([H])C(O)C(C)C(CCC)[OH+:10]1>>[OH:10]C(CCC)C(C)C(O)C([H])[C:20](OCC)=[OH+:21] 21=20;20,10=10"
"CN([C:20]1(OC(C(C([O:21]1)C)CC)[H])[O-:10])C>>CN([C:20](=[O:10])OC(C(C([O-:21])C)CC)[H])C 10=20;20,21=21"
"[H]N([C:20]([O-:10])(OC)[O:21]CC)CCCCCC>>[H]N([C:20](=[O:10])OC)CCCCCC.[O-:21]CC 10=20;20,21=21"
"[H][S:10]C(C9=CC=CC=C9)C(C)C([H])[O][C:20]([O]C)=[O+:21][H].[Cl-]>>[Cl-].[H][S+:10](C(C9=CC=CC=C9)C(C)C([H])[O]1)[C:20]1([O:21][H])[O]C 10=20;20,21=21"
"[H][O+:10](C(CC)C(C8=CC=CC=C8)[O]1)[C:20]1([NH:21]CC)[NH]CC.[Cl-]>>[Cl-].[H][O:10]C(CC)C(C8=CC=CC=C8)[O][C:20]([NH]CC)=[NH+:21]CC 21=20;20,10=10"
"C6=CC=CC=C6[NH+:21]=[C:20]2[NH]C(C)C(CC)[NH]2.C[NH:10][H].[Cl-]>>[Cl-].C[NH+:10]([H])[C:20]1([NH:21]C6=CC=CC=C6)[NH]C(C)C(CC)[NH]1 10=20;20,21=21"
"C9=CC=CC=C9[NH+:10]([H])[C:20]1([NH:21]CC)[O][CH](CC)C([H])[CH]([H])[O]1.[Cl-]>>[Cl-].CC[NH+:21]=[C:20]2[O][CH](CC)[CH]([H])C([H])[O]2.C9=CC=CC=C9[NH:10][H] 21=20;20,10=10"
"[NH:10](C)C([H])C(C)C([H])C(C)[C:20](C)=[O:21]>>[O-:21][C:20]1(C)C(C)C([H])C(C)C([H])[NH+:10]1(C) 10=20;20,21=21"
"CCCCCCN([C:20]1(OC(C(C([O:21]1)CC)[H])CCCCCC)[O-:10])C>>CCCCCCN([C:20](=[O:10])OC(C(C([O-:21])CC)[H])CCCCCC)C 10=20;20,21=21"
"C6=CC=CC=C6[NH+:21]=[C:20]2[NH]C(C7=CC=CC=C7)C(CC)[NH]2.[H][O:10][H].[Cl-]>>[Cl-].[H][O+:10]([H])[C:20]1([NH:21]C6=CC=CC=C6)[NH]C(C7=CC=CC=C7)C(CC)[NH]1 10=20;20,21=21"
"[O:21]=[C:20](OC)OC1=CC=CC=C1.[O-:10]C>>C[O:10][C:20]([O-:21])(OC)OC1=CC=CC=C1 10=20;20,21=21"
"CCCCCCC1C(C(O[C:20](N1CCCCCC)([O-:10])[O:21][H])CC)CCCCCC>>CCCCCCC1C(C(O[C:20](=[O:10])N1CCCCCC)CC)CCCCCC.[O-:21][H] 10=20;20,21=21"
"[H]C1C(C(O[C:20](N1C1=CC=CC=C1)([O-:10])[O:21]CCCCCC)C)[H]>>[H]C1C(C(O[C:20](=[O:10])N1C1=CC=CC=C1)C)[H].[O-:21]CCCCCC 10=20;20,21=21"
"[H][O+:10]([H])[C:20]1([O:21]C)[S][CH]([H])C(C)[CH]([H])[O]1.[Cl-]>>[Cl-].C[O+:21]=[C:20]2[S][CH]([H])[CH](C)C([H])[O]2.[H][O:10][H] 21=20;20,10=10"
"[H][O+:21]=[C:20]2[O][CH]([H])[CH]([H])C([H])[O]2.C[O:10][H].[Cl-]>>[Cl-].C[O+:10]([H])[C:20]1([O:21][H])[O][CH]([H])C([H])[CH]([H])[O]1 10=20;20,21=21"
"[O:10]([Na])C(C)/C(C)=C([C:20](OC)=[O:21])/C>>[O-:21][C:20]1(OC)[O+:10]([Na])C(C)C(C)=C1C 10=20;20,21=21"
"C1=CC=CC=C1N([C:20]1(OC(C(C([O:21]1)[H])[H])[H])[O-:10])CCCCCC>>C1=CC=CC=C1N([C:20](=[O:10])OC(C(C([O-:21])[H])[H])[H])CCCCCC 10=20;20,21=21"
"[O-:21][C:20]1(OC)[O+:10]([Na])C(CC)C(O)C1C>>[O:10]([Na])C(CC)C(O)C([C:20](OC)=[O:21])C 21=20;20,10=10"
"CCN([C:20]1(OC(C(C([O:21]1)C1=CC=CC=C1)[H])CC)[O-:10])CC>>CCN([C:20](=[O:10])OC(C(C([O-:21])C1=CC=CC=C1)[H])CC)CC 10=20;20,21=21"
"[O-:10]C([H])C([H])C([H])C(O)[C:20](OCC)=[O:21]>>[O-:21][C:20]1(OCC)C(O)C([H])C([H])C([H])[O:10]1 10=20;20,21=21"
"[H][S+:10](C([H])C([H])[O]1)[C:20]1([O:21][H])[O]C7=CC=CC=C7.[Cl-]>>[Cl-].[H][S:10]C([H])C([H])[O][C:20]([O]C7=CC=CC=C7)=[O+:21][H] 21=20;20,10=10"
"C1=CC=CC=C1C1C(C(O[C:20](=[O:10])N1[H])C)[H].[O-:21]C>>C1=CC=CC=C1C1C(C(O[C:20](N1[H])([O-:10])[O:21]C)C)[H] 21=20;20,10=10"
"CC[NH:10][H].C6=CC=CC=C6[NH+:21]=[C:20]([O][H])[O]CC.[Cl-]>>[Cl-].CC[NH+:10]([H])[C:20]([NH:21]C6=CC=CC=C6)([O][H])[O]CC 10=20;20,21=21"
"[H][O+:10]([H])[C:20]1([NH:21][H])[O][CH](CC)C(C)[CH](C8=CC=CC=C8)[NH]1.[Cl-]>>[Cl-].[H][NH+:21]=[C:20]2[O][CH](CC)[CH](C)C(C8=CC=CC=C8)[NH]2.[H][O:10][H] 21=20;20,10=10"
"[Na][O+:21]([C:20]([O-:10])(OCCCCCC)OCC)C1=CC=CC=C1>>[Na][O:21]C1=CC=CC=C1.[C:20](=[O:10])(OCCCCCC)OCC 10=20;20,21=21"
"C1=CC=CC=C1N([C:20]1(OC(C(C([O:21]1)[H])CC)CC)[O-:10])C1=CC=CC=C1>>C1=CC=CC=C1N([C:20](=[O:10])OC(C(C([O-:21])[H])CC)CC)C1=CC=CC=C1 10=20;20,21=21"
"[H][S:10]C(C)C([H])C(CC)[S][C:20]([O]C7=CC=CC=C7)=[O+:21]C.[Cl-]>>[Cl-].[H][S+:10](C(C)C([H])C(CC)[S]1)[C:20]1([O:21]C)[O]C7=CC=CC=C7 10=20;20,21=21"
"[H][O:10]C(C)C([H])C(C8=CC=CC=C8)[NH][C:20]([O]CC)=[NH+:21]CC.[Cl-]>>[Cl-].[H][O+:10](C(C)C([H])C(C8=CC=CC=C8)[NH]1)[C:20]1([NH:21]CC)[O]CC 10=20;20,21=21"
"[H][NH:10]C(C)C(C)C(C)[NH][C:20]([O]C)=[NH+:21]C.[Cl-]>>[Cl-].[H][NH+:10](C(C)C(C)C(C)[NH]1)[C:20]1([NH:21]C)[O]C 10=20;20,21=21"
"[OH:21][CH:20]2(C)C(C3=C(C([NH+:10]2(C))C)C=CC=C3)O>>[NH:10](C)C(C1=C(C([CH:20](C)=[OH+:21])O)C=CC=C1)C 21=20;20,10=10"
"[H][O+:10](C(CC)C([H])C(CC)[NH]1)[C:20]1([NH:21][H])[O][H].[Cl-]>>[Cl-].[H][O:10]C(CC)C([H])C(CC)[NH][C:20]([O][H])=[NH+:21][H] 21=20;20,10=10"
"C[O+:21]=[C:20]2[O]C(CC)C(C8=CC=CC=C8)[O]2.C9=CC=CC=C9[S:10][H].[Cl-]>>[Cl-].C9=CC=CC=C9[S+:10]([H])[C:20]1([O:21]C)[O]C(CC)C(C8=CC=CC=C8)[O]1 10=20;20,21=21"
"[H][NH+:10](C(C)C([H])C(CC)[NH]1)[C:20]1([NH:21][H])[NH]C.[Cl-]>>[Cl-].[H][NH:10]C(C)C([H])C(CC)[NH][C:20]([NH]C)=[NH+:21][H] 21=20;20,10=10"
"CC[NH:10][H].CC[NH+:21]=[C:20]([NH]CC)[O]CC.[Cl-]>>[Cl-].CC[NH+:10]([H])[C:20]([NH:21]CC)([NH]CC)[O]CC 10=20;20,21=21"
"C[S+:10]([H])[C:20]1([O:21][Si](C)(C)(C))[O]C(CC)C([H])[O]1.[Cl-]>>[Cl-].[Si](C)(C)(C)[O+:21]=[C:20]2[O]C(CC)C([H])[O]2.C[S:10][H] 21=20;20,10=10"
"[H][S+:10](C([H])C([H])C(CC)[O]1)[C:20]1([O:21]C)[S]C7=CC=CC=C7.[Cl-]>>[Cl-].[H][S:10]C([H])C([H])C(CC)[O][C:20]([S]C7=CC=CC=C7)=[O+:21]C 21=20;20,10=10"
"CCN([C:20]([O-:10])(O[H])[O:21]C1=CC=CC=C1)CC>>CCN([C:20](=[O:10])O[H])CC.[O-:21]C1=CC=CC=C1 10=20;20,21=21"
"[O-:10]C(CCC)/C(C)=C([C:20](OC)=[O:21])/C>>[O-:21][C:20]1(OC)[O:10]C(CCC)C(C)=C1C 10=20;20,21=21"
"[H][O:10]C(C9=CC=CC=C9)C(C)C([H])[O][C:20]([O]C7=CC=CC=C7)=[NH+:21]C.[Cl-]>>[Cl-].[H][O+:10](C(C9=CC=CC=C9)C(C)C([H])[O]1)[C:20]1([NH:21]C)[O]C7=CC=CC=C7 10=20;20,21=21"
"C1=CC=CC=C1C1C(O[C:20](N1CC)([O-:10])[O:21]CCCCCC)CCCCCC>>C1=CC=CC=C1C1C(O[C:20](=[O:10])N1CC)CCCCCC.[O-:21]CCCCCC 10=20;20,21=21"
"CC1C(C(O[C:20](=[O:10])N1C1=CC=CC=C1)CCCCCC)CCCCCC.[O-:21]C1=CC=CC=C1>>CC1C(C(O[C:20](N1C1=CC=CC=C1)([O-:10])[O:21]C1=CC=CC=C1)CCCCCC)CCCCCC 21=20;20,10=10"
"CCCCCCN([C:20](=[O:10])OC(C(C([O-:21])CCCCCC)[H])C)C>>CCCCCCN([C:20]1(OC(C(C([O:21]1)CCCCCC)[H])C)[O-:10])C 21=20;20,10=10"
"[H][NH:10]C(C9=CC=CC=C9)C(C)[O][C:20]([O]CC)=[NH+:21]C.[Cl-]>>[Cl-].[H][NH+:10](C(C9=CC=CC=C9)C(C)[O]1)[C:20]1([NH:21]C)[O]CC 10=20;20,21=21"
"C9=CC=CC=C9[O+:10]([H])[C:20]([NH:21]CC)([O][H])[NH]C7=CC=CC=C7.[Cl-]>>[Cl-].C9=CC=CC=C9[O:10][H].CC[NH+:21]=[C:20]([O][H])[NH]C7=CC=CC=C7 21=20;20,10=10"
"[H][S+:10](C([H])C([H])C(C)[O]1)[C:20]1([O:21][H])[O]C.[Cl-]>>[Cl-].[H][S:10]C([H])C([H])C(C)[O][C:20]([O]C)=[O+:21][H] 21=20;20,10=10"
"[H][O:10]C([H])C(C)C(CC)[NH][C:20]([O]CC)=[NH+:21]C6=CC=CC=C6.[Cl-]>>[Cl-].[H][O+:10](C([H])C(C)C(CC)[NH]1)[C:20]1([NH:21]C6=CC=CC=C6)[O]CC 10=20;20,21=21"
"CCCCCCN([C:20](=[O:10])OC(C(C([O-:21])CC)[H])CC)C1=CC=CC=C1>>CCCCCCN([C:20]1(OC(C(C([O:21]1)CC)[H])CC)[O-:10])C1=CC=CC=C1 21=20;20,10=10"
"CCN([C:20]1(OC(C([O:21]1)C)CC)[O-:10])C1=CC=CC=C1>>CCN([C:20](=[O:10])OC(C([O-:21])C)CC)C1=CC=CC=C1 10=20;20,21=21"
"[H][O+:10]([H])[C:20]([NH:21][H])([NH]C8=CC=CC=C8)[O][H].[Cl-]>>[Cl-].[H][O:10][H].[H][NH+:21]=[C:20]([NH]C8=CC=CC=C8)[O][H] 21=20;20,10=10"
"C[O+:10]([H])[C:20]1([O:21]C)[S]C(C)C(C8=CC=CC=C8)[O]1.[Cl-]>>[Cl-].C[O+:21]=[C:20]2[S]C(C)C(C8=CC=CC=C8)[O]2.C[O:10][H] 21=20;20,10=10"
"CCCCCCC1C(C(O[C:20](=[O:10])N1CCCCCC)CC)C.[O-:21]CC>>CCCCCCC1C(C(O[C:20](N1CCCCCC)([O-:10])[O:21]CC)CC)C 21=20;20,10=10"
"CCN([C:20]1(OC(C([O:21]1)CC)CCCCCC)[O-:10])CC>>CCN([C:20](=[O:10])OC(C([O-:21])CC)CCCCCC)CC 10=20;20,21=21"
"[H][NH+:10](C(C9=CC=CC=C9)C(C)C(CC)[O]1)[C:20]1([NH:21][H])[O][H].[Cl-]>>[Cl-].[H][NH:10]C(C9=CC=CC=C9)C(C)C(CC)[O][C:20]([O][H])=[NH+:21][H] 21=20;20,10=10"
"[H][O:10][H].[H][O+:21]=[C:20]([S][H])[O]C.[Cl-]>>[Cl-].[H][O+:10]([H])[C:20]([O:21][H])([S][H])[O]C 10=20;20,21=21"
"CCCCCC[NH:10][H].C1CC(=O)N(C1=O)O[C:20](=[O:21])C1=CC=CC=C1>>CCCCCC[NH+:10]([C:20]([O-:21])(ON1C(=O)CCC1=O)C1=CC=CC=C1)[H] 10=20;20,21=21"
"[O-:21][C:20]1(C)[O+:10]([Na])C(C)C([H])C1[H]>>[O:10]([Na])C(C)C([H])C([C:20](C)=[O:21])[H] 21=20;20,10=10"
"[H]C1C(C(O[C:20](=[O:10])N1CCCCCC)C1=CC=CC=C1)CC.[O-:21]C>>[H]C1C(C(O[C:20](N1CCCCCC)([O-:10])[O:21]C)C1=CC=CC=C1)CC 21=20;20,10=10"
"[H][S+:10]([H])[C:20]1([O:21][Si](C)(C)(C))[S]C(C7=CC=CC=C7)C(C)[S]1.[Cl-]>>[Cl-].[Si](C)(C)(C)[O+:21]=[C:20]2[S]C(C7=CC=CC=C7)C(C)[S]2.[H][S:10][H] 21=20;20,10=10"
"[H][O+:21]=[C:20]2[O][CH](C)[CH](C)C(C8=CC=CC=C8)[O]2.CC[O:10][H].[Cl-]>>[Cl-].CC[O+:10]([H])[C:20]1([O:21][H])[O][CH](C)C(C)[CH](C8=CC=CC=C8)[O]1 10=20;20,21=21"
"[H][S:10]C(C9=CC=CC=C9)C(C8=CC=CC=C8)[O][C:20]([S]C)=[O+:21][H].[Cl-]>>[Cl-].[H][S+:10](C(C9=CC=CC=C9)C(C8=CC=CC=C8)[O]1)[C:20]1([O:21][H])[S]C 10=20;20,21=21"
"C[NH+:10]([H])[C:20]1([NH:21]C)[O][CH](C)C(C)[CH]([H])[O]1.[Cl-]>>[Cl-].C[NH+:21]=[C:20]2[O][CH](C)[CH](C)C([H])[O]2.C[NH:10][H] 21=20;20,10=10"
"CCC1C(C(O[C:20](=[O:10])N1C)CC)CC.[O-:21]C1=CC=CC=C1>>CCC1C(C(O[C:20](N1C)([O-:10])[O:21]C1=CC=CC=C1)CC)CC 21=20;20,10=10"
"[O-:21][C:20]1([H])C(O)C([H])C([H])C(CCC)[O+:10]1([K])>>[O:10]([K])C(CCC)C([H])C([H])C(O)[C:20]([H])=[O:21] 21=20;20,10=10"
"CC[NH+:10]([H])[C:20]1([NH:21]C)[NH]C(C7=CC=CC=C7)C(C)[O]1.[Cl-]>>[Cl-].C[NH+:21]=[C:20]2[NH]C(C7=CC=CC=C7)C(C)[O]2.CC[NH:10][H] 21=20;20,10=10"
"[O:10]([K])C(CCC)C(C)C(O)C([H])[C:20](C)=[O:21]>>[O-:21][C:20]1(C)C([H])C(O)C(C)C(CCC)[O+:10]1([K]) 10=20;20,21=21"
"C9=CC=CC=C9[O+:10]([H])[C:20]([O:21][H])([S]C)[S]C7=CC=CC=C7.[Cl-]>>[Cl-].C9=CC=CC=C9[O:10][H].[H][O+:21]=[C:20]([S]C)[S]C7=CC=CC=C7 21=20;20,10=10"
"[O-:10]C(C1=C(C([CH:20](OCC)=[O:21])O)C=CC=C1)C>>[O-:21][CH:20]2(OCC)C(C3=C(C([O:10]2)C)C=CC=C3)O 10=20;20,21=21"
"[H][O+:21]=[C:20]2[O][CH]([H])[CH]([H])C(C)[O]2.C[O:10][H].[Cl-]>>[Cl-].C[O+:10]([H])[C:20]1([O:21][H])[O][CH]([H])C([H])[CH](C)[O]1 10=20;20,21=21"
"[Li][O+:21]([C:20]([O-:10])(OCCCCCC)OC)[H]>>[Li][O:21][H].[C:20](=[O:10])(OCCCCCC)OC 10=20;20,21=21"
"[NH:10]([H])C(C)C([H])C(C)C(O)[C:20](OC)=[O:21]>>[O-:21][C:20]1(OC)C(O)C(C)C([H])C(C)[NH+:10]1([H]) 10=20;20,21=21"
"C1=CC=CC=C1C1C(C(O[C:20](=[O:10])N1CCCCCC)C1=CC=CC=C1)C.[O-:21]CC>>C1=CC=CC=C1C1C(C(O[C:20](N1CCCCCC)([O-:10])[O:21]CC)C1=CC=CC=C1)C 21=20;20,10=10"
"[H][O:10]C(C)C(C)C(C8=CC=CC=C8)[O][C:20]([O][H])=[NH+:21]C.[Cl-]>>[Cl-].[H][O+:10](C(C)C(C)C(C8=CC=CC=C8)[O]1)[C:20]1([NH:21]C)[O][H] 10=20;20,21=21"
"[H][NH+:21]=[C:20]2[O][CH](C)[CH](C)C([H])[NH]2.[H][NH:10][H].[Cl-]>>[Cl-].[H][NH+:10]([H])[C:20]1([NH:21][H])[O][CH](C)C(C)[CH]([H])[NH]1 10=20;20,21=21"
"CCCCCCC1C(C(O[C:20](N1C1=CC=CC=C1)([O-:10])[O:21][H])[H])[H]>>CCCCCCC1C(C(O[C:20](=[O:10])N1C1=CC=CC=C1)[H])[H].[O-:21][H] 10=20;20,21=21"
"[H][O:10]C([H])C(C)C(C)[O][C:20]([O]C7=CC=CC=C7)=[O+:21][H].[Cl-]>>[Cl-].[H][O+:10](C([H])C(C)C(C)[O]1)[C:20]1([O:21][H])[O]C7=CC=CC=C7 10=20;20,21=21"
"CC[O:10][H].CC[NH+:21]=[C:20]([O][H])[O][H].[Cl-]>>[Cl-].CC[O+:10]([H])[C:20]([NH:21]CC)([O][H])[O][H] 10=20;20,21=21"
"[NH:10]([H])C(C)C(O)C([H])C(C)[C:20]([H])=[O:21]>>[O-:21][C:20]1([H])C(C)C([H])C(O)C(C)[NH+:10]1([H]) 10=20;20,21=21"
"[H][S:10]C(C9=CC=CC=C9)C([H])C([H])[S][C:20]([S]C)=[O+:21][H].[Cl-]>>[Cl-].[H][S+:10](C(C9=CC=CC=C9)C([H])C([H])[S]1)[C:20]1([O:21][H])[S]C 10=20;20,21=21"
"[H][NH:10]C(C9=CC=CC=C9)C(C)C([H])[O][C:20]([NH]CC)=[NH+:21]C.[Cl-]>>[Cl-].[H][NH+:10](C(C9=CC=CC=C9)C(C)C([H])[O]1)[C:20]1([NH:21]C)[NH]CC 10=20;20,21=21"
"[O-:10]C([H])C(C)C(O)C(O)[C:20](OC)=[O:21]>>[O-:21][C:20]1(OC)C(O)C(O)C(C)C([H])[O:10]1 10=20;20,21=21"
"[O-:10]C([H])C(O)C([C:20]([H])=[O:21])O>>[O-:21][C:20]1([H])[O:10]C([H])C(O)C1O 10=20;20,21=21"
"CC[O+:10]([H])[C:20]([NH:21]CC)([O]C)[O]C7=CC=CC=C7.[Cl-]>>[Cl-].CC[O:10][H].CC[NH+:21]=[C:20]([O]C)[O]C7=CC=CC=C7 21=20;20,10=10"
"[H][O:10]C(C)C([H])[O][C:20]([NH]CC)=[NH+:21]C.[Cl-]>>[Cl-].[H][O+:10](C(C)C([H])[O]1)[C:20]1([NH:21]C)[NH]CC 10=20;20,21=21"
"[H][S+:10](C(C)C(C)[S]1)[C:20]1([O:21][Si](C)(C)(C))[S][H].[Cl-]>>[Cl-].[H][S:10]C(C)C(C)[S][C:20]([S][H])=[O+:21][Si](C)(C)(C) 21=20;20,10=10"
"CC[O+:10]([H])[C:20]1([NH:21][H])[O]C(C7=CC=CC=C7)C(C)[O]1.[Cl-]>>[Cl-].[H][NH+:21]=[C:20]2[O]C(C7=CC=CC=C7)C(C)[O]2.CC[O:10][H] 21=20;20,10=10"
"[H][NH+:21]=[C:20]2[O][CH]([H])[CH]([H])C(C)[NH]2.C9=CC=CC=C9[NH:10][H].[Cl-]>>[Cl-].C9=CC=CC=C9[NH+:10]([H])[C:20]1([NH:21][H])[O][CH]([H])C([H])[CH](C)[NH]1 10=20;20,21=21"
"CC[O:10][H].[H][O+:21]=[C:20]([O]CC)[S]CC.[Cl-]>>[Cl-].CC[O+:10]([H])[C:20]([O:21][H])([O]CC)[S]CC 10=20;20,21=21"
"[H]N([C:20]1(OC(C([O:21]1)CC)C1=CC=CC=C1)[O-:10])[H]>>[H]N([C:20](=[O:10])OC(C([O-:21])CC)C1=CC=CC=C1)[H] 10=20;20,21=21"
"CN([C:20]1(OC(C(C([O:21]1)CCCCCC)C)CCCCCC)[O-:10])CC>>CN([C:20](=[O:10])OC(C(C([O-:21])CCCCCC)C)CCCCCC)CC 10=20;20,21=21"
"[H][NH+:10](C(C9=CC=CC=C9)C(C)C(C8=CC=CC=C8)[NH]1)[C:20]1([NH:21]CC)[O]C.[Cl-]>>[Cl-].[H][NH:10]C(C9=CC=CC=C9)C(C)C(C8=CC=CC=C8)[NH][C:20]([O]C)=[NH+:21]CC 21=20;20,10=10"
"[Li][O:21]C1=CC=CC=C1.[C:20](=[O:10])(OCC)OC1=CC=CC=C1>>[Li][O+:21]([C:20]([O-:10])(OCC)OC1=CC=CC=C1)C1=CC=CC=C1 21=20;20,10=10"
"[H][O:10][H].[H][O+:21]=[C:20]([S]CC)[O]C.[Cl-]>>[Cl-].[H][O+:10]([H])[C:20]([O:21][H])([S]CC)[O]C 10=20;20,21=21"
"C[O+:21]=[C:20]2[S][CH](C)[CH]([H])C(C8=CC=CC=C8)[O]2.C9=CC=CC=C9[S:10][H].[Cl-]>>[Cl-].C9=CC=CC=C9[S+:10]([H])[C:20]1([O:21]C)[S][CH](C)C([H])[CH](C8=CC=CC=C8)[O]1 10=20;20,21=21"
"[H]N([C:20]1(OC(C(C([O:21]1)C1=CC=CC=C1)[H])C1=CC=CC=C1)[O-:10])CCCCCC>>[H]N([C:20](=[O:10])OC(C(C([O-:21])C1=CC=CC=C1)[H])C1=CC=CC=C1)CCCCCC 10=20;20,21=21"
"CCCCCCN([C:20](=[O:10])OC(C(C([O-:21])CCCCCC)C)C1=CC=CC=C1)CC>>CCCCCCN([C:20]1(OC(C(C([O:21]1)CCCCCC)C)C1=CC=CC=C1)[O-:10])CC 21=20;20,10=10"
"C1=CC=CC=C1C1C(C(O[C:20](N1C)([O-:10])[O:21]C)C1=CC=CC=C1)CCCCCC>>C1=CC=CC=C1C1C(C(O[C:20](=[O:10])N1C)C1=CC=CC=C1)CCCCCC.[O-:21]C 10=20;20,21=21"
"C[O+:10]([H])[C:20]([O:21][Si](C)(C)(C))([S][H])[S]C.[Cl-]>>[Cl-].C[O:10][H].[Si](C)(C)(C)[O+:21]=[C:20]([S][H])[S]C 21=20;20,10=10"
"[OH:21][CH:20]2(OC)C(C3=C(C([NH+:10]2([H]))[H])C=CC=C3)[H]>>[NH:10]([H])C(C1=C(C([CH:20](OC)=[OH+:21])[H])C=CC=C1)[H] 21=20;20,10=10"
"CCN([C:20](=[O:10])OC(C(C([O-:21])[H])CCCCCC)CCCCCC)CC>>CCN([C:20]1(OC(C(C([O:21]1)[H])CCCCCC)CCCCCC)[O-:10])CC 21=20;20,10=10"
"[Li][O+:21]([C:20]([O-:10])(OCC)O[H])CC>>[Li][O:21]CC.[C:20](=[O:10])(OCC)O[H] 10=20;20,21=21"
"[H][S:10]C(CC)C(C8=CC=CC=C8)[S][C:20]([S]CC)=[O+:21][Si](C)(C)(C).[Cl-]>>[Cl-].[H][S+:10](C(CC)C(C8=CC=CC=C8)[S]1)[C:20]1([O:21][Si](C)(C)(C))[S]CC 10=20;20,21=21"
"[H][NH:10]C(C9=CC=CC=C9)C([H])C(C)[O][C:20]([NH]CC)=[NH+:21]C6=CC=CC=C6.[Cl-]>>[Cl-].[H][NH+:10](C(C9=CC=CC=C9)C([H])C(C)[O]1)[C:20]1([NH:21]C6=CC=CC=C6)[NH]CC 10=20;20,21=21"
"[H]C1C(C(O[C:20](=[O:10])N1CC)C)[H].[O-:21]CC>>[H]C1C(C(O[C:20](N1CC)([O-:10])[O:21]CC)C)[H] 21=20;20,10=10"
"[H]C1C(O[C:20](=[O:10])N1CCCCCC)CCCCCC.[O-:21]C>>[H]C1C(O[C:20](N1CCCCCC)([O-:10])[O:21]C)CCCCCC 21=20;20,10=10"
"CN([C:20]1(OC(C(C([O:21]1)CCCCCC)CCCCCC)CC)[O-:10])CCCCCC>>CN([C:20](=[O:10])OC(C(C([O-:21])CCCCCC)CCCCCC)CC)CCCCCC 10=20;20,21=21"
"[NH:10]([H])C(CC)C(O)C(C)C([H])[C:20](OCC)=[O:21]>>[O-:21][C:20]1(OCC)C([H])C(C)C(O)C(CC)[NH+:10]1([H]) 10=20;20,21=21"
"[H][S:10]C(C)C(C)C(CC)[O][C:20]([O]CC)=[O+:21][H].[Cl-]>>[Cl-].[H][S+:10](C(C)C(C)C(CC)[O]1)[C:20]1([O:21][H])[O]CC 10=20;20,21=21"
"CC[NH+:10]([H])[C:20]1([NH:21][H])[O]C(C7=CC=CC=C7)C(C)[O]1.[Cl-]>>[Cl-].[H][NH+:21]=[C:20]2[O]C(C7=CC=CC=C7)C(C)[O]2.CC[NH:10][H] 21=20;20,10=10"
"C[NH+:21]=[C:20]2[NH][CH]([H])[CH]([H])C([H])[NH]2.[H][O:10][H].[Cl-]>>[Cl-].[H][O+:10]([H])[C:20]1([NH:21]C)[NH][CH]([H])C([H])[CH]([H])[NH]1 10=20;20,21=21"
"[H][S+:10](C([H])C(C8=CC=CC=C8)[S]1)[C:20]1([O:21]C)[S]CC.[Cl-]>>[Cl-].[H][S:10]C([H])C(C8=CC=CC=C8)[S][C:20]([S]CC)=[O+:21]C 21=20;20,10=10"
"[H][O:10]C([H])C([H])C(C8=CC=CC=C8)[O][C:20]([O]C)=[NH+:21][H].[Cl-]>>[Cl-].[H][O+:10](C([H])C([H])C(C8=CC=CC=C8)[O]1)[C:20]1([NH:21][H])[O]C 10=20;20,21=21"
"[O-:10]C(CCC)C([H])C(O)C([H])[C:20](C)=[O:21]>>[O-:21][C:20]1(C)C([H])C(O)C([H])C(CCC)[O:10]1 10=20;20,21=21"
"[NH:10](C)C(C)C(C)N([C:20]([H])=[O:21])[H]>>[O-:21][C:20]1([H])[NH+:10](C)C(C)C(C)N1[H] 10=20;20,21=21"
"[H][O+:10](C(C9=CC=CC=C9)C([H])[O]1)[C:20]1([NH:21]C)[NH]C.[Cl-]>>[Cl-].[H][O:10]C(C9=CC=CC=C9)C([H])[O][C:20]([NH]C)=[NH+:21]C 21=20;20,10=10"
"[O-:21][C:20]1(C)C(C)C([H])C(C)C(CC)[NH+:10]1([H])>>[NH:10]([H])C(CC)C(C)C([H])C(C)[C:20](C)=[O:21] 21=20;20,10=10"
"[K][O+:21]([C:20]([O-:10])(OCCCCCC)O[H])C>>[K][O:21]C.[C:20](=[O:10])(OCCCCCC)O[H] 10=20;20,21=21"
"[H][O+:10](C(CC)C([H])C(C)[NH]1)[C:20]1([NH:21]C6=CC=CC=C6)[O][H].[Cl-]>>[Cl-].[H][O:10]C(CC)C([H])C(C)[NH][C:20]([O][H])=[NH+:21]C6=CC=CC=C6 21=20;20,10=10"
"C9=CC=CC=C9[O+:10]([H])[C:20]([O:21]C)([S]C)[S][H].[Cl-]>>[Cl-].C9=CC=CC=C9[O:10][H].C[O+:21]=[C:20]([S]C)[S][H] 21=20;20,10=10"
"[H][O+:10](C(CC)C(C8=CC=CC=C8)[O]1)[C:20]1([NH:21]CC)[O]CC.[Cl-]>>[Cl-].[H][O:10]C(CC)C(C8=CC=CC=C8)[O][C:20]([O]CC)=[NH+:21]CC 21=20;20,10=10"
"[OH:21][CH:20]2(C)C3=C(C(C([OH+:10]2)[H])O)C=CC=C3>>[OH:10]C(C(C1=C(C=CC=C1)[CH:20](C)=[OH+:21])O)[H] 21=20;20,10=10"
"CCCCCCC1C(C(O[C:20](N1C)([O-:10])[O:21]CCCCCC)C)C>>CCCCCCC1C(C(O[C:20](=[O:10])N1C)C)C.[O-:21]CCCCCC 10=20;20,21=21"
"C[O+:10]([H])[C:20]([NH:21]C)([O]CC)[O]C7=CC=CC=C7.[Cl-]>>[Cl-].C[O:10][H].C[NH+:21]=[C:20]([O]CC)[O]C7=CC=CC=C7 21=20;20,10=10"
"[H][S:10]C([H])C([H])C(C)[O][C:20]([O]C)=[O+:21][H].[Cl-]>>[Cl-].[H][S+:10](C([H])C([H])C(C)[O]1)[C:20]1([O:21][H])[O]C 10=20;20,21=21"
"[Na][O+:21]([C:20]([O-:10])(OC1=CC=CC=C1)O[H])CC>>[Na][O:21]CC.[C:20](=[O:10])(OC1=CC=CC=C1)O[H] 10=20;20,21=21"
"CCCCCCN([C:20](=[O:10])OC(C(C([O-:21])C)C)C)C1=CC=CC=C1>>CCCCCCN([C:20]1(OC(C(C([O:21]1)C)C)C)[O-:10])C1=CC=CC=C1 21=20;20,10=10"
"CC[S+:10]([H])[C:20]([O:21][Si](C)(C)(C))([O]CC)[S]C7=CC=CC=C7.[Cl-]>>[Cl-].CC[S:10][H].[Si](C)(C)(C)[O+:21]=[C:20]([O]CC)[S]C7=CC=CC=C7 21=20;20,10=10"
"C[O+:21]=[C:20]2[S][CH]([H])[CH]([H])C(C)[S]2.C9=CC=CC=C9[O:10][H].[Cl-]>>[Cl-].C9=CC=CC=C9[O+:10]([H])[C:20]1([O:21]C)[S][CH]([H])C([H])[CH](C)[S]1 10=20;20,21=21"
"C1=CC=CC=C1N([C:20](=[O:10])OC(C(C([O-:21])[H])C)C)CC>>C1=CC=CC=C1N([C:20]1(OC(C(C([O:21]1)[H])C)C)[O-:10])CC 21=20;20,10=10"
"[H][O:10]C([H])C([H])C(C8=CC=CC=C8)[O][C:20]([NH][H])=[NH+:21][H].[Cl-]>>[Cl-].[H][O+:10](C([H])C([H])C(C8=CC=CC=C8)[O]1)[C:20]1([NH:21][H])[NH][H] 10=20;20,21=21"
"[OH:10]C(CC)C(C)C(C)C(C)[C:20](OC)=[OH+:21]>>[OH:21][C:20]1(OC)C(C)C(C)C(C)C(CC)[OH+:10]1 10=20;20,21=21"
"C9=CC=CC=C9[NH+:10]([H])[C:20]1([NH:21][H])[O][CH]([H])C(C)[CH](C8=CC=CC=C8)[NH]1.[Cl-]>>[Cl-].[H][NH+:21]=[C:20]2[O][CH]([H])[CH](C)C(C8=CC=CC=C8)[NH]2.C9=CC=CC=C9[NH:10][H] 21=20;20,10=10"
"[H][NH+:10](C([H])C(C)[NH]1)[C:20]1([NH:21]C6=CC=CC=C6)[O]C7=CC=CC=C7.[Cl-]>>[Cl-].[H][NH:10]C([H])C(C)[NH][C:20]([O]C7=CC=CC=C7)=[NH+:21]C6=CC=CC=C6 21=20;20,10=10"
"[H][NH+:10]([H])[C:20]1([NH:21]CC)[NH][CH](C7=CC=CC=C7)C([H])[CH](C)[NH]1.[Cl-]>>[Cl-].CC[NH+:21]=[C:20]2[NH][CH](C7=CC=CC=C7)[CH]([H])C(C)[NH]2.[H][NH:10][H] 21=20;20,10=10"
"[O-:21][C:20]1(OCC)[O+:10]([Na])C(CCC)C(O)=C1C>>[O:10]([Na])C(CCC)/C(O)=C([C:20](OCC)=[O:21])/C 21=20;20,10=10"
"[O-:21][C:20]1(C)[O+:10]([Na])C(C)C(C)=C1O>>[O:10]([Na])C(C)/C(C)=C([C:20](C)=[O:21])/O 21=20;20,10=10"
"[H][O+:10]([H])[C:20]1([NH:21]CC)[NH]C(C7=CC=CC=C7)C(C8=CC=CC=C8)[O]1.[Cl-]>>[Cl-].CC[NH+:21]=[C:20]2[NH]C(C7=CC=CC=C7)C(C8=CC=CC=C8)[O]2.[H][O:10][H] 21=20;20,10=10"
"C1(C(O[C:20]([O-:10])([O:21]C1CCCCCC)OCC)CCCCCC)C1=CC=CC=C1>>C(C([O-:21])CCCCCC)(C(O[C:20](=[O:10])OCC)CCCCCC)C1=CC=CC=C1 10=20;20,21=21"
"[H][S:10]C(C)C(CC)[S][C:20]([S]C7=CC=CC=C7)=[O+:21][H].[Cl-]>>[Cl-].[H][S+:10](C(C)C(CC)[S]1)[C:20]1([O:21][H])[S]C7=CC=CC=C7 10=20;20,21=21"
"C[NH+:21]=[C:20]2[NH]C(C)C(C8=CC=CC=C8)[NH]2.[H][NH:10][H].[Cl-]>>[Cl-].[H][NH+:10]([H])[C:20]1([NH:21]C)[NH]C(C)C(C8=CC=CC=C8)[NH]1 10=20;20,21=21"
"CC[O+:10]([H])[C:20]([O:21]C)([O][H])[O]CC.[Cl-]>>[Cl-].CC[O:10][H].C[O+:21]=[C:20]([O][H])[O]CC 21=20;20,10=10"
"[H]N([C:20](=[O:10])OC(C(C([O-:21])CC)CCCCCC)[H])C>>[H]N([C:20]1(OC(C(C([O:21]1)CC)CCCCCC)[H])[O-:10])C 21=20;20,10=10"
"CC[O+:10]([H])[C:20]([NH:21][H])([O]CC)[NH]CC.[Cl-]>>[Cl-].CC[O:10][H].[H][NH+:21]=[C:20]([O]CC)[NH]CC 21=20;20,10=10"
"[H]N([C:20](=[O:10])OC(C(C([O-:21])CC)CC)CCCCCC)C>>[H]N([C:20]1(OC(C(C([O:21]1)CC)CC)CCCCCC)[O-:10])C 21=20;20,10=10"
"CCCCCCN([C:20]1(OC(C(C([O:21]1)CC)C)CC)[O-:10])C1=CC=CC=C1>>CCCCCCN([C:20](=[O:10])OC(C(C([O-:21])CC)C)CC)C1=CC=CC=C1 10=20;20,21=21"
"[H][O:10][H].C[NH+:21]=[C:20]([O]CC)[O]C7=CC=CC=C7.[Cl-]>>[Cl-].[H][O+:10]([H])[C:20]([NH:21]C)([O]CC)[O]C7=CC=CC=C7 10=20;20,21=21"
"[H][NH:10]C(C9=CC=CC=C9)C(C)C(CC)[O][C:20]([O]C7=CC=CC=C7)=[NH+:21][H].[Cl-]>>[Cl-].[H][NH+:10](C(C9=CC=CC=C9)C(C)C(CC)[O]1)[C:20]1([NH:21][H])[O]C7=CC=CC=C7 10=20;20,21=21"
"C9=CC=CC=C9[O:10][H].[Si](C)(C)(C)[O+:21]=[C:20]([S]C)[O]C.[Cl-]>>[Cl-].C9=CC=CC=C9[O+:10]([H])[C:20]([O:21][Si](C)(C)(C))([S]C)[O]C 10=20;20,21=21"
"[H][S:10]C(C)C([H])C(C8=CC=CC=C8)[O][C:20]([S][H])=[O+:21][H].[Cl-]>>[Cl-].[H][S+:10](C(C)C([H])C(C8=CC=CC=C8)[O]1)[C:20]1([O:21][H])[S][H] 10=20;20,21=21"
"[O-:21][C:20]1(OCC)C(C)C(C)C(C)C(CC)[NH+:10]1(C)>>[NH:10](C)C(CC)C(C)C(C)C(C)[C:20](OCC)=[O:21] 21=20;20,10=10"
"[O:10]([K])C(C)C(C)N([C:20](OC)=[O:21])C>>[O-:21][C:20]1(OC)[O+:10]([K])C(C)C(C)N1C 10=20;20,21=21"
"C[O+:10]([H])[C:20]([O:21]C)([O]C8=CC=CC=C8)[O]C.[Cl-]>>[Cl-].C[O:10][H].C[O+:21]=[C:20]([O]C8=CC=CC=C8)[O]C 21=20;20,10=10"
"C[S+:10]([H])[C:20]1([O:21]C)[O][CH](CC)C(C)[CH](C)[S]1.[Cl-]>>[Cl-].C[O+:21]=[C:20]2[O][CH](CC)[CH](C)C(C)[S]2.C[S:10][H] 21=20;20,10=10"
"CC[S+:10]([H])[C:20]1([O:21][H])[O][CH]([H])C([H])[CH](C)[S]1.[Cl-]>>[Cl-].[H][O+:21]=[C:20]2[O][CH]([H])[CH]([H])C(C)[S]2.CC[S:10][H] 21=20;20,10=10"
"CCN([C:20]1(OC(C(C([O:21]1)CCCCCC)[H])C1=CC=CC=C1)[O-:10])C>>CCN([C:20](=[O:10])OC(C(C([O-:21])CCCCCC)[H])C1=CC=CC=C1)C 10=20;20,21=21"
"C[O+:21]=[C:20]2[S]C(CC)C(C8=CC=CC=C8)[S]2.C9=CC=CC=C9[O:10][H].[Cl-]>>[Cl-].C9=CC=CC=C9[O+:10]([H])[C:20]1([O:21]C)[S]C(CC)C(C8=CC=CC=C8)[S]1 10=20;20,21=21"
"[O:10]([Na])C(C)/C(C)=C([C:20](OCC)=[O:21])/O>>[O-:21][C:20]1(OCC)[O+:10]([Na])C(C)C(C)=C1O 10=20;20,21=21"
"C1=CC=CC=C1C1C(C(O[C:20](=[O:10])N1C1=CC=CC=C1)CC)C.[O-:21]CC>>C1=CC=CC=C1C1C(C(O[C:20](N1C1=CC=CC=C1)([O-:10])[O:21]CC)CC)C 21=20;20,10=10"
"C9=CC=CC=C9[O+:10]([H])[C:20]1([NH:21]CC)[NH][CH]([H])C([H])[CH](CC)[O]1.[Cl-]>>[Cl-].CC[NH+:21]=[C:20]2[NH][CH]([H])[CH]([H])C(CC)[O]2.C9=CC=CC=C9[O:10][H] 21=20;20,10=10"
"[NH:10](C)C(C)/C([H])=C(C)\C(C)[C:20]([H])=[O:21]>>[O-:21][C:20]1([H])C(C)C(C)=C([H])C(C)[NH+:10]1(C) 10=20;20,21=21"
"C1(C([O:21][C:20](O1)([O-:10])OCC)CC)[H]>>C(C(O[C:20](=[O:10])OCC)[H])([O-:21])CC 10=20;20,21=21"
"C[NH+:10]([H])[C:20]1([NH:21]C)[O][CH](CC)C(C)[CH]([H])[O]1.[Cl-]>>[Cl-].C[NH+:21]=[C:20]2[O][CH](CC)[CH](C)C([H])[O]2.C[NH:10][H] 21=20;20,10=10"
"[H][S+:10](C(C9=CC=CC=C9)C([H])[S]1)[C:20]1([O:21][H])[O]C7=CC=CC=C7.[Cl-]>>[Cl-].[H][S:10]C(C9=CC=CC=C9)C([H])[S][C:20]([O]C7=CC=CC=C7)=[O+:21][H] 21=20;20,10=10"
"[O:10]([K])C([H])C(C)N([C:20](OCC)=[O:21])C>>[O-:21][C:20]1(OCC)[O+:10]([K])C([H])C(C)N1C 10=20;20,21=21"
"C6=CC=CC=C6[NH+:21]=[C:20]2[NH]C(CC)C(C8=CC=CC=C8)[O]2.CC[NH:10][H].[Cl-]>>[Cl-].CC[NH+:10]([H])[C:20]1([NH:21]C6=CC=CC=C6)[NH]C(CC)C(C8=CC=CC=C8)[O]1 10=20;20,21=21"
"CC[S+:10]([H])[C:20]1([O:21]C)[O]C([H])C(C8=CC=CC=C8)[S]1.[Cl-]>>[Cl-].C[O+:21]=[C:20]2[O]C([H])C(C8=CC=CC=C8)[S]2.CC[S:10][H] 21=20;20,10=10"
"CC1C(C(O[C:20](N1[H])([O-:10])[O:21][H])CCCCCC)[H]>>CC1C(C(O[C:20](=[O:10])N1[H])CCCCCC)[H].[O-:21][H] 10=20;20,21=21"
"C[NH+:21]=[C:20]2[O]C([H])C(C)[NH]2.C[O:10][H].[Cl-]>>[Cl-].C[O+:10]([H])[C:20]1([NH:21]C)[O]C([H])C(C)[NH]1 10=20;20,21=21"
"[H][O+:21]=[C:20]2[O][CH](CC)[CH]([H])C(C)[O]2.CC[O:10][H].[Cl-]>>[Cl-].CC[O+:10]([H])[C:20]1([O:21][H])[O][CH](CC)C([H])[CH](C)[O]1 10=20;20,21=21"
"[H][NH:10]C(CC)C(C)[NH][C:20]([NH]C)=[NH+:21]C.[Cl-]>>[Cl-].[H][NH+:10](C(CC)C(C)[NH]1)[C:20]1([NH:21]C)[NH]C 10=20;20,21=21"
"C[NH+:21]=[C:20]2[O][CH](C7=CC=CC=C7)[CH](C)C(C)[O]2.CC[O:10][H].[Cl-]>>[Cl-].CC[O+:10]([H])[C:20]1([NH:21]C)[O][CH](C7=CC=CC=C7)C(C)[CH](C)[O]1 10=20;20,21=21"
"[H][O:10]C(C9=CC=CC=C9)C(C)[NH][C:20]([O]C7=CC=CC=C7)=[NH+:21][H].[Cl-]>>[Cl-].[H][O+:10](C(C9=CC=CC=C9)C(C)[NH]1)[C:20]1([NH:21][H])[O]C7=CC=CC=C7 10=20;20,21=21"
"[NH:10](C)C(C(C=CC=C9)=C9[C:20](C)=[O:21])[H]>>[O-:21][C:20]2([NH+:10](C)C(C7=C2C=CC=C7)[H])C 10=20;20,21=21"
"[H][S:10]C(CC)C(C)C(CC)[S][C:20]([O]C7=CC=CC=C7)=[O+:21][H].[Cl-]>>[Cl-].[H][S+:10](C(CC)C(C)C(CC)[S]1)[C:20]1([O:21][H])[O]C7=CC=CC=C7 10=20;20,21=21"
"[H][NH:10]C(C9=CC=CC=C9)C(CC)[O][C:20]([O][H])=[NH+:21]C6=CC=CC=C6.[Cl-]>>[Cl-].[H][NH+:10](C(C9=CC=CC=C9)C(CC)[O]1)[C:20]1([NH:21]C6=CC=CC=C6)[O][H] 10=20;20,21=21"
"[H][NH:10]C(C9=CC=CC=C9)C([H])[O][C:20]([NH][H])=[NH+:21]CC.[Cl-]>>[Cl-].[H][NH+:10](C(C9=CC=CC=C9)C([H])[O]1)[C:20]1([NH:21]CC)[NH][H] 10=20;20,21=21"
"[H][NH:10]C(C)C(C8=CC=CC=C8)[O][C:20]([NH]CC)=[NH+:21]C6=CC=CC=C6.[Cl-]>>[Cl-].[H][NH+:10](C(C)C(C8=CC=CC=C8)[O]1)[C:20]1([NH:21]C6=CC=CC=C6)[NH]CC 10=20;20,21=21"
"[H][O:10]C([H])C(CC)[O][C:20]([S][H])=[O+:21]C.[Cl-]>>[Cl-].[H][O+:10](C([H])C(CC)[O]1)[C:20]1([O:21]C)[S][H] 10=20;20,21=21"
"CCCCCCN([C:20](=[O:10])OC(C(C([O-:21])C1=CC=CC=C1)CCCCCC)CC)CC>>CCCCCCN([C:20]1(OC(C(C([O:21]1)C1=CC=CC=C1)CCCCCC)CC)[O-:10])CC 21=20;20,10=10"
"[H]N([C:20]([O-:10])(OCC)[O:21][H])[H]>>[H]N([C:20](=[O:10])OCC)[H].[O-:21][H] 10=20;20,21=21"
"[H][O:10]C(C)C(C)C(CC)[S][C:20]([O]C7=CC=CC=C7)=[O+:21][H].[Cl-]>>[Cl-].[H][O+:10](C(C)C(C)C(CC)[S]1)[C:20]1([O:21][H])[O]C7=CC=CC=C7 10=20;20,21=21"
"[H][O+:10]([H])[C:20]([O:21]C)([S]CC)[S]C.[Cl-]>>[Cl-].[H][O:10][H].C[O+:21]=[C:20]([S]CC)[S]C 21=20;20,10=10"
"[O-:21][C:20]1([H])C(C)=C(C)C([H])C(CC)[O+:10]1([K])>>[O:10]([K])C(CC)C([H])/C(C)=C(C)\[C:20]([H])=[O:21] 21=20;20,10=10"
"[H][O+:10]([H])[C:20]1([O:21][H])[O]C([H])C(C)[S]1.[Cl-]>>[Cl-].[H][O+:21]=[C:20]2[O]C([H])C(C)[S]2.[H][O:10][H] 21=20;20,10=10"
"C1=CC=CC=C1C1C(O[C:20](N1CC)([O-:10])[O:21]CC)CCCCCC>>C1=CC=CC=C1C1C(O[C:20](=[O:10])N1CC)CCCCCC.[O-:21]CC 10=20;20,21=21"
"[O:20]=[C:21](OCC)O[H].CC[O:10][Li]>>CC[O+:10]([Li])[C:21]([O-:20])(OCC)O[H] 10=21;21,20=20"
"C[S+:10]([H])[C:20]1([O:21][H])[S][CH](C7=CC=CC=C7)C(C)[CH](C8=CC=CC=C8)[S]1.[Cl-]>>[Cl-].[H][O+:21]=[C:20]2[S][CH](C7=CC=CC=C7)[CH](C)C(C8=CC=CC=C8)[S]2.C[S:10][H] 21=20;20,10=10"
"[OH:21][C:20]1(OCC)[OH+:10]C(CCC)C([H])C1C>>[OH:10]C(CCC)C([H])C([C:20](OCC)=[OH+:21])C 21=20;20,10=10"
"CCCCCCN([C:20](=[O:10])OC(C([O-:21])C1=CC=CC=C1)[H])C>>CCCCCCN([C:20]1(OC(C([O:21]1)C1=CC=CC=C1)[H])[O-:10])C 21=20;20,10=10"
"[O-:21][C:20]1(C)C(C)=C(C)C([H])C([H])[NH+:10]1(C)>>[NH:10](C)C([H])C([H])/C(C)=C(C)\[C:20](C)=[O:21] 21=20;20,10=10"
"[H][S+:10](C(C9=CC=CC=C9)C([H])C(CC)[O]1)[C:20]1([O:21][H])[S]CC.[Cl-]>>[Cl-].[H][S:10]C(C9=CC=CC=C9)C([H])C(CC)[O][C:20]([S]CC)=[O+:21][H] 21=20;20,10=10"
"CCCCCCC1C(C(O[C:20](N1[H])([O-:10])[O:21]C)C1=CC=CC=C1)[H]>>CCCCCCC1C(C(O[C:20](=[O:10])N1[H])C1=CC=CC=C1)[H].[O-:21]C 10=20;20,21=21"
"CN([C:20](=[O:10])OC(C(C([O-:21])C1=CC=CC=C1)CCCCCC)C)C>>CN([C:20]1(OC(C(C([O:21]1)C1=CC=CC=C1)CCCCCC)C)[O-:10])C 21=20;20,10=10"
"CC[O+:10]([H])[C:20]1([NH:21]CC)[NH]C(C7=CC=CC=C7)C(CC)[O]1.[Cl-]>>[Cl-].CC[NH+:21]=[C:20]2[NH]C(C7=CC=CC=C7)C(CC)[O]2.CC[O:10][H] 21=20;20,10=10"
"[O:10]([Na])C([H])C([H])C(C)C(C)[C:20](OC)=[O:21]>>[O-:21][C:20]1(OC)C(C)C(C)C([H])C([H])[O+:10]1([Na]) 10=20;20,21=21"
"C9=CC=CC=C9[NH+:10]([H])[C:20]1([NH:21]C)[NH][CH](C)C(C)[CH](C8=CC=CC=C8)[O]1.[Cl-]>>[Cl-].C[NH+:21]=[C:20]2[NH][CH](C)[CH](C)C(C8=CC=CC=C8)[O]2.C9=CC=CC=C9[NH:10][H] 21=20;20,10=10"
"[OH:10]C(CCC)C(C)C(C)C([H])[C:20](OCC)=[OH+:21]>>[OH:21][C:20]1(OCC)C([H])C(C)C(C)C(CCC)[OH+:10]1 10=20;20,21=21"
"[O-:21][C:20]1(OC)C(O)C(C)C(C)C(CC)[O:10]1>>[O-:10]C(CC)C(C)C(C)C(O)[C:20](OC)=[O:21] 21=20;20,10=10"
"CC[O:10][H].[H][O+:21]=[C:20]([O][H])[S]C.[Cl-]>>[Cl-].CC[O+:10]([H])[C:20]([O:21][H])([O][H])[S]C 10=20;20,21=21"
"CC[S+:10]([H])[C:20]1([O:21]C)[S][CH]([H])C([H])[CH]([H])[S]1.[Cl-]>>[Cl-].C[O+:21]=[C:20]2[S][CH]([H])[CH]([H])C([H])[S]2.CC[S:10][H] 21=20;20,10=10"
"C1(C([O:21][C:20](O1)([O-:10])OC1=CC=CC=C1)[H])CCCCCC>>C(C(O[C:20](=[O:10])OC1=CC=CC=C1)CCCCCC)([O-:21])[H] 10=20;20,21=21"
"CCCCCCN([C:20](=[O:10])OCCCCCC)CC.[O-:21]C1=CC=CC=C1>>CCCCCCN([C:20]([O-:10])(OCCCCCC)[O:21]C1=CC=CC=C1)CC 21=20;20,10=10"
"CN([C:20]1(OC(C([O:21]1)CC)C1=CC=CC=C1)[O-:10])CCCCCC>>CN([C:20](=[O:10])OC(C([O-:21])CC)C1=CC=CC=C1)CCCCCC 10=20;20,21=21"
"CC[O+:10]([H])[C:20]1([O:21]C)[S][CH](CC)C([H])[CH](C)[O]1.[Cl-]>>[Cl-].C[O+:21]=[C:20]2[S][CH](CC)[CH]([H])C(C)[O]2.CC[O:10][H] 21=20;20,10=10"
"CCCCCCN([C:20]1(OC(C(C([O:21]1)CC)CCCCCC)C1=CC=CC=C1)[O-:10])CCCCCC>>CCCCCCN([C:20](=[O:10])OC(C(C([O-:21])CC)CCCCCC)C1=CC=CC=C1)CCCCCC 10=20;20,21=21"
"CC[NH+:21]=[C:20]2[NH][CH](C)[CH]([H])C(C)[NH]2.CC[NH:10][H].[Cl-]>>[Cl-].CC[NH+:10]([H])[C:20]1([NH:21]CC)[NH][CH](C)C([H])[CH](C)[NH]1 10=20;20,21=21"
"[H][NH+:21]=[C:20]2[NH][CH](CC)[CH](C)C(CC)[NH]2.C9=CC=CC=C9[NH:10][H].[Cl-]>>[Cl-].C9=CC=CC=C9[NH+:10]([H])[C:20]1([NH:21][H])[NH][CH](CC)C(C)[CH](CC)[NH]1 10=20;20,21=21"
"[H][O+:10](C([H])C(C)C(C)[O]1)[C:20]1([NH:21]CC)[NH]C7=CC=CC=C7.[Cl-]>>[Cl-].[H][O:10]C([H])C(C)C(C)[O][C:20]([NH]C7=CC=CC=C7)=[NH+:21]CC 21=20;20,10=10"
"C[O+:10]([H])[C:20]1([NH:21][H])[O][CH]([H])C(C)[CH](C8=CC=CC=C8)[O]1.[Cl-]>>[Cl-].[H][NH+:21]=[C:20]2[O][CH]([H])[CH](C)C(C8=CC=CC=C8)[O]2.C[O:10][H] 21=20;20,10=10"
"CCN([C:20]([O-:10])([O:21]N1C(=O)CCC1=O)[H])[H]>>CCN([C:20](=[O:10])[H])[H].C1CC(=O)N(C1=O)[O-:21] 10=20;20,21=21"
"[H][O:10]C(C9=CC=CC=C9)C(C)C([H])[S][C:20]([S]C7=CC=CC=C7)=[O+:21][H].[Cl-]>>[Cl-].[H][O+:10](C(C9=CC=CC=C9)C(C)C([H])[S]1)[C:20]1([O:21][H])[S]C7=CC=CC=C7 10=20;20,21=21"
"[H][O:10]C(C9=CC=CC=C9)C(C)C(CC)[O][C:20]([O]C)=[NH+:21]C.[Cl-]>>[Cl-].[H][O+:10](C(C9=CC=CC=C9)C(C)C(CC)[O]1)[C:20]1([NH:21]C)[O]C 10=20;20,21=21"
"[H][NH+:10]([H])[C:20]1([NH:21]C)[O][CH](C7=CC=CC=C7)C([H])[CH](C)[NH]1.[Cl-]>>[Cl-].C[NH+:21]=[C:20]2[O][CH](C7=CC=CC=C7)[CH]([H])C(C)[NH]2.[H][NH:10][H] 21=20;20,10=10"
"C9=CC=CC=C9[O+:10]([H])[C:20]1([NH:21][H])[NH]C(C)C(C8=CC=CC=C8)[O]1.[Cl-]>>[Cl-].[H][NH+:21]=[C:20]2[NH]C(C)C(C8=CC=CC=C8)[O]2.C9=CC=CC=C9[O:10][H] 21=20;20,10=10"
"CC[S:10][H].C[O+:21]=[C:20]([S][H])[S]C7=CC=CC=C7.[Cl-]>>[Cl-].CC[S+:10]([H])[C:20]([O:21]C)([S][H])[S]C7=CC=CC=C7 10=20;20,21=21"
"[NH:10](C)C(C(C1=C(C=CC=C1)[CH:20](C)=[O:21])O)[H]>>[O-:21][CH:20]2(C)C3=C(C(C([NH+:10]2(C))[H])O)C=CC=C3  10=20;20,21=21"
"C[NH+:10]([H])[C:20]([NH:21]C6=CC=CC=C6)([NH]CC)[O]C.[Cl-]>>[Cl-].C[NH:10][H].C6=CC=CC=C6[NH+:21]=[C:20]([NH]CC)[O]C 21=20;20,10=10"
"C[NH+:10]([H])[C:20]1([NH:21]C6=CC=CC=C6)[O]C(C7=CC=CC=C7)C([H])[O]1.[Cl-]>>[Cl-].C6=CC=CC=C6[NH+:21]=[C:20]2[O]C(C7=CC=CC=C7)C([H])[O]2.C[NH:10][H] 21=20;20,10=10"
"[H]N([C:20](=[O:10])OC(C(C([O-:21])[H])[H])[H])[H]>>[H]N([C:20]1(OC(C(C([O:21]1)[H])[H])[H])[O-:10])[H] 21=20;20,10=10"
"[H][O+:10](C(C)C(C)C(CC)[NH]1)[C:20]1([NH:21]CC)[NH]C.[Cl-]>>[Cl-].[H][O:10]C(C)C(C)C(CC)[NH][C:20]([NH]C)=[NH+:21]CC 21=20;20,10=10"
"[H][S+:10](C([H])C([H])C([H])[O]1)[C:20]1([O:21]C)[O]C.[Cl-]>>[Cl-].[H][S:10]C([H])C([H])C([H])[O][C:20]([O]C)=[O+:21]C 21=20;20,10=10"
"[O:10]([K])C([H])C([H])C(O)C([H])[C:20](OCC)=[O:21]>>[O-:21][C:20]1(OCC)C([H])C(O)C([H])C([H])[O+:10]1([K]) 10=20;20,21=21"
"[H][O+:10]([H])[C:20]1([NH:21]C6=CC=CC=C6)[NH][CH](CC)C([H])[CH]([H])[NH]1.[Cl-]>>[Cl-].C6=CC=CC=C6[NH+:21]=[C:20]2[NH][CH](CC)[CH]([H])C([H])[NH]2.[H][O:10][H] 21=20;20,10=10"
"[H]N([C:20](=[O:10])OC(C(C([O-:21])CC)[H])C)C>>[H]N([C:20]1(OC(C(C([O:21]1)CC)[H])C)[O-:10])C 21=20;20,10=10"
"CCN([C:20](=[O:10])OC(C(C([O-:21])[H])CCCCCC)C)[H]>>CCN([C:20]1(OC(C(C([O:21]1)[H])CCCCCC)C)[O-:10])[H] 21=20;20,10=10"
"CCN([C:20](=[O:10])OC(C(C([O-:21])CCCCCC)[H])C1=CC=CC=C1)CC>>CCN([C:20]1(OC(C(C([O:21]1)CCCCCC)[H])C1=CC=CC=C1)[O-:10])CC 21=20;20,10=10"
"[H][NH:10][H].C[NH+:21]=[C:20]([O]C8=CC=CC=C8)[NH]C.[Cl-]>>[Cl-].[H][NH+:10]([H])[C:20]([NH:21]C)([O]C8=CC=CC=C8)[NH]C 10=20;20,21=21"
"[O:10]([Na])C(CCC)/C([H])=C([H])\C(C)[C:20](OCC)=[O:21]>>[O-:21][C:20]1(OCC)C(C)C([H])=C([H])C(CCC)[O+:10]1([Na]) 10=20;20,21=21"
"[H][S:10]C([H])C(C8=CC=CC=C8)[S][C:20]([O][H])=[O+:21][Si](C)(C)(C).[Cl-]>>[Cl-].[H][S+:10](C([H])C(C8=CC=CC=C8)[S]1)[C:20]1([O:21][Si](C)(C)(C))[O][H] 10=20;20,21=21"
"[O:20]=[C:21](OCCCCCC)OC1=CC=CC=C1.CC[O:10][K]>>CC[O+:10]([K])[C:21]([O-:20])(OCCCCCC)OC1=CC=CC=C1 10=21;21,20=20"
"[H][O+:10](C(C)C(C)C(C)[NH]1)[C:20]1([NH:21]CC)[NH][H].[Cl-]>>[Cl-].[H][O:10]C(C)C(C)C(C)[NH][C:20]([NH][H])=[NH+:21]CC 21=20;20,10=10"
"[O-:21][C:20]1([H])C([H])C(C)C(C)C([H])[NH+:10]1([H])>>[NH:10]([H])C([H])C(C)C(C)C([H])[C:20]([H])=[O:21] 21=20;20,10=10"
"CCN([C:20](=[O:10])OC(C(C([O-:21])CC)C)[H])[H]>>CCN([C:20]1(OC(C(C([O:21]1)CC)C)[H])[O-:10])[H] 21=20;20,10=10"
"CC[S+:10]([H])[C:20]1([O:21][Si](C)(C)(C))[O]C(C)C([H])[S]1.[Cl-]>>[Cl-].[Si](C)(C)(C)[O+:21]=[C:20]2[O]C(C)C([H])[S]2.CC[S:10][H] 21=20;20,10=10"
"[H][NH+:21]=[C:20]2[O]C([H])C(C)[O]2.[H][NH:10][H].[Cl-]>>[Cl-].[H][NH+:10]([H])[C:20]1([NH:21][H])[O]C([H])C(C)[O]1 10=20;20,21=21"
"CC[O+:10]([H])[C:20]1([NH:21]CC)[NH][CH]([H])C(C)[CH]([H])[NH]1.[Cl-]>>[Cl-].CC[NH+:21]=[C:20]2[NH][CH]([H])[CH](C)C([H])[NH]2.CC[O:10][H] 21=20;20,10=10"
"[H][O+:10]([H])[C:20]1([NH:21]C)[O]C([H])C([H])[NH]1.[Cl-]>>[Cl-].C[NH+:21]=[C:20]2[O]C([H])C([H])[NH]2.[H][O:10][H] 21=20;20,10=10"
"[NH:10]([H])C(C1=C(C([CH:20](C)=[O:21])O)C=CC=C1)C>>[O-:21][CH:20]2(C)C(C3=C(C([NH+:10]2([H]))C)C=CC=C3)O 10=20;20,21=21"
"[O:10]([Na])C([H])/C(C)=C(C)\C(C)[C:20]([H])=[O:21]>>[O-:21][C:20]1([H])C(C)C(C)=C(C)C([H])[O+:10]1([Na]) 10=20;20,21=21"
"[H][O:10]C([H])C(C)C(C)[NH][C:20]([O]CC)=[NH+:21]C6=CC=CC=C6.[Cl-]>>[Cl-].[H][O+:10](C([H])C(C)C(C)[NH]1)[C:20]1([NH:21]C6=CC=CC=C6)[O]CC 10=20;20,21=21"
"CC[NH+:10]([H])[C:20]1([NH:21]C)[NH][CH](C7=CC=CC=C7)C([H])[CH](C)[O]1.[Cl-]>>[Cl-].C[NH+:21]=[C:20]2[NH][CH](C7=CC=CC=C7)[CH]([H])C(C)[O]2.CC[NH:10][H] 21=20;20,10=10"
"CC[O:10][H].[H][O+:21]=[C:20]([O]C)[O]C7=CC=CC=C7.[Cl-]>>[Cl-].CC[O+:10]([H])[C:20]([O:21][H])([O]C)[O]C7=CC=CC=C7 10=20;20,21=21"
"[OH:21][C:20]2(OC)C(C(C)C3=C([NH+:10]2(C))C=CC=C3)[H]>>[NH:10](C)C(C=CC=C1)=C1C(C)C([C:20](OC)=[OH+:21])[H] 21=20;20,10=10"
"C[NH+:21]=[C:20]2[NH]C(C)C(CC)[O]2.C[NH:10][H].[Cl-]>>[Cl-].C[NH+:10]([H])[C:20]1([NH:21]C)[NH]C(C)C(CC)[O]1 10=20;20,21=21"
"[CH2:5]1[CH2:6][CH2:7][N:3]([CH2:4]1)[CH:2]([C:8]2=[CH:9][CH:10]=[CH:11][CH:12]=[CH:13]2)[Br:1]>>[CH2:5]1[CH2:6][CH2:7][N+:3](=[CH:2][C:8]2=[CH:9][CH:10]=[CH:11][CH:12]=[CH:13]2)[CH2:4]1.[Br-:1] 3=2;2,1=1"
"[H][O:10][H].CC[NH+:21]=[C:20]([O]C8=CC=CC=C8)[O]C.[Cl-]>>[Cl-].[H][O+:10]([H])[C:20]([NH:21]CC)([O]C8=CC=CC=C8)[O]C 10=20;20,21=21"
"C[O+:10]([Li])[C:21]([O-:20])(OC1=CC=CC=C1)OC1=CC=CC=C1>>[O:20]=[C:21](OC1=CC=CC=C1)OC1=CC=CC=C1.C[O:10][Li] 20=21;21,10=10"
"[NH:10](C)C([H])C(C)/C(C)=C([H])\[C:20](C)=[O:21]>>[O-:21][C:20]1(C)C([H])=C(C)C(C)C([H])[NH+:10]1(C) 10=20;20,21=21"
"[H][O+:21]=[C:20]2[S][CH](C7=CC=CC=C7)[CH]([H])C(C8=CC=CC=C8)[S]2.C[S:10][H].[Cl-]>>[Cl-].C[S+:10]([H])[C:20]1([O:21][H])[S][CH](C7=CC=CC=C7)C([H])[CH](C8=CC=CC=C8)[S]1 10=20;20,21=21"
"[H][NH:10]C([H])C([H])[NH][C:20]([NH]CC)=[NH+:21][H].[Cl-]>>[Cl-].[H][NH+:10](C([H])C([H])[NH]1)[C:20]1([NH:21][H])[NH]CC 10=20;20,21=21"
"CN([C:20]([O-:10])(OC1=CC=CC=C1)[O:21]C1=CC=CC=C1)[H]>>CN([C:20](=[O:10])OC1=CC=CC=C1)[H].[O-:21]C1=CC=CC=C1 10=20;20,21=21"
"C[O+:10]([Li])[C:21]([O-:20])(OC1=CC=CC=C1)OCC>>[O:20]=[C:21](OC1=CC=CC=C1)OCC.C[O:10][Li] 20=21;21,10=10"
"[H][NH+:10](C([H])C(C8=CC=CC=C8)[O]1)[C:20]1([NH:21]C)[O][H].[Cl-]>>[Cl-].[H][NH:10]C([H])C(C8=CC=CC=C8)[O][C:20]([O][H])=[NH+:21]C 21=20;20,10=10"
"[H][NH+:10](C(CC)C(C)[NH]1)[C:20]1([NH:21][H])[NH][H].[Cl-]>>[Cl-].[H][NH:10]C(CC)C(C)[NH][C:20]([NH][H])=[NH+:21][H] 21=20;20,10=10"
"[O-:21][C:20]1(OC)C([H])C(C)=C([H])C(CC)[O+:10]1([Na])>>[O:10]([Na])C(CC)/C([H])=C(C)\C([H])[C:20](OC)=[O:21] 21=20;20,10=10"
"[H][NH+:10](C([H])C(C8=CC=CC=C8)[NH]1)[C:20]1([NH:21]C)[NH]C7=CC=CC=C7.[Cl-]>>[Cl-].[H][NH:10]C([H])C(C8=CC=CC=C8)[NH][C:20]([NH]C7=CC=CC=C7)=[NH+:21]C 21=20;20,10=10"
"[H][NH+:10](C(C9=CC=CC=C9)C(C)C(C8=CC=CC=C8)[NH]1)[C:20]1([NH:21][H])[O]C.[Cl-]>>[Cl-].[H][NH:10]C(C9=CC=CC=C9)C(C)C(C8=CC=CC=C8)[NH][C:20]([O]C)=[NH+:21][H] 21=20;20,10=10"
"CN([C:20](=[O:10])OC(C(C([O-:21])C)[H])CC)CC>>CN([C:20]1(OC(C(C([O:21]1)C)[H])CC)[O-:10])CC 21=20;20,10=10"
"[O-:10]C(CC)C(C)C(O)C(C)[C:20](OCC)=[O:21]>>[O-:21][C:20]1(OCC)C(C)C(O)C(C)C(CC)[O:10]1 10=20;20,21=21"
"[H][O+:10]([H])[C:20]1([O:21][H])[O][CH](CC)C(C)[CH](C8=CC=CC=C8)[S]1.[Cl-]>>[Cl-].[H][O+:21]=[C:20]2[O][CH](CC)[CH](C)C(C8=CC=CC=C8)[S]2.[H][O:10][H] 21=20;20,10=10"
"[H][NH+:10]([H])[C:20]1([NH:21]CC)[NH][CH]([H])C([H])[CH](C)[O]1.[Cl-]>>[Cl-].CC[NH+:21]=[C:20]2[NH][CH]([H])[CH]([H])C(C)[O]2.[H][NH:10][H] 21=20;20,10=10"
"[H][O+:10](C(C)C(C)C(C8=CC=CC=C8)[NH]1)[C:20]1([NH:21]CC)[O]C.[Cl-]>>[Cl-].[H][O:10]C(C)C(C)C(C8=CC=CC=C8)[NH][C:20]([O]C)=[NH+:21]CC 21=20;20,10=10"
"[H][O+:10](C(C9=CC=CC=C9)C(C)C(C8=CC=CC=C8)[NH]1)[C:20]1([NH:21][H])[O]C.[Cl-]>>[Cl-].[H][O:10]C(C9=CC=CC=C9)C(C)C(C8=CC=CC=C8)[NH][C:20]([O]C)=[NH+:21][H] 21=20;20,10=10"
"CCCCCCN([C:20](=[O:10])OC(C(C([O-:21])[H])[H])C)CC>>CCCCCCN([C:20]1(OC(C(C([O:21]1)[H])[H])C)[O-:10])CC 21=20;20,10=10"
"C[O+:10]([H])[C:20]1([NH:21][H])[O][CH](C7=CC=CC=C7)C(C)[CH](C)[O]1.[Cl-]>>[Cl-].[H][NH+:21]=[C:20]2[O][CH](C7=CC=CC=C7)[CH](C)C(C)[O]2.C[O:10][H] 21=20;20,10=10"
"[H][NH:10]C(C)C(C)[NH][C:20]([O]C)=[NH+:21]CC.[Cl-]>>[Cl-].[H][NH+:10](C(C)C(C)[NH]1)[C:20]1([NH:21]CC)[O]C 10=20;20,21=21"
"[H]C1C(C(O[C:20](N1C)([O-:10])[O:21]CCCCCC)C1=CC=CC=C1)CCCCCC>>[H]C1C(C(O[C:20](=[O:10])N1C)C1=CC=CC=C1)CCCCCC.[O-:21]CCCCCC 10=20;20,21=21"
"C9=CC=CC=C9[O:10][H].[H][O+:21]=[C:20]([S]C)[O]C.[Cl-]>>[Cl-].C9=CC=CC=C9[O+:10]([H])[C:20]([O:21][H])([S]C)[O]C 10=20;20,21=21"
"C[NH+:21]=[C:20]2[O][CH]([H])[CH]([H])C(C)[NH]2.CC[O:10][H].[Cl-]>>[Cl-].CC[O+:10]([H])[C:20]1([NH:21]C)[O][CH]([H])C([H])[CH](C)[NH]1 10=20;20,21=21"
"CCN([C:20]([O-:10])(OCCCCCC)[O:21]CCCCCC)CCCCCC>>CCN([C:20](=[O:10])OCCCCCC)CCCCCC.[O-:21]CCCCCC 10=20;20,21=21"
"CCCCCCC1C(O[C:20](N1[H])([O-:10])[O:21]CCCCCC)CC>>CCCCCCC1C(O[C:20](=[O:10])N1[H])CC.[O-:21]CCCCCC 10=20;20,21=21"
"CC[O+:10]([H])[C:20]1([NH:21]CC)[O][CH]([H])C([H])[CH](C8=CC=CC=C8)[NH]1.[Cl-]>>[Cl-].CC[NH+:21]=[C:20]2[O][CH]([H])[CH]([H])C(C8=CC=CC=C8)[NH]2.CC[O:10][H] 21=20;20,10=10"
"[H][O+:10](C(C)C(CC)[O]1)[C:20]1([O:21]C)[O][H].[Cl-]>>[Cl-].[H][O:10]C(C)C(CC)[O][C:20]([O][H])=[O+:21]C 21=20;20,10=10"
"C[O+:10]([H])[C:20]([O:21]C)([S]CC)[O]CC.[Cl-]>>[Cl-].C[O:10][H].C[O+:21]=[C:20]([S]CC)[O]CC 21=20;20,10=10"
"[O-:21][C:20]1(OC)[O+:10]([Na])C([H])C(O)C1O>>[O:10]([Na])C([H])C(O)C([C:20](OC)=[O:21])O 21=20;20,10=10"
"CC1C(C(O[C:20](N1[H])([O-:10])[O:21]CC)CCCCCC)CC>>CC1C(C(O[C:20](=[O:10])N1[H])CCCCCC)CC.[O-:21]CC 10=20;20,21=21"
"CCC1C(C(O[C:20](=[O:10])N1CC)CCCCCC)CC.[O-:21]C>>CCC1C(C(O[C:20](N1CC)([O-:10])[O:21]C)CCCCCC)CC 21=20;20,10=10"
"[H][NH:10]C([H])C(CC)[NH][C:20]([O][H])=[NH+:21]C.[Cl-]>>[Cl-].[H][NH+:10](C([H])C(CC)[NH]1)[C:20]1([NH:21]C)[O][H] 10=20;20,21=21"
"C1=CC=CC=C1N([C:20]([O-:10])(OC)[O:21][H])[H]>>C1=CC=CC=C1N([C:20](=[O:10])OC)[H].[O-:21][H] 10=20;20,21=21"
"C[NH+:21]=[C:20]2[NH][CH](C7=CC=CC=C7)[CH]([H])C(C)[O]2.C[NH:10][H].[Cl-]>>[Cl-].C[NH+:10]([H])[C:20]1([NH:21]C)[NH][CH](C7=CC=CC=C7)C([H])[CH](C)[O]1 10=20;20,21=21"
"[O-:21][C:20]1([H])C(O)C(C)C(C)C(CC)[O+:10]1([K])>>[O:10]([K])C(CC)C(C)C(C)C(O)[C:20]([H])=[O:21] 21=20;20,10=10"
"[O-:21][C:20]1(OCC)[NH+:10]([H])C([H])C(C)C1[H]>>[NH:10]([H])C([H])C(C)C([C:20](OCC)=[O:21])[H] 21=20;20,10=10"
"C[O+:21]=[C:20]2[S][CH](CC)[CH]([H])C(CC)[O]2.CC[O:10][H].[Cl-]>>[Cl-].CC[O+:10]([H])[C:20]1([O:21]C)[S][CH](CC)C([H])[CH](CC)[O]1 10=20;20,21=21"
"C[O+:21]=[C:20]2[S][CH](C7=CC=CC=C7)[CH](C)C(C)[S]2.C9=CC=CC=C9[S:10][H].[Cl-]>>[Cl-].C9=CC=CC=C9[S+:10]([H])[C:20]1([O:21]C)[S][CH](C7=CC=CC=C7)C(C)[CH](C)[S]1 10=20;20,21=21"
"C[O+:10]([H])[C:20]1([O:21]C)[O]C(CC)C(CC)[S]1.[Cl-]>>[Cl-].C[O+:21]=[C:20]2[O]C(CC)C(CC)[S]2.C[O:10][H] 21=20;20,10=10"
"[H][O+:10](C(CC)C(C)C(CC)[NH]1)[C:20]1([NH:21][H])[O]CC.[Cl-]>>[Cl-].[H][O:10]C(CC)C(C)C(CC)[NH][C:20]([O]CC)=[NH+:21][H] 21=20;20,10=10"
"[H]C1C(C(O[C:20](=[O:10])N1[H])C1=CC=CC=C1)C.[O-:21]CC>>[H]C1C(C(O[C:20](N1[H])([O-:10])[O:21]CC)C1=CC=CC=C1)C 21=20;20,10=10"
"[O-:21][C:20]1(OC)C(C)C(C)C([H])C(C)[NH+:10]1([H])>>[NH:10]([H])C(C)C([H])C(C)C(C)[C:20](OC)=[O:21] 21=20;20,10=10"
"[H][NH+:21]=[C:20]2[O]C(C)C([H])[O]2.C[O:10][H].[Cl-]>>[Cl-].C[O+:10]([H])[C:20]1([NH:21][H])[O]C(C)C([H])[O]1 10=20;20,21=21"
"[OH:10]C([H])C(C)C([C:20]([H])=[OH+:21])C>>[OH:21][C:20]1([H])[OH+:10]C([H])C(C)C1C 10=20;20,21=21"
"C[NH+:10]([H])[C:20]1([NH:21]CC)[NH][CH](C7=CC=CC=C7)C(C)[CH](C8=CC=CC=C8)[NH]1.[Cl-]>>[Cl-].CC[NH+:21]=[C:20]2[NH][CH](C7=CC=CC=C7)[CH](C)C(C8=CC=CC=C8)[NH]2.C[NH:10][H] 21=20;20,10=10"
"C[O+:21]=[C:20]2[S][CH](C7=CC=CC=C7)[CH]([H])C(C8=CC=CC=C8)[S]2.C[O:10][H].[Cl-]>>[Cl-].C[O+:10]([H])[C:20]1([O:21]C)[S][CH](C7=CC=CC=C7)C([H])[CH](C8=CC=CC=C8)[S]1 10=20;20,21=21"
"C(C(O[C:20](=[O:10])OC1=CC=CC=C1)CC)([O-:21])C1=CC=CC=C1>>C1(C([O:21][C:20](O1)([O-:10])OC1=CC=CC=C1)C1=CC=CC=C1)CC 21=20;20,10=10"
"CC1C(O[C:20](=[O:10])N1C1=CC=CC=C1)C.[O-:21]C>>CC1C(O[C:20](N1C1=CC=CC=C1)([O-:10])[O:21]C)C 21=20;20,10=10"
"CC[O+:10]([H])[C:20]([NH:21]C6=CC=CC=C6)([NH][H])[O][H].[Cl-]>>[Cl-].CC[O:10][H].C6=CC=CC=C6[NH+:21]=[C:20]([NH][H])[O][H] 21=20;20,10=10"
"CC[NH+:10]([H])[C:20]([NH:21]CC)([NH][H])[O][H].[Cl-]>>[Cl-].CC[NH:10][H].CC[NH+:21]=[C:20]([NH][H])[O][H] 21=20;20,10=10"
"[H][NH+:10](C(C)C(CC)[NH]1)[C:20]1([NH:21]CC)[NH]CC.[Cl-]>>[Cl-].[H][NH:10]C(C)C(CC)[NH][C:20]([NH]CC)=[NH+:21]CC 21=20;20,10=10"
"[H][S:10]C(C9=CC=CC=C9)C([H])C([H])[S][C:20]([O]C)=[O+:21][H].[Cl-]>>[Cl-].[H][S+:10](C(C9=CC=CC=C9)C([H])C([H])[S]1)[C:20]1([O:21][H])[O]C 10=20;20,21=21"
"[H][NH+:10](C([H])C([H])C(C8=CC=CC=C8)[NH]1)[C:20]1([NH:21]C6=CC=CC=C6)[NH]CC.[Cl-]>>[Cl-].[H][NH:10]C([H])C([H])C(C8=CC=CC=C8)[NH][C:20]([NH]CC)=[NH+:21]C6=CC=CC=C6 21=20;20,10=10"
"CC[O+:10]([H])[C:20]1([NH:21]C6=CC=CC=C6)[NH][CH]([H])C(C)[CH]([H])[NH]1.[Cl-]>>[Cl-].C6=CC=CC=C6[NH+:21]=[C:20]2[NH][CH]([H])[CH](C)C([H])[NH]2.CC[O:10][H] 21=20;20,10=10"
"[O-:21][CH:20]2(C)C(C3=C(C([O:10]2)[H])C=CC=C3)[H]>>[O-:10]C(C1=C(C([CH:20](C)=[O:21])[H])C=CC=C1)[H] 21=20;20,10=10"
"[H][O+:21]=[C:20]2[S][CH](C7=CC=CC=C7)[CH]([H])C(C8=CC=CC=C8)[S]2.C9=CC=CC=C9[S:10][H].[Cl-]>>[Cl-].C9=CC=CC=C9[S+:10]([H])[C:20]1([O:21][H])[S][CH](C7=CC=CC=C7)C([H])[CH](C8=CC=CC=C8)[S]1 10=20;20,21=21"
"CCCCCCC1C(C(O[C:20](N1C)([O-:10])[Cl:21])C1=CC=CC=C1)C>>CCCCCCC1C(C(O[C:20](=[O:10])N1C)C1=CC=CC=C1)C.[Cl-:21] 10=20;20,21=21"
"[H][NH+:10](C(C)C(C)C(CC)[NH]1)[C:20]1([NH:21][H])[O]C.[Cl-]>>[Cl-].[H][NH:10]C(C)C(C)C(CC)[NH][C:20]([O]C)=[NH+:21][H] 21=20;20,10=10"
"[H][NH+:21]=[C:20]2[O][CH]([H])[CH](C)C(C8=CC=CC=C8)[O]2.C[NH:10][H].[Cl-]>>[Cl-].C[NH+:10]([H])[C:20]1([NH:21][H])[O][CH]([H])C(C)[CH](C8=CC=CC=C8)[O]1 10=20;20,21=21"
"[O-:21][C:20]1([H])C([H])=C([H])C([H])C([H])[NH+:10]1([H])>>[NH:10]([H])C([H])C([H])/C([H])=C([H])\[C:20]([H])=[O:21] 21=20;20,10=10"
"CC[NH+:10]([H])[C:20]1([NH:21]CC)[NH][CH](C)C(C)[CH](CC)[O]1.[Cl-]>>[Cl-].CC[NH+:21]=[C:20]2[NH][CH](C)[CH](C)C(CC)[O]2.CC[NH:10][H] 21=20;20,10=10"
"[H][O:10]C(CC)C([H])[O][C:20]([O]CC)=[NH+:21]CC.[Cl-]>>[Cl-].[H][O+:10](C(CC)C([H])[O]1)[C:20]1([NH:21]CC)[O]CC 10=20;20,21=21"
"[H][S:10]C(CC)C(C)C([H])[S][C:20]([S]C)=[O+:21]C.[Cl-]>>[Cl-].[H][S+:10](C(CC)C(C)C([H])[S]1)[C:20]1([O:21]C)[S]C 10=20;20,21=21"
"C[NH+:21]=[C:20]2[NH][CH](C7=CC=CC=C7)[CH]([H])C(CC)[NH]2.C[NH:10][H].[Cl-]>>[Cl-].C[NH+:10]([H])[C:20]1([NH:21]C)[NH][CH](C7=CC=CC=C7)C([H])[CH](CC)[NH]1 10=20;20,21=21"
"C[O+:21]=[C:20]2[S][CH](C)[CH](C)C(C)[S]2.CC[S:10][H].[Cl-]>>[Cl-].CC[S+:10]([H])[C:20]1([O:21]C)[S][CH](C)C(C)[CH](C)[S]1 10=20;20,21=21"
"[O-:21][C:20]1(OCC)[NH+:10]([H])C([H])C([H])N1[H]>>[NH:10]([H])C([H])C([H])N([C:20](OCC)=[O:21])[H] 21=20;20,10=10"
"C9=CC=CC=C9[O+:10]([H])[C:20]1([NH:21]CC)[O][CH]([H])C([H])[CH]([H])[NH]1.[Cl-]>>[Cl-].CC[NH+:21]=[C:20]2[O][CH]([H])[CH]([H])C([H])[NH]2.C9=CC=CC=C9[O:10][H] 21=20;20,10=10"
"[H][S:10]C(CC)C([H])C(C8=CC=CC=C8)[S][C:20]([O][H])=[O+:21][H].[Cl-]>>[Cl-].[H][S+:10](C(CC)C([H])C(C8=CC=CC=C8)[S]1)[C:20]1([O:21][H])[O][H] 10=20;20,21=21"
"[H][NH+:21]=[C:20]2[NH][CH](C7=CC=CC=C7)[CH]([H])C(C)[O]2.C[O:10][H].[Cl-]>>[Cl-].C[O+:10]([H])[C:20]1([NH:21][H])[NH][CH](C7=CC=CC=C7)C([H])[CH](C)[O]1 10=20;20,21=21"
"[H][O:10]C(C9=CC=CC=C9)C(CC)[O][C:20]([O]C)=[O+:21]C.[Cl-]>>[Cl-].[H][O+:10](C(C9=CC=CC=C9)C(CC)[O]1)[C:20]1([O:21]C)[O]C 10=20;20,21=21"
"[NH:10](C)C(C)C(O)C([C:20](OC)=[O:21])C>>[O-:21][C:20]1(OC)[NH+:10](C)C(C)C(O)C1C 10=20;20,21=21"
"C1=CC=CC=C1[O+:10]([Li])[C:21]([O-:20])(OC1=CC=CC=C1)OC1=CC=CC=C1>>[O:20]=[C:21](OC1=CC=CC=C1)OC1=CC=CC=C1.C1=CC=CC=C1[O:10][Li] 20=21;21,10=10"
"CCCCCCC1C(O[C:20](N1C1=CC=CC=C1)([O-:10])[O:21]C1=CC=CC=C1)CC>>CCCCCCC1C(O[C:20](=[O:10])N1C1=CC=CC=C1)CC.[O-:21]C1=CC=CC=C1 10=20;20,21=21"
"[NH:10]([H])C([H])/C(C)=C([H])\C([H])[C:20](OC)=[O:21]>>[O-:21][C:20]1(OC)C([H])C([H])=C(C)C([H])[NH+:10]1([H]) 10=20;20,21=21"
"[O-:21][CH:20]2(C)C3=C(C(C([NH+:10]2([H]))[H])[H])C=CC=C3>>[NH:10]([H])C(C(C1=C(C=CC=C1)[CH:20](C)=[O:21])[H])[H]  21=20;20,10=10"
"[H][NH:10]C([H])C(C)C(C8=CC=CC=C8)[O][C:20]([NH]C7=CC=CC=C7)=[NH+:21][H].[Cl-]>>[Cl-].[H][NH+:10](C([H])C(C)C(C8=CC=CC=C8)[O]1)[C:20]1([NH:21][H])[NH]C7=CC=CC=C7 10=20;20,21=21"
"CCN([C:20]1(OC(C(C([O:21]1)C)C)C1=CC=CC=C1)[O-:10])[H]>>CCN([C:20](=[O:10])OC(C(C([O-:21])C)C)C1=CC=CC=C1)[H] 10=20;20,21=21"
"[O:20]=[C:21](OCC)O[H].CC[O:10][K]>>CC[O+:10]([K])[C:21]([O-:20])(OCC)O[H] 10=21;21,20=20"
"CC[NH+:10]([H])[C:20]1([NH:21]CC)[NH]C(CC)C(CC)[NH]1.[Cl-]>>[Cl-].CC[NH+:21]=[C:20]2[NH]C(CC)C(CC)[NH]2.CC[NH:10][H] 21=20;20,10=10"
"[OH:21][C:20]1(OCC)[OH+:10]C(CC)C(C)=C1O>>[OH:10]C(CC)/C(C)=C([C:20](OCC)=[OH+:21])/O 21=20;20,10=10"
"[H][NH+:21]=[C:20]2[NH]C(C)C(C)[O]2.C[O:10][H].[Cl-]>>[Cl-].C[O+:10]([H])[C:20]1([NH:21][H])[NH]C(C)C(C)[O]1 10=20;20,21=21"
"[H][NH:10]C([H])C([H])C(C)[O][C:20]([O][H])=[NH+:21]C.[Cl-]>>[Cl-].[H][NH+:10](C([H])C([H])C(C)[O]1)[C:20]1([NH:21]C)[O][H] 10=20;20,21=21"
"C9=CC=CC=C9[O:10][H].[H][O+:21]=[C:20]([O][H])[O]C.[Cl-]>>[Cl-].C9=CC=CC=C9[O+:10]([H])[C:20]([O:21][H])([O][H])[O]C 10=20;20,21=21"
"CC1C(C(O[C:20](N1C)([O-:10])[O:21]C1=CC=CC=C1)[H])C>>CC1C(C(O[C:20](=[O:10])N1C)[H])C.[O-:21]C1=CC=CC=C1 10=20;20,21=21"
"CCN([C:20](=[O:10])OC(C(C([O-:21])C1=CC=CC=C1)C)CC)C>>CCN([C:20]1(OC(C(C([O:21]1)C1=CC=CC=C1)C)CC)[O-:10])C 21=20;20,10=10"
"[NH:10]([H])C([H])/C(C)=C(C)\C([H])[C:20](OCC)=[O:21]>>[O-:21][C:20]1(OCC)C([H])C(C)=C(C)C([H])[NH+:10]1([H]) 10=20;20,21=21"
"C6=CC=CC=C6[NH+:21]=[C:20]2[O]C([H])C(CC)[NH]2.C9=CC=CC=C9[O:10][H].[Cl-]>>[Cl-].C9=CC=CC=C9[O+:10]([H])[C:20]1([NH:21]C6=CC=CC=C6)[O]C([H])C(CC)[NH]1 10=20;20,21=21"
"[O-:21][C:20]1(C)C(C)=C([H])C([H])C(C)[O+:10]1([Na])>>[O:10]([Na])C(C)C([H])/C([H])=C(C)\[C:20](C)=[O:21] 21=20;20,10=10"
"CC[O+:10]([H])[C:20]1([O:21][Si](C)(C)(C))[S]C([H])C(C8=CC=CC=C8)[O]1.[Cl-]>>[Cl-].[Si](C)(C)(C)[O+:21]=[C:20]2[S]C([H])C(C8=CC=CC=C8)[O]2.CC[O:10][H] 21=20;20,10=10"
"[H][O+:10](C(CC)C([H])C(CC)[NH]1)[C:20]1([NH:21]C6=CC=CC=C6)[O]CC.[Cl-]>>[Cl-].[H][O:10]C(CC)C([H])C(CC)[NH][C:20]([O]CC)=[NH+:21]C6=CC=CC=C6 21=20;20,10=10"
"C1=CC=CC=C1N([C:20](=[O:10])OC(C(C([O-:21])CC)CCCCCC)C1=CC=CC=C1)[H]>>C1=CC=CC=C1N([C:20]1(OC(C(C([O:21]1)CC)CCCCCC)C1=CC=CC=C1)[O-:10])[H] 21=20;20,10=10"
"[NH:10]([H])C([H])C(C)/C(C)=C(C)\[C:20](OC)=[O:21]>>[O-:21][C:20]1(OC)C(C)=C(C)C(C)C([H])[NH+:10]1([H]) 10=20;20,21=21"
"C1(C(O[C:20]([O-:10])([O:21]C1C1=CC=CC=C1)OCC)C1=CC=CC=C1)CCCCCC>>C(C([O-:21])C1=CC=CC=C1)(C(O[C:20](=[O:10])OCC)C1=CC=CC=C1)CCCCCC 10=20;20,21=21"
"[H][O:10]C(C)C(C)C([H])[NH][C:20]([O][H])=[NH+:21]C6=CC=CC=C6.[Cl-]>>[Cl-].[H][O+:10](C(C)C(C)C([H])[NH]1)[C:20]1([NH:21]C6=CC=CC=C6)[O][H] 10=20;20,21=21"
"[H][O:10]C(C9=CC=CC=C9)C(C8=CC=CC=C8)[NH][C:20]([NH][H])=[NH+:21]C.[Cl-]>>[Cl-].[H][O+:10](C(C9=CC=CC=C9)C(C8=CC=CC=C8)[NH]1)[C:20]1([NH:21]C)[NH][H] 10=20;20,21=21"
"CCCCCCC1C(C(O[C:20](N1C1=CC=CC=C1)([O-:10])[O:21][H])[H])CC>>CCCCCCC1C(C(O[C:20](=[O:10])N1C1=CC=CC=C1)[H])CC.[O-:21][H] 10=20;20,21=21"
"C1(C(O[C:20]([O-:10])([O:21]C1C)OCCCCCC)CCCCCC)C1=CC=CC=C1>>C(C([O-:21])C)(C(O[C:20](=[O:10])OCCCCCC)CCCCCC)C1=CC=CC=C1 10=20;20,21=21"
"C9=CC=CC=C9[O+:10]([H])[C:20]1([NH:21]C6=CC=CC=C6)[O][CH](C7=CC=CC=C7)C(C)[CH](C8=CC=CC=C8)[O]1.[Cl-]>>[Cl-].C6=CC=CC=C6[NH+:21]=[C:20]2[O][CH](C7=CC=CC=C7)[CH](C)C(C8=CC=CC=C8)[O]2.C9=CC=CC=C9[O:10][H] 21=20;20,10=10"
"[H][NH+:10](C(C9=CC=CC=C9)C([H])C(C)[NH]1)[C:20]1([NH:21]CC)[NH][H].[Cl-]>>[Cl-].[H][NH:10]C(C9=CC=CC=C9)C([H])C(C)[NH][C:20]([NH][H])=[NH+:21]CC 21=20;20,10=10"
"[H][S:10]C(C9=CC=CC=C9)C(C)C([H])[S][C:20]([O]C7=CC=CC=C7)=[O+:21]C.[Cl-]>>[Cl-].[H][S+:10](C(C9=CC=CC=C9)C(C)C([H])[S]1)[C:20]1([O:21]C)[O]C7=CC=CC=C7 10=20;20,21=21"
"[O:10]([K])C([H])C([H])C([H])C(O)[C:20](C)=[O:21]>>[O-:21][C:20]1(C)C(O)C([H])C([H])C([H])[O+:10]1([K]) 10=20;20,21=21"
"[H][O:10]C([H])C([H])C([H])[O][C:20]([NH]CC)=[NH+:21]C.[Cl-]>>[Cl-].[H][O+:10](C([H])C([H])C([H])[O]1)[C:20]1([NH:21]C)[NH]CC 10=20;20,21=21"
"C1=CC=CC=C1C1C(O[C:20](=[O:10])N1C1=CC=CC=C1)[H].[O-:21]CC>>C1=CC=CC=C1C1C(O[C:20](N1C1=CC=CC=C1)([O-:10])[O:21]CC)[H] 21=20;20,10=10"
"[H][S+:10](C(C9=CC=CC=C9)C(C)C(C)[S]1)[C:20]1([O:21][H])[O][H].[Cl-]>>[Cl-].[H][S:10]C(C9=CC=CC=C9)C(C)C(C)[S][C:20]([O][H])=[O+:21][H] 21=20;20,10=10"
"C1(C([O:21][C:20](O1)([O-:10])OCCCCCC)CCCCCC)CCCCCC>>C(C(O[C:20](=[O:10])OCCCCCC)CCCCCC)([O-:21])CCCCCC 10=20;20,21=21"
"[H][NH+:10]([H])[C:20]1([NH:21][H])[NH][CH](CC)C([H])[CH]([H])[NH]1.[Cl-]>>[Cl-].[H][NH+:21]=[C:20]2[NH][CH](CC)[CH]([H])C([H])[NH]2.[H][NH:10][H] 21=20;20,10=10"
"[H][O+:21]=[C:20]2[S]C(C)C(CC)[S]2.CC[O:10][H].[Cl-]>>[Cl-].CC[O+:10]([H])[C:20]1([O:21][H])[S]C(C)C(CC)[S]1 10=20;20,21=21"
"C1=CC=CC=C1N([C:20](=[O:10])OC(C([O-:21])[H])CC)CC>>C1=CC=CC=C1N([C:20]1(OC(C([O:21]1)[H])CC)[O-:10])CC 21=20;20,10=10"
"C1CC[C:20](=[O+:21]CC)CC1.[I-:10]>>C1CC[C:20](CC1)([O:21]CC)[I:10] 10=20;20,21=21"
"C9=CC=CC=C9[O+:10]([H])[C:20]1([NH:21]CC)[NH][CH](C7=CC=CC=C7)C(C)[CH](C8=CC=CC=C8)[O]1.[Cl-]>>[Cl-].CC[NH+:21]=[C:20]2[NH][CH](C7=CC=CC=C7)[CH](C)C(C8=CC=CC=C8)[O]2.C9=CC=CC=C9[O:10][H] 21=20;20,10=10"
"CN([C:20]1(OC(C([O:21]1)C)C1=CC=CC=C1)[O-:10])[H]>>CN([C:20](=[O:10])OC(C([O-:21])C)C1=CC=CC=C1)[H] 10=20;20,21=21"
"[NH:10](C)C(CC)C(C)C(O)C([H])[C:20]([H])=[O:21]>>[O-:21][C:20]1([H])C([H])C(O)C(C)C(CC)[NH+:10]1(C) 10=20;20,21=21"
"C1(C(O[C:20]([O-:10])([O:21]C1C1=CC=CC=C1)O[H])C)[H]>>C(C([O-:21])C1=CC=CC=C1)(C(O[C:20](=[O:10])O[H])C)[H] 10=20;20,21=21"
"[H][S:10]C(CC)C([H])[O][C:20]([O]CC)=[O+:21]C.[Cl-]>>[Cl-].[H][S+:10](C(CC)C([H])[O]1)[C:20]1([O:21]C)[O]CC 10=20;20,21=21"
"[H][O:10]C(C9=CC=CC=C9)C(C)C(C8=CC=CC=C8)[NH][C:20]([O]C7=CC=CC=C7)=[NH+:21]C.[Cl-]>>[Cl-].[H][O+:10](C(C9=CC=CC=C9)C(C)C(C8=CC=CC=C8)[NH]1)[C:20]1([NH:21]C)[O]C7=CC=CC=C7 10=20;20,21=21"
"C1=CC=CC=C1N([C:20]1(OC(C(C([O:21]1)[H])CCCCCC)CC)[O-:10])C>>C1=CC=CC=C1N([C:20](=[O:10])OC(C(C([O-:21])[H])CCCCCC)CC)C 10=20;20,21=21"
"C[CH:20]([N:10](C)C)[Br:21]>>C[CH:20]=[N+:10](C)C.[Br-:21] 10=20;20,21=21"
"[H][NH:10]C(C)C([H])C(C)[O][C:20]([NH]C7=CC=CC=C7)=[NH+:21]C6=CC=CC=C6.[Cl-]>>[Cl-].[H][NH+:10](C(C)C([H])C(C)[O]1)[C:20]1([NH:21]C6=CC=CC=C6)[NH]C7=CC=CC=C7 10=20;20,21=21"
"[H]C1C(C(O[C:20](N1C1=CC=CC=C1)([O-:10])[O:21]C)[H])C>>[H]C1C(C(O[C:20](=[O:10])N1C1=CC=CC=C1)[H])C.[O-:21]C 10=20;20,21=21"
"[O-:21][C:20]1(OCC)C(O)C([H])C(O)C([H])[NH+:10]1([H])>>[NH:10]([H])C([H])C(O)C([H])C(O)[C:20](OCC)=[O:21] 21=20;20,10=10"
"C[O:10][H].[H][NH+:21]=[C:20]([NH][H])[NH]C.[Cl-]>>[Cl-].C[O+:10]([H])[C:20]([NH:21][H])([NH][H])[NH]C 10=20;20,21=21"
"C6=CC=CC=C6[NH+:21]=[C:20]2[O][CH]([H])[CH](C)C(CC)[O]2.CC[O:10][H].[Cl-]>>[Cl-].CC[O+:10]([H])[C:20]1([NH:21]C6=CC=CC=C6)[O][CH]([H])C(C)[CH](CC)[O]1 10=20;20,21=21"
"C1(C(O[C:20]([O-:10])([O:21]C1CCCCCC)OC1=CC=CC=C1)C)CCCCCC>>C(C([O-:21])CCCCCC)(C(O[C:20](=[O:10])OC1=CC=CC=C1)C)CCCCCC 10=20;20,21=21"
"[O-:21][C:20]1([H])C(C)C([H])C([H])C(C)[NH+:10]1([H])>>[NH:10]([H])C(C)C([H])C([H])C(C)[C:20]([H])=[O:21] 21=20;20,10=10"
"CCCCCCC1C(C(O[C:20](N1CCCCCC)([O-:10])[O:21]C1=CC=CC=C1)C)CCCCCC>>CCCCCCC1C(C(O[C:20](=[O:10])N1CCCCCC)C)CCCCCC.[O-:21]C1=CC=CC=C1 10=20;20,21=21"
"[H][O+:10](C([H])C(C)C([H])[O]1)[C:20]1([NH:21]C6=CC=CC=C6)[O]C.[Cl-]>>[Cl-].[H][O:10]C([H])C(C)C([H])[O][C:20]([O]C)=[NH+:21]C6=CC=CC=C6 21=20;20,10=10"
"CC1C(C(O[C:20](=[O:10])N1CCCCCC)C)CCCCCC.[O-:21]CCCCCC>>CC1C(C(O[C:20](N1CCCCCC)([O-:10])[O:21]CCCCCC)C)CCCCCC 21=20;20,10=10"
"C1=CC=CC=C1N([C:20]([O-:10])(OCC)[O:21]C)C>>C1=CC=CC=C1N([C:20](=[O:10])OCC)C.[O-:21]C 10=20;20,21=21"
"C1=CC=CC=C1C1C(C(O[C:20](N1CC)([O-:10])[O:21][H])C)CCCCCC>>C1=CC=CC=C1C1C(C(O[C:20](=[O:10])N1CC)C)CCCCCC.[O-:21][H] 10=20;20,21=21"
"[H][NH+:10](C([H])C(C)C(C)[O]1)[C:20]1([NH:21]C)[NH]C.[Cl-]>>[Cl-].[H][NH:10]C([H])C(C)C(C)[O][C:20]([NH]C)=[NH+:21]C 21=20;20,10=10"
"C[O+:10]([H])[C:20]1([NH:21]C)[O]C(C)C(CC)[O]1.[Cl-]>>[Cl-].C[NH+:21]=[C:20]2[O]C(C)C(CC)[O]2.C[O:10][H] 21=20;20,10=10"
"[O-:21][C:20]1([H])[O:10]C([H])C(O)C1C>>[O-:10]C([H])C(O)C([C:20]([H])=[O:21])C 21=20;20,10=10"
"[O-:21][C:20]1(OC)C(C)C([H])=C([H])C(CCC)[O+:10]1([K])>>[O:10]([K])C(CCC)/C([H])=C([H])\C(C)[C:20](OC)=[O:21] 21=20;20,10=10"
"CC[NH+:21]=[C:20]2[O]C(CC)C(CC)[O]2.C[O:10][H].[Cl-]>>[Cl-].C[O+:10]([H])[C:20]1([NH:21]CC)[O]C(CC)C(CC)[O]1 10=20;20,21=21"
"[H][S+:10](C(CC)C(C)[O]1)[C:20]1([O:21]C)[S][H].[Cl-]>>[Cl-].[H][S:10]C(CC)C(C)[O][C:20]([S][H])=[O+:21]C 21=20;20,10=10"
"[H]C1C(C(O[C:20](N1CC)([O-:10])[O:21]C)CCCCCC)C>>[H]C1C(C(O[C:20](=[O:10])N1CC)CCCCCC)C.[O-:21]C 10=20;20,21=21"
"CC[NH:10][H].CC[NH+:21]=[C:20]([NH]C8=CC=CC=C8)[O]C7=CC=CC=C7.[Cl-]>>[Cl-].CC[NH+:10]([H])[C:20]([NH:21]CC)([NH]C8=CC=CC=C8)[O]C7=CC=CC=C7 10=20;20,21=21"
"CC[O:10][H].C6=CC=CC=C6[NH+:21]=[C:20]([NH][H])[O]C7=CC=CC=C7.[Cl-]>>[Cl-].CC[O+:10]([H])[C:20]([NH:21]C6=CC=CC=C6)([NH][H])[O]C7=CC=CC=C7 10=20;20,21=21"
"[OH:21][C:20]1(OCC)[OH+:10]C([H])C(O)=C1[H]>>[OH:10]C([H])/C(O)=C([C:20](OCC)=[OH+:21])/[H] 21=20;20,10=10"
"[O:10]([K])C(C)C(C)C(C)C(O)[C:20]([H])=[O:21]>>[O-:21][C:20]1([H])C(O)C(C)C(C)C(C)[O+:10]1([K]) 10=20;20,21=21"
"[H][NH+:10]([H])[C:20]([NH:21]C)([NH]CC)[O]C7=CC=CC=C7.[Cl-]>>[Cl-].[H][NH:10][H].C[NH+:21]=[C:20]([NH]CC)[O]C7=CC=CC=C7 21=20;20,10=10"
"[H][S+:10](C(C)C([H])[O]1)[C:20]1([O:21]C)[O]C7=CC=CC=C7.[Cl-]>>[Cl-].[H][S:10]C(C)C([H])[O][C:20]([O]C7=CC=CC=C7)=[O+:21]C 21=20;20,10=10"
"[O-:21][C:20]1(C)C(O)C(C)C([H])C(CCC)[O+:10]1([K])>>[O:10]([K])C(CCC)C([H])C(C)C(O)[C:20](C)=[O:21] 21=20;20,10=10"
"C[NH+:10]([H])[C:20]1([NH:21]C6=CC=CC=C6)[O]C(C)C(C8=CC=CC=C8)[NH]1.[Cl-]>>[Cl-].C6=CC=CC=C6[NH+:21]=[C:20]2[O]C(C)C(C8=CC=CC=C8)[NH]2.C[NH:10][H] 21=20;20,10=10"
"C[O:10][H].C[O+:21]=[C:20]([S]C)[S]CC.[Cl-]>>[Cl-].C[O+:10]([H])[C:20]([O:21]C)([S]C)[S]CC 10=20;20,21=21"
"[H][NH+:10](C(CC)C([H])C(C)[NH]1)[C:20]1([NH:21]CC)[NH]C.[Cl-]>>[Cl-].[H][NH:10]C(CC)C([H])C(C)[NH][C:20]([NH]C)=[NH+:21]CC 21=20;20,10=10"
"[H][O+:10](C(C)C([H])C(C)[O]1)[C:20]1([NH:21]C)[O]CC.[Cl-]>>[Cl-].[H][O:10]C(C)C([H])C(C)[O][C:20]([O]CC)=[NH+:21]C 21=20;20,10=10"
"C(C([O-:21])CC)(C(O[C:20](=[O:10])OCC)C)C>>C1(C(O[C:20]([O-:10])([O:21]C1CC)OCC)C)C 21=20;20,10=10"
"[H][NH+:10](C([H])C(CC)[O]1)[C:20]1([NH:21]C6=CC=CC=C6)[O][H].[Cl-]>>[Cl-].[H][NH:10]C([H])C(CC)[O][C:20]([O][H])=[NH+:21]C6=CC=CC=C6 21=20;20,10=10"
"[H][O:10]C(C)C([H])C(C)[O][C:20]([O]CC)=[O+:21]C.[Cl-]>>[Cl-].[H][O+:10](C(C)C([H])C(C)[O]1)[C:20]1([O:21]C)[O]CC 10=20;20,21=21"
"[H]C1C(O[C:20](=[O:10])N1CCCCCC)CC.[O-:21]C1=CC=CC=C1>>[H]C1C(O[C:20](N1CCCCCC)([O-:10])[O:21]C1=CC=CC=C1)CC 21=20;20,10=10"
"C1=CC=CC=C1[NH:10][H].C1CC(=O)N(C1=O)O[C:20](=[O:21])C>>C1=CC=CC=C1[NH+:10]([C:20]([O-:21])(ON1C(=O)CCC1=O)C)[H] 10=20;20,21=21"
"[H][S:10]C(CC)C([H])C(C8=CC=CC=C8)[O][C:20]([S][H])=[O+:21][H].[Cl-]>>[Cl-].[H][S+:10](C(CC)C([H])C(C8=CC=CC=C8)[O]1)[C:20]1([O:21][H])[S][H] 10=20;20,21=21"
"[O-:21][C:20]1([H])C(C)C([H])=C(C)C(CC)[O:10]1>>[O-:10]C(CC)/C(C)=C([H])\C(C)[C:20]([H])=[O:21] 21=20;20,10=10"
"[H][O+:10](C(CC)C(C)C([H])[O]1)[C:20]1([NH:21]C)[NH]CC.[Cl-]>>[Cl-].[H][O:10]C(CC)C(C)C([H])[O][C:20]([NH]CC)=[NH+:21]C 21=20;20,10=10"
"C1CC[O+:21]=[CH:20]C1.[Cl-:10]>>C1CC[O:21][CH:20](C1)[Cl:10] 10=20;20,21=21"
"CCC1C(C(O[C:20](N1C1=CC=CC=C1)([O-:10])[O:21]CC)C1=CC=CC=C1)CCCCCC>>CCC1C(C(O[C:20](=[O:10])N1C1=CC=CC=C1)C1=CC=CC=C1)CCCCCC.[O-:21]CC 10=20;20,21=21"
"CN([C:20]1(OC(C(C([O:21]1)CC)C)C1=CC=CC=C1)[O-:10])CCCCCC>>CN([C:20](=[O:10])OC(C(C([O-:21])CC)C)C1=CC=CC=C1)CCCCCC 10=20;20,21=21"
"[H][NH:10]C(C9=CC=CC=C9)C(C)C(CC)[O][C:20]([NH]C)=[NH+:21]C.[Cl-]>>[Cl-].[H][NH+:10](C(C9=CC=CC=C9)C(C)C(CC)[O]1)[C:20]1([NH:21]C)[NH]C 10=20;20,21=21"
"C[O:10][H].C[NH+:21]=[C:20]([NH][H])[NH]CC.[Cl-]>>[Cl-].C[O+:10]([H])[C:20]([NH:21]C)([NH][H])[NH]CC 10=20;20,21=21"
"CCC1C(C(O[C:20](N1CCCCCC)([O-:10])[O:21]CCCCCC)CC)C>>CCC1C(C(O[C:20](=[O:10])N1CCCCCC)CC)C.[O-:21]CCCCCC 10=20;20,21=21"
"[O:20]=[C:21](OC1=CC=CC=C1)O[H].C1=CC=CC=C1[O:10][K]>>C1=CC=CC=C1[O+:10]([K])[C:21]([O-:20])(OC1=CC=CC=C1)O[H] 10=21;21,20=20"
"[H][O+:10](C(CC)C(C)[NH]1)[C:20]1([NH:21][H])[O]CC.[Cl-]>>[Cl-].[H][O:10]C(CC)C(C)[NH][C:20]([O]CC)=[NH+:21][H] 21=20;20,10=10"
"[H][NH+:10](C(C)C(C)C([H])[NH]1)[C:20]1([NH:21][H])[NH]CC.[Cl-]>>[Cl-].[H][NH:10]C(C)C(C)C([H])[NH][C:20]([NH]CC)=[NH+:21][H] 21=20;20,10=10"
"[O-:21][C:20]1(C)C(C)=C(C)C(C)C(CCC)[O+:10]1([Na])>>[O:10]([Na])C(CCC)C(C)/C(C)=C(C)\[C:20](C)=[O:21] 21=20;20,10=10"
"CC[NH+:21]=[C:20]2[NH][CH]([H])[CH](C)C(C)[O]2.CC[NH:10][H].[Cl-]>>[Cl-].CC[NH+:10]([H])[C:20]1([NH:21]CC)[NH][CH]([H])C(C)[CH](C)[O]1 10=20;20,21=21"
"[H][S+:10](C(C)C([H])C([H])[O]1)[C:20]1([O:21][H])[S]C7=CC=CC=C7.[Cl-]>>[Cl-].[H][S:10]C(C)C([H])C([H])[O][C:20]([S]C7=CC=CC=C7)=[O+:21][H] 21=20;20,10=10"
"[H][O+:21]=[C:20]2[O][CH](C7=CC=CC=C7)[CH]([H])C([H])[O]2.CC[O:10][H].[Cl-]>>[Cl-].CC[O+:10]([H])[C:20]1([O:21][H])[O][CH](C7=CC=CC=C7)C([H])[CH]([H])[O]1 10=20;20,21=21"
"[O:10]([K])C(CCC)/C(C)=C([H])\C(C)[C:20](OCC)=[O:21]>>[O-:21][C:20]1(OCC)C(C)C([H])=C(C)C(CCC)[O+:10]1([K]) 10=20;20,21=21"
"CCC1C(O[C:20](N1[H])([O-:10])[O:21]CCCCCC)CCCCCC>>CCC1C(O[C:20](=[O:10])N1[H])CCCCCC.[O-:21]CCCCCC 10=20;20,21=21"
"[O-:21][C:20]1(C)C([H])=C([H])C(C)C([H])[O:10]1>>[O-:10]C([H])C(C)/C([H])=C([H])\[C:20](C)=[O:21] 21=20;20,10=10"
"C[S+:10]([H])[C:20]([O:21][H])([S]C)[O]CC.[Cl-]>>[Cl-].C[S:10][H].[H][O+:21]=[C:20]([S]C)[O]CC 21=20;20,10=10"
"[H][O:10]C(CC)C(C8=CC=CC=C8)[O][C:20]([O]C7=CC=CC=C7)=[NH+:21][H].[Cl-]>>[Cl-].[H][O+:10](C(CC)C(C8=CC=CC=C8)[O]1)[C:20]1([NH:21][H])[O]C7=CC=CC=C7 10=20;20,21=21"
"[H][S+:10](C(C)C(CC)[O]1)[C:20]1([O:21][H])[O]CC.[Cl-]>>[Cl-].[H][S:10]C(C)C(CC)[O][C:20]([O]CC)=[O+:21][H] 21=20;20,10=10"
"[H][NH:10]C([H])C([H])C(CC)[O][C:20]([NH]C7=CC=CC=C7)=[NH+:21]C6=CC=CC=C6.[Cl-]>>[Cl-].[H][NH+:10](C([H])C([H])C(CC)[O]1)[C:20]1([NH:21]C6=CC=CC=C6)[NH]C7=CC=CC=C7 10=20;20,21=21"
"[O:10]([Na])C(CCC)C([H])C(O)C(C)[C:20](OC)=[O:21]>>[O-:21][C:20]1(OC)C(C)C(O)C([H])C(CCC)[O+:10]1([Na]) 10=20;20,21=21"
"[H][O:10]C(C9=CC=CC=C9)C(C8=CC=CC=C8)[S][C:20]([S]CC)=[O+:21][Si](C)(C)(C).[Cl-]>>[Cl-].[H][O+:10](C(C9=CC=CC=C9)C(C8=CC=CC=C8)[S]1)[C:20]1([O:21][Si](C)(C)(C))[S]CC 10=20;20,21=21"
"[H][O+:10](C([H])C([H])C(C)[O]1)[C:20]1([NH:21][H])[NH]C7=CC=CC=C7.[Cl-]>>[Cl-].[H][O:10]C([H])C([H])C(C)[O][C:20]([NH]C7=CC=CC=C7)=[NH+:21][H] 21=20;20,10=10"
"CCC1C(C(O[C:20](N1CCCCCC)([O-:10])[Cl:21])CCCCCC)C>>CCC1C(C(O[C:20](=[O:10])N1CCCCCC)CCCCCC)C.[Cl-:21] 10=20;20,21=21"
"CC1C(C(O[C:20](N1CC)([O-:10])[Cl:21])CCCCCC)C1=CC=CC=C1>>CC1C(C(O[C:20](=[O:10])N1CC)CCCCCC)C1=CC=CC=C1.[Cl-:21] 10=20;20,21=21"
"CCCCCCN([C:20](=[O:10])OCC)C.[O-:21]C1=CC=CC=C1>>CCCCCCN([C:20]([O-:10])(OCC)[O:21]C1=CC=CC=C1)C 21=20;20,10=10"
"C(C([O-:21])CC)(C(O[C:20](=[O:10])OC)CCCCCC)C>>C1(C(O[C:20]([O-:10])([O:21]C1CC)OC)CCCCCC)C 21=20;20,10=10"
"C1(C(O[C:20]([O-:10])([O:21]C1CC)OC)CC)C>>C(C([O-:21])CC)(C(O[C:20](=[O:10])OC)CC)C 10=20;20,21=21"
"CC[NH+:21]=[C:20]2[NH][CH]([H])[CH]([H])C(CC)[NH]2.[H][O:10][H].[Cl-]>>[Cl-].[H][O+:10]([H])[C:20]1([NH:21]CC)[NH][CH]([H])C([H])[CH](CC)[NH]1 10=20;20,21=21"
"[NH:10]([H])C([H])C([H])/C([H])=C([H])\[C:20](OC)=[O:21]>>[O-:21][C:20]1(OC)C([H])=C([H])C([H])C([H])[NH+:10]1([H]) 10=20;20,21=21"
"[H]C1C(C(O[C:20](=[O:10])N1[H])CC)[H].[O-:21]C1=CC=CC=C1>>[H]C1C(C(O[C:20](N1[H])([O-:10])[O:21]C1=CC=CC=C1)CC)[H] 21=20;20,10=10"
"[H][S+:10](C(C)C(C8=CC=CC=C8)[S]1)[C:20]1([O:21]C)[S][H].[Cl-]>>[Cl-].[H][S:10]C(C)C(C8=CC=CC=C8)[S][C:20]([S][H])=[O+:21]C 21=20;20,10=10"
"CC1C(C(O[C:20](N1CC)([O-:10])[O:21][H])CC)CC>>CC1C(C(O[C:20](=[O:10])N1CC)CC)CC.[O-:21][H] 10=20;20,21=21"
"C9=CC=CC=C9[O+:10]([H])[C:20]1([NH:21]CC)[O]C(CC)C([H])[NH]1.[Cl-]>>[Cl-].CC[NH+:21]=[C:20]2[O]C(CC)C([H])[NH]2.C9=CC=CC=C9[O:10][H] 21=20;20,10=10"
"CC1C(O[C:20](=[O:10])N1[H])C.[O-:21][H]>>CC1C(O[C:20](N1[H])([O-:10])[O:21][H])C 21=20;20,10=10"
"[H][O+:10]([H])[C:20]1([NH:21]CC)[O][CH](CC)C([H])[CH](CC)[O]1.[Cl-]>>[Cl-].CC[NH+:21]=[C:20]2[O][CH](CC)[CH]([H])C(CC)[O]2.[H][O:10][H] 21=20;20,10=10"
"[H][NH+:10](C([H])C([H])[NH]1)[C:20]1([NH:21][H])[O][H].[Cl-]>>[Cl-].[H][NH:10]C([H])C([H])[NH][C:20]([O][H])=[NH+:21][H] 21=20;20,10=10"
"[H][O:10][H].[H][O+:21]=[C:20]([S]CC)[S]C.[Cl-]>>[Cl-].[H][O+:10]([H])[C:20]([O:21][H])([S]CC)[S]C 10=20;20,21=21"
"[H][O+:10]([H])[C:20]1([NH:21]C)[NH][CH](CC)C([H])[CH](C)[O]1.[Cl-]>>[Cl-].C[NH+:21]=[C:20]2[NH][CH](CC)[CH]([H])C(C)[O]2.[H][O:10][H] 21=20;20,10=10"
"[H][O+:10](C(C)C(C8=CC=CC=C8)[S]1)[C:20]1([O:21]C)[S]CC.[Cl-]>>[Cl-].[H][O:10]C(C)C(C8=CC=CC=C8)[S][C:20]([S]CC)=[O+:21]C 21=20;20,10=10"
"C9=CC=CC=C9[O+:10]([H])[C:20]1([NH:21]C)[NH][CH](C7=CC=CC=C7)C([H])[CH](C)[NH]1.[Cl-]>>[Cl-].C[NH+:21]=[C:20]2[NH][CH](C7=CC=CC=C7)[CH]([H])C(C)[NH]2.C9=CC=CC=C9[O:10][H] 21=20;20,10=10"
"[H][NH:10]C(C9=CC=CC=C9)C([H])[NH][C:20]([NH]C7=CC=CC=C7)=[NH+:21]C.[Cl-]>>[Cl-].[H][NH+:10](C(C9=CC=CC=C9)C([H])[NH]1)[C:20]1([NH:21]C)[NH]C7=CC=CC=C7 10=20;20,21=21"
"[Li][O+:21]([C:20]([O-:10])(O[H])OCCCCCC)C1=CC=CC=C1>>[Li][O:21]C1=CC=CC=C1.[C:20](=[O:10])(O[H])OCCCCCC 10=20;20,21=21"
"CC[NH:10][H].[H][NH+:21]=[C:20]([O][H])[NH]C7=CC=CC=C7.[Cl-]>>[Cl-].CC[NH+:10]([H])[C:20]([NH:21][H])([O][H])[NH]C7=CC=CC=C7 10=20;20,21=21"
"[H][O:10]C(CC)C(C)C(CC)[O][C:20]([O]C)=[NH+:21]C6=CC=CC=C6.[Cl-]>>[Cl-].[H][O+:10](C(CC)C(C)C(CC)[O]1)[C:20]1([NH:21]C6=CC=CC=C6)[O]C 10=20;20,21=21"
"[H]N([C:20]([O-:10])(OCC)[O:21]CCCCCC)C>>[H]N([C:20](=[O:10])OCC)C.[O-:21]CCCCCC 10=20;20,21=21"
"[H][S+:10](C(C9=CC=CC=C9)C([H])C(CC)[S]1)[C:20]1([O:21][H])[O][H].[Cl-]>>[Cl-].[H][S:10]C(C9=CC=CC=C9)C([H])C(CC)[S][C:20]([O][H])=[O+:21][H] 21=20;20,10=10"
"[OH:10]C(C(C1=C(C=CC=C1)[CH:20](OC)=[OH+:21])O)C>>[OH:21][CH:20]2(OC)C3=C(C(C([OH+:10]2)C)O)C=CC=C3 10=20;20,21=21"
"[H][S+:10]([H])[C:20]1([O:21]C)[S][CH]([H])C([H])[CH](CC)[S]1.[Cl-]>>[Cl-].C[O+:21]=[C:20]2[S][CH]([H])[CH]([H])C(CC)[S]2.[H][S:10][H] 21=20;20,10=10"
"C1(C(O[C:20]([O-:10])([O:21]C1CCCCCC)OCCCCCC)C1=CC=CC=C1)C>>C(C([O-:21])CCCCCC)(C(O[C:20](=[O:10])OCCCCCC)C1=CC=CC=C1)C 10=20;20,21=21"
"[H][O:10]C([H])C(C)[O][C:20]([NH]CC)=[NH+:21]CC.[Cl-]>>[Cl-].[H][O+:10](C([H])C(C)[O]1)[C:20]1([NH:21]CC)[NH]CC 10=20;20,21=21"
"C1=CC=CC=C1N([C:20]([O-:10])(OC1=CC=CC=C1)[O:21]CC)C1=CC=CC=C1>>C1=CC=CC=C1N([C:20](=[O:10])OC1=CC=CC=C1)C1=CC=CC=C1.[O-:21]CC 10=20;20,21=21"
"[Na][O:21]CCCCCC.[C:20](=[O:10])(OC)OCCCCCC>>[Na][O+:21]([C:20]([O-:10])(OC)OCCCCCC)CCCCCC 21=20;20,10=10"
"[H]C1C(C(O[C:20](N1C1=CC=CC=C1)([O-:10])[O:21][H])[H])[H]>>[H]C1C(C(O[C:20](=[O:10])N1C1=CC=CC=C1)[H])[H].[O-:21][H] 10=20;20,21=21"
"[O:10]([Na])C(CCC)/C([H])=C(C)\C([H])[C:20](OCC)=[O:21]>>[O-:21][C:20]1(OCC)C([H])C(C)=C([H])C(CCC)[O+:10]1([Na]) 10=20;20,21=21"
"CC[NH+:21]=[C:20]2[NH]C(C)C(C)[O]2.[H][O:10][H].[Cl-]>>[Cl-].[H][O+:10]([H])[C:20]1([NH:21]CC)[NH]C(C)C(C)[O]1 10=20;20,21=21"
"CCC1C(C(O[C:20](N1C)([O-:10])[O:21]CCCCCC)CC)C>>CCC1C(C(O[C:20](=[O:10])N1C)CC)C.[O-:21]CCCCCC 10=20;20,21=21"
"[H][O+:10]([H])[C:20]1([NH:21]C)[O]C(CC)C(CC)[NH]1.[Cl-]>>[Cl-].C[NH+:21]=[C:20]2[O]C(CC)C(CC)[NH]2.[H][O:10][H] 21=20;20,10=10"
"C1=CC=CC=C1N([C:20]1(OC(C([O:21]1)CCCCCC)C1=CC=CC=C1)[O-:10])[H]>>C1=CC=CC=C1N([C:20](=[O:10])OC(C([O-:21])CCCCCC)C1=CC=CC=C1)[H] 10=20;20,21=21"
"[H][NH+:10]([H])[C:20]1([NH:21]C6=CC=CC=C6)[NH][CH](C7=CC=CC=C7)C([H])[CH](C)[NH]1.[Cl-]>>[Cl-].C6=CC=CC=C6[NH+:21]=[C:20]2[NH][CH](C7=CC=CC=C7)[CH]([H])C(C)[NH]2.[H][NH:10][H] 21=20;20,10=10"
"[H][NH:10]C(CC)C([H])C(C)[NH][C:20]([NH]CC)=[NH+:21]CC.[Cl-]>>[Cl-].[H][NH+:10](C(CC)C([H])C(C)[NH]1)[C:20]1([NH:21]CC)[NH]CC 10=20;20,21=21"
"[H][NH+:10](C([H])C(C)C(CC)[NH]1)[C:20]1([NH:21]C6=CC=CC=C6)[O]C7=CC=CC=C7.[Cl-]>>[Cl-].[H][NH:10]C([H])C(C)C(CC)[NH][C:20]([O]C7=CC=CC=C7)=[NH+:21]C6=CC=CC=C6 21=20;20,10=10"
"[O-:21][C:20]2(OCC)C(C([H])C3=C([O:10]2)C=CC=C3)[H]>>[O-:10]C(C=CC=C1)=C1C([H])C([C:20](OCC)=[O:21])[H] 21=20;20,10=10"
"C[S+:10]([H])[C:20]1([O:21]C)[S]C(C7=CC=CC=C7)C(CC)[S]1.[Cl-]>>[Cl-].C[O+:21]=[C:20]2[S]C(C7=CC=CC=C7)C(CC)[S]2.C[S:10][H] 21=20;20,10=10"
"[H][NH+:21]=[C:20]2[O][CH](CC)[CH]([H])C([H])[NH]2.CC[O:10][H].[Cl-]>>[Cl-].CC[O+:10]([H])[C:20]1([NH:21][H])[O][CH](CC)C([H])[CH]([H])[NH]1 10=20;20,21=21"
"[H]N([C:20](=[O:10])OC(C(C([O-:21])C)C)C1=CC=CC=C1)C>>[H]N([C:20]1(OC(C(C([O:21]1)C)C)C1=CC=CC=C1)[O-:10])C 21=20;20,10=10"
"[O-:21][C:20]1(C)C([H])C(O)C(C)C(CC)[O+:10]1([Na])>>[O:10]([Na])C(CC)C(C)C(O)C([H])[C:20](C)=[O:21] 21=20;20,10=10"
"CC[O+:10]([H])[C:20]1([O:21][H])[O][CH](C7=CC=CC=C7)C(C)[CH](C8=CC=CC=C8)[O]1.[Cl-]>>[Cl-].[H][O+:21]=[C:20]2[O][CH](C7=CC=CC=C7)[CH](C)C(C8=CC=CC=C8)[O]2.CC[O:10][H] 21=20;20,10=10"
"[H][O:10]C([H])C(C)C(C)[NH][C:20]([NH]C)=[NH+:21]C.[Cl-]>>[Cl-].[H][O+:10](C([H])C(C)C(C)[NH]1)[C:20]1([NH:21]C)[NH]C 10=20;20,21=21"
"[H][O:10]C(C9=CC=CC=C9)C([H])C(C8=CC=CC=C8)[O][C:20]([O]C)=[O+:21]C.[Cl-]>>[Cl-].[H][O+:10](C(C9=CC=CC=C9)C([H])C(C8=CC=CC=C8)[O]1)[C:20]1([O:21]C)[O]C 10=20;20,21=21"
"CCCCCCC1C(O[C:20](N1CCCCCC)([O-:10])[O:21]CC)CC>>CCCCCCC1C(O[C:20](=[O:10])N1CCCCCC)CC.[O-:21]CC 10=20;20,21=21"
"C1=CC=CC=C1C1C(C(O[C:20](N1C1=CC=CC=C1)([O-:10])[O:21]CCCCCC)C)CCCCCC>>C1=CC=CC=C1C1C(C(O[C:20](=[O:10])N1C1=CC=CC=C1)C)CCCCCC.[O-:21]CCCCCC 10=20;20,21=21"
"[O:10]([K])C(CC)C([H])C([H])C(O)[C:20](OC)=[O:21]>>[O-:21][C:20]1(OC)C(O)C([H])C([H])C(CC)[O+:10]1([K]) 10=20;20,21=21"
"[H][O:10]C(C9=CC=CC=C9)C(C)C([H])[O][C:20]([O]C7=CC=CC=C7)=[NH+:21]CC.[Cl-]>>[Cl-].[H][O+:10](C(C9=CC=CC=C9)C(C)C([H])[O]1)[C:20]1([NH:21]CC)[O]C7=CC=CC=C7 10=20;20,21=21"
"[O-:21][C:20]1(C)[O:10]C(C)C(C)=C1[H]>>[O-:10]C(C)/C(C)=C([C:20](C)=[O:21])/[H] 21=20;20,10=10"
"[H][O+:10](C(CC)C(C)C([H])[NH]1)[C:20]1([NH:21]C6=CC=CC=C6)[O][H].[Cl-]>>[Cl-].[H][O:10]C(CC)C(C)C([H])[NH][C:20]([O][H])=[NH+:21]C6=CC=CC=C6 21=20;20,10=10"
"[OH:10]C(C)/C(C)=C([C:20](OCC)=[OH+:21])/O>>[OH:21][C:20]1(OCC)[OH+:10]C(C)C(C)=C1O 10=20;20,21=21"
"[O:10]([K])C(C)C(C)C([C:20](OCC)=[O:21])[H]>>[O-:21][C:20]1(OCC)[O+:10]([K])C(C)C(C)C1[H] 10=20;20,21=21"
"CN([C:20](=[O:10])OC(C(C([O-:21])C1=CC=CC=C1)[H])C)CCCCCC>>CN([C:20]1(OC(C(C([O:21]1)C1=CC=CC=C1)[H])C)[O-:10])CCCCCC 21=20;20,10=10"
"CCCCCCN([C:20](=[O:10])OC(C(C([O-:21])CC)CCCCCC)CCCCCC)CCCCCC>>CCCCCCN([C:20]1(OC(C(C([O:21]1)CC)CCCCCC)CCCCCC)[O-:10])CCCCCC 21=20;20,10=10"
"[H][O+:10](C([H])C([H])[O]1)[C:20]1([NH:21]CC)[NH]CC.[Cl-]>>[Cl-].[H][O:10]C([H])C([H])[O][C:20]([NH]CC)=[NH+:21]CC 21=20;20,10=10"
"[H][NH+:10](C(C)C([H])C([H])[NH]1)[C:20]1([NH:21]C)[O]C.[Cl-]>>[Cl-].[H][NH:10]C(C)C([H])C([H])[NH][C:20]([O]C)=[NH+:21]C 21=20;20,10=10"
"[H][O+:21]=[C:20]2[O][CH](C7=CC=CC=C7)[CH](C)C(C)[S]2.C[O:10][H].[Cl-]>>[Cl-].C[O+:10]([H])[C:20]1([O:21][H])[O][CH](C7=CC=CC=C7)C(C)[CH](C)[S]1 10=20;20,21=21"
"CCCCCCN([C:20](=[O:10])OC(C(C([O-:21])C1=CC=CC=C1)CC)C1=CC=CC=C1)CC>>CCCCCCN([C:20]1(OC(C(C([O:21]1)C1=CC=CC=C1)CC)C1=CC=CC=C1)[O-:10])CC 21=20;20,10=10"
"[H][NH+:21]=[C:20]2[NH][CH](C7=CC=CC=C7)[CH]([H])C(CC)[NH]2.[H][O:10][H].[Cl-]>>[Cl-].[H][O+:10]([H])[C:20]1([NH:21][H])[NH][CH](C7=CC=CC=C7)C([H])[CH](CC)[NH]1 10=20;20,21=21"
"[H][O+:10](C(C9=CC=CC=C9)C(C8=CC=CC=C8)[S]1)[C:20]1([O:21]C)[S]C.[Cl-]>>[Cl-].[H][O:10]C(C9=CC=CC=C9)C(C8=CC=CC=C8)[S][C:20]([S]C)=[O+:21]C 21=20;20,10=10"
"C[O+:21]=[C:20]2[S][CH]([H])[CH]([H])C([H])[S]2.C[O:10][H].[Cl-]>>[Cl-].C[O+:10]([H])[C:20]1([O:21]C)[S][CH]([H])C([H])[CH]([H])[S]1 10=20;20,21=21"
"[H][O:10][H].C6=CC=CC=C6[NH+:21]=[C:20]([O]CC)[O]C.[Cl-]>>[Cl-].[H][O+:10]([H])[C:20]([NH:21]C6=CC=CC=C6)([O]CC)[O]C 10=20;20,21=21"
"C(C([O-:21])CC)(C(O[C:20](=[O:10])OCCCCCC)C)CCCCCC>>C1(C(O[C:20]([O-:10])([O:21]C1CC)OCCCCCC)C)CCCCCC 21=20;20,10=10"
"[H]C1C(C(O[C:20](=[O:10])N1CC)C)[H].[O-:21]C>>[H]C1C(C(O[C:20](N1CC)([O-:10])[O:21]C)C)[H] 21=20;20,10=10"
"C9=CC=CC=C9[O+:10]([H])[C:20]1([O:21][H])[S][CH](CC)C([H])[CH](C8=CC=CC=C8)[O]1.[Cl-]>>[Cl-].[H][O+:21]=[C:20]2[S][CH](CC)[CH]([H])C(C8=CC=CC=C8)[O]2.C9=CC=CC=C9[O:10][H] 21=20;20,10=10"
"[O:10]([K])C(C)C(C)/C([H])=C([H])\[C:20](OCC)=[O:21]>>[O-:21][C:20]1(OCC)C([H])=C([H])C(C)C(C)[O+:10]1([K]) 10=20;20,21=21"
"C[O+:10]([H])[C:20]([O:21][H])([S]C8=CC=CC=C8)[S][H].[Cl-]>>[Cl-].C[O:10][H].[H][O+:21]=[C:20]([S]C8=CC=CC=C8)[S][H] 21=20;20,10=10"
"CC[S+:10]([H])[C:20]1([O:21][H])[O][CH](CC)C([H])[CH]([H])[O]1.[Cl-]>>[Cl-].[H][O+:21]=[C:20]2[O][CH](CC)[CH]([H])C([H])[O]2.CC[S:10][H] 21=20;20,10=10"
"[OH:21][C:20]1([H])C([H])C([H])=C(C)C(CC)[OH+:10]1>>[OH:10]C(CC)/C(C)=C([H])\C([H])[C:20]([H])=[OH+:21] 21=20;20,10=10"
"C1=CC=CC=C1[O+:10]([Na])[C:21]([O-:20])(OCCCCCC)OCC>>[O:20]=[C:21](OCCCCCC)OCC.C1=CC=CC=C1[O:10][Na] 20=21;21,10=10"
"C9=CC=CC=C9[O+:10]([H])[C:20]1([O:21][H])[S][CH]([H])C(C)[CH](C)[S]1.[Cl-]>>[Cl-].[H][O+:21]=[C:20]2[S][CH]([H])[CH](C)C(C)[S]2.C9=CC=CC=C9[O:10][H] 21=20;20,10=10"
"C[O+:10]([H])[C:20]1([O:21][H])[O][CH](CC)C([H])[CH](C)[O]1.[Cl-]>>[Cl-].[H][O+:21]=[C:20]2[O][CH](CC)[CH]([H])C(C)[O]2.C[O:10][H] 21=20;20,10=10"
"[H][O:10]C([H])C(C)C(C)[S][C:20]([O][H])=[O+:21]C.[Cl-]>>[Cl-].[H][O+:10](C([H])C(C)C(C)[S]1)[C:20]1([O:21]C)[O][H] 10=20;20,21=21"
"[O-:21][C:20]1(OC)C([H])=C([H])C([H])C(C)[NH+:10]1([H])>>[NH:10]([H])C(C)C([H])/C([H])=C([H])\[C:20](OC)=[O:21] 21=20;20,10=10"
"C9=CC=CC=C9[O+:10]([H])[C:20]1([NH:21]CC)[O]C(CC)C(C)[O]1.[Cl-]>>[Cl-].CC[NH+:21]=[C:20]2[O]C(CC)C(C)[O]2.C9=CC=CC=C9[O:10][H] 21=20;20,10=10"
"[H][O+:10]([H])[C:20]1([NH:21]CC)[NH][CH]([H])C(C)[CH](CC)[O]1.[Cl-]>>[Cl-].CC[NH+:21]=[C:20]2[NH][CH]([H])[CH](C)C(CC)[O]2.[H][O:10][H] 21=20;20,10=10"
"C[CH:20]([NH:10]CC)[Br:21]>>C[CH:20]=[NH+:10]CC.[Br-:21] 10=20;20,21=21"
"[H][O:10]C(C9=CC=CC=C9)C(C)C([H])[S][C:20]([O]C7=CC=CC=C7)=[O+:21][H].[Cl-]>>[Cl-].[H][O+:10](C(C9=CC=CC=C9)C(C)C([H])[S]1)[C:20]1([O:21][H])[O]C7=CC=CC=C7 10=20;20,21=21"
"C6=CC=CC=C6[NH+:21]=[C:20]2[O][CH](CC)[CH](C)C(C)[O]2.CC[NH:10][H].[Cl-]>>[Cl-].CC[NH+:10]([H])[C:20]1([NH:21]C6=CC=CC=C6)[O][CH](CC)C(C)[CH](C)[O]1 10=20;20,21=21"
"[H][O:10]C(C9=CC=CC=C9)C(C)[O][C:20]([S]C)=[O+:21][Si](C)(C)(C).[Cl-]>>[Cl-].[H][O+:10](C(C9=CC=CC=C9)C(C)[O]1)[C:20]1([O:21][Si](C)(C)(C))[S]C 10=20;20,21=21"
"C6=CC=CC=C6[NH+:21]=[C:20]2[O]C(CC)C([H])[NH]2.C[NH:10][H].[Cl-]>>[Cl-].C[NH+:10]([H])[C:20]1([NH:21]C6=CC=CC=C6)[O]C(CC)C([H])[NH]1 10=20;20,21=21"
"[H][O:10]C(C)C([H])C(CC)[S][C:20]([O]C7=CC=CC=C7)=[O+:21]C.[Cl-]>>[Cl-].[H][O+:10](C(C)C([H])C(CC)[S]1)[C:20]1([O:21]C)[O]C7=CC=CC=C7 10=20;20,21=21"
"[H][NH:10]C(C9=CC=CC=C9)C(C)C(CC)[NH][C:20]([NH]C)=[NH+:21]C.[Cl-]>>[Cl-].[H][NH+:10](C(C9=CC=CC=C9)C(C)C(CC)[NH]1)[C:20]1([NH:21]C)[NH]C 10=20;20,21=21"
"[H][NH:10][H].C1CC(=O)N(C1=O)O[C:20](=[O:21])OC>>[H][NH+:10]([C:20]([O-:21])(ON1C(=O)CCC1=O)OC)[H] 10=20;20,21=21"
"C[O+:10]([H])[C:20]([NH:21]C6=CC=CC=C6)([NH]CC)[O]C.[Cl-]>>[Cl-].C[O:10][H].C6=CC=CC=C6[NH+:21]=[C:20]([NH]CC)[O]C 21=20;20,10=10"
"[H][O:10]C([H])C([H])C(CC)[O][C:20]([NH][H])=[NH+:21]C6=CC=CC=C6.[Cl-]>>[Cl-].[H][O+:10](C([H])C([H])C(CC)[O]1)[C:20]1([NH:21]C6=CC=CC=C6)[NH][H] 10=20;20,21=21"
"[O:10]([Na])C(C)C([H])C([H])C([H])[C:20]([H])=[O:21]>>[O-:21][C:20]1([H])C([H])C([H])C([H])C(C)[O+:10]1([Na]) 10=20;20,21=21"
"[H][O:10]C(C)C(CC)[O][C:20]([NH][H])=[NH+:21][H].[Cl-]>>[Cl-].[H][O+:10](C(C)C(CC)[O]1)[C:20]1([NH:21][H])[NH][H] 10=20;20,21=21"
"[H][O+:10](C(C)C(C)C(CC)[S]1)[C:20]1([O:21]C)[O]CC.[Cl-]>>[Cl-].[H][O:10]C(C)C(C)C(CC)[S][C:20]([O]CC)=[O+:21]C 21=20;20,10=10"
"[H][NH+:10](C(C9=CC=CC=C9)C(C)C(CC)[O]1)[C:20]1([NH:21]C)[O]C.[Cl-]>>[Cl-].[H][NH:10]C(C9=CC=CC=C9)C(C)C(CC)[O][C:20]([O]C)=[NH+:21]C 21=20;20,10=10"
"[H][O+:10](C(C9=CC=CC=C9)C(C)C([H])[O]1)[C:20]1([NH:21][H])[O]CC.[Cl-]>>[Cl-].[H][O:10]C(C9=CC=CC=C9)C(C)C([H])[O][C:20]([O]CC)=[NH+:21][H] 21=20;20,10=10"
"C[O:10][C:20]([O-:21])(OC1=CC=CC=C1)OCCCCCC>>[O:21]=[C:20](OC1=CC=CC=C1)OCCCCCC.[O-:10]C 21=20;20,10=10"
"[H][S+:10](C([H])C(C8=CC=CC=C8)[S]1)[C:20]1([O:21][Si](C)(C)(C))[S][H].[Cl-]>>[Cl-].[H][S:10]C([H])C(C8=CC=CC=C8)[S][C:20]([S][H])=[O+:21][Si](C)(C)(C) 21=20;20,10=10"
"[O-:21][C:20]1(OCC)C(C)C(C)=C([H])C(CCC)[O+:10]1([K])>>[O:10]([K])C(CCC)/C([H])=C(C)\C(C)[C:20](OCC)=[O:21] 21=20;20,10=10"
"[H][NH+:21]=[C:20]2[O][CH](CC)[CH]([H])C(C)[O]2.C9=CC=CC=C9[NH:10][H].[Cl-]>>[Cl-].C9=CC=CC=C9[NH+:10]([H])[C:20]1([NH:21][H])[O][CH](CC)C([H])[CH](C)[O]1 10=20;20,21=21"
"C1=CC=CC=C1N([C:20]1(OC(C(C([O:21]1)[H])CCCCCC)C1=CC=CC=C1)[O-:10])CCCCCC>>C1=CC=CC=C1N([C:20](=[O:10])OC(C(C([O-:21])[H])CCCCCC)C1=CC=CC=C1)CCCCCC 10=20;20,21=21"
"[H][O+:10](C(CC)C(C8=CC=CC=C8)[O]1)[C:20]1([NH:21]C6=CC=CC=C6)[NH]CC.[Cl-]>>[Cl-].[H][O:10]C(CC)C(C8=CC=CC=C8)[O][C:20]([NH]CC)=[NH+:21]C6=CC=CC=C6 21=20;20,10=10"
"[H][NH:10]C(CC)C(C)C([H])[NH][C:20]([O]C7=CC=CC=C7)=[NH+:21]C.[Cl-]>>[Cl-].[H][NH+:10](C(CC)C(C)C([H])[NH]1)[C:20]1([NH:21]C)[O]C7=CC=CC=C7 10=20;20,21=21"
"C[O:10][H].CC[NH+:21]=[C:20]([NH]C8=CC=CC=C8)[NH]C.[Cl-]>>[Cl-].C[O+:10]([H])[C:20]([NH:21]CC)([NH]C8=CC=CC=C8)[NH]C 10=20;20,21=21"
"[H][NH:10]C(C9=CC=CC=C9)C(C)[O][C:20]([O]C)=[NH+:21]CC.[Cl-]>>[Cl-].[H][NH+:10](C(C9=CC=CC=C9)C(C)[O]1)[C:20]1([NH:21]CC)[O]C 10=20;20,21=21"
"C1=CC=CC=C1C1C(C(O[C:20](=[O:10])N1[H])[H])[H].[O-:21]CC>>C1=CC=CC=C1C1C(C(O[C:20](N1[H])([O-:10])[O:21]CC)[H])[H] 21=20;20,10=10"
"C1=CC=CC=C1C1C(C(O[C:20](=[O:10])N1[H])CCCCCC)CC.[O-:21][H]>>C1=CC=CC=C1C1C(C(O[C:20](N1[H])([O-:10])[O:21][H])CCCCCC)CC 21=20;20,10=10"
"[H][NH:10]C(C9=CC=CC=C9)C(C8=CC=CC=C8)[NH][C:20]([O][H])=[NH+:21]C.[Cl-]>>[Cl-].[H][NH+:10](C(C9=CC=CC=C9)C(C8=CC=CC=C8)[NH]1)[C:20]1([NH:21]C)[O][H] 10=20;20,21=21"
"[H][S+:10](C(C9=CC=CC=C9)C([H])[O]1)[C:20]1([O:21]C)[O][H].[Cl-]>>[Cl-].[H][S:10]C(C9=CC=CC=C9)C([H])[O][C:20]([O][H])=[O+:21]C 21=20;20,10=10"
"[H][O+:10](C(C)C(C)[NH]1)[C:20]1([NH:21]CC)[NH]C.[Cl-]>>[Cl-].[H][O:10]C(C)C(C)[NH][C:20]([NH]C)=[NH+:21]CC 21=20;20,10=10"
"[H][NH+:10](C(C9=CC=CC=C9)C(C8=CC=CC=C8)[NH]1)[C:20]1([NH:21]C6=CC=CC=C6)[O]CC.[Cl-]>>[Cl-].[H][NH:10]C(C9=CC=CC=C9)C(C8=CC=CC=C8)[NH][C:20]([O]CC)=[NH+:21]C6=CC=CC=C6 21=20;20,10=10"
"[O:10]([K])C(CC)C(C)C([H])C(O)[C:20](C)=[O:21]>>[O-:21][C:20]1(C)C(O)C([H])C(C)C(CC)[O+:10]1([K]) 10=20;20,21=21"
"[H]C1C(C(O[C:20](N1[H])([O-:10])[Cl:21])CC)[H]>>[H]C1C(C(O[C:20](=[O:10])N1[H])CC)[H].[Cl-:21] 10=20;20,21=21"
"C6=CC=CC=C6[NH+:21]=[C:20]2[O][CH](C7=CC=CC=C7)[CH]([H])C(C8=CC=CC=C8)[NH]2.CC[O:10][H].[Cl-]>>[Cl-].CC[O+:10]([H])[C:20]1([NH:21]C6=CC=CC=C6)[O][CH](C7=CC=CC=C7)C([H])[CH](C8=CC=CC=C8)[NH]1 10=20;20,21=21"
"CCCCCCN([C:20](=[O:10])OC(C([O-:21])[H])C)CC>>CCCCCCN([C:20]1(OC(C([O:21]1)[H])C)[O-:10])CC 21=20;20,10=10"
"CC[O:10][H].[H][O+:21]=[C:20]([S]C)[S][H].[Cl-]>>[Cl-].CC[O+:10]([H])[C:20]([O:21][H])([S]C)[S][H] 10=20;20,21=21"
"CC1C(C(O[C:20](=[O:10])N1C)C)CC.[O-:21]C>>CC1C(C(O[C:20](N1C)([O-:10])[O:21]C)C)CC 21=20;20,10=10"
"C9=CC=CC=C9[O+:10]([H])[C:20]([NH:21]CC)([NH]C8=CC=CC=C8)[NH]C.[Cl-]>>[Cl-].C9=CC=CC=C9[O:10][H].CC[NH+:21]=[C:20]([NH]C8=CC=CC=C8)[NH]C 21=20;20,10=10"
"[O-:10]C([H])C([H])C([C:20](OCC)=[O:21])O>>[O-:21][C:20]1(OCC)[O:10]C([H])C([H])C1O 10=20;20,21=21"
"C[O+:10]([H])[C:20]1([O:21][Si](C)(C)(C))[S]C([H])C(C8=CC=CC=C8)[O]1.[Cl-]>>[Cl-].[Si](C)(C)(C)[O+:21]=[C:20]2[S]C([H])C(C8=CC=CC=C8)[O]2.C[O:10][H] 21=20;20,10=10"
"[H]C1C(C(O[C:20](=[O:10])N1CC)[H])[H].[O-:21][H]>>[H]C1C(C(O[C:20](N1CC)([O-:10])[O:21][H])[H])[H] 21=20;20,10=10"
"C(C([O-:21])CC)(C(O[C:20](=[O:10])OC)C)C1=CC=CC=C1>>C1(C(O[C:20]([O-:10])([O:21]C1CC)OC)C)C1=CC=CC=C1 21=20;20,10=10"
"C[NH+:21]=[C:20]2[NH]C(CC)C(C)[O]2.[H][NH:10][H].[Cl-]>>[Cl-].[H][NH+:10]([H])[C:20]1([NH:21]C)[NH]C(CC)C(C)[O]1 10=20;20,21=21"
"[H][O+:10](C([H])C([H])C(C)[NH]1)[C:20]1([NH:21]C)[NH]C7=CC=CC=C7.[Cl-]>>[Cl-].[H][O:10]C([H])C([H])C(C)[NH][C:20]([NH]C7=CC=CC=C7)=[NH+:21]C 21=20;20,10=10"
"CC[NH:10][H].CC[NH+:21]=[C:20]([NH]C)[O]C7=CC=CC=C7.[Cl-]>>[Cl-].CC[NH+:10]([H])[C:20]([NH:21]CC)([NH]C)[O]C7=CC=CC=C7 10=20;20,21=21"
"[H][O+:10]([H])[C:20]1([NH:21][H])[NH][CH](CC)C([H])[CH](C8=CC=CC=C8)[O]1.[Cl-]>>[Cl-].[H][NH+:21]=[C:20]2[NH][CH](CC)[CH]([H])C(C8=CC=CC=C8)[O]2.[H][O:10][H] 21=20;20,10=10"
"CCN([C:20](=[O:10])OC(C(C([O-:21])C1=CC=CC=C1)CCCCCC)C1=CC=CC=C1)C1=CC=CC=C1>>CCN([C:20]1(OC(C(C([O:21]1)C1=CC=CC=C1)CCCCCC)C1=CC=CC=C1)[O-:10])C1=CC=CC=C1 21=20;20,10=10"
"[NH:10]([H])C(C)C(O)C([H])C([H])[C:20](OCC)=[O:21]>>[O-:21][C:20]1(OCC)C([H])C([H])C(O)C(C)[NH+:10]1([H]) 10=20;20,21=21"
"[H][O+:10]([H])[C:20]([O:21]C)([O][H])[O]CC.[Cl-]>>[Cl-].[H][O:10][H].C[O+:21]=[C:20]([O][H])[O]CC 21=20;20,10=10"
"CCN([C:20](=[O:10])OC(C([O-:21])CC)C1=CC=CC=C1)[H]>>CCN([C:20]1(OC(C([O:21]1)CC)C1=CC=CC=C1)[O-:10])[H] 21=20;20,10=10"
"[H][O+:10](C([H])C(C)C(C)[S]1)[C:20]1([O:21][H])[O]C7=CC=CC=C7.[Cl-]>>[Cl-].[H][O:10]C([H])C(C)C(C)[S][C:20]([O]C7=CC=CC=C7)=[O+:21][H] 21=20;20,10=10"
"CN([C:20](=[O:10])OC(C([O-:21])C1=CC=CC=C1)CCCCCC)CC>>CN([C:20]1(OC(C([O:21]1)C1=CC=CC=C1)CCCCCC)[O-:10])CC 21=20;20,10=10"
"[H][O:10]C(CC)C([H])[S][C:20]([S][H])=[O+:21][Si](C)(C)(C).[Cl-]>>[Cl-].[H][O+:10](C(CC)C([H])[S]1)[C:20]1([O:21][Si](C)(C)(C))[S][H] 10=20;20,21=21"
"CC[O+:10]([H])[C:20]1([NH:21]C)[O][CH]([H])C([H])[CH](C)[O]1.[Cl-]>>[Cl-].C[NH+:21]=[C:20]2[O][CH]([H])[CH]([H])C(C)[O]2.CC[O:10][H] 21=20;20,10=10"
"[H][O:10]C(C)C([H])[S][C:20]([S]C7=CC=CC=C7)=[O+:21][Si](C)(C)(C).[Cl-]>>[Cl-].[H][O+:10](C(C)C([H])[S]1)[C:20]1([O:21][Si](C)(C)(C))[S]C7=CC=CC=C7 10=20;20,21=21"
"[H][O:10]C(C9=CC=CC=C9)C(C)C([H])[O][C:20]([O]C)=[NH+:21]C.[Cl-]>>[Cl-].[H][O+:10](C(C9=CC=CC=C9)C(C)C([H])[O]1)[C:20]1([NH:21]C)[O]C 10=20;20,21=21"
"[H][O+:21]=[C:20]2[O]C(CC)C(C8=CC=CC=C8)[S]2.C[O:10][H].[Cl-]>>[Cl-].C[O+:10]([H])[C:20]1([O:21][H])[O]C(CC)C(C8=CC=CC=C8)[S]1 10=20;20,21=21"
"[H][O:10]C([H])C(C)[O][C:20]([NH][H])=[NH+:21]C.[Cl-]>>[Cl-].[H][O+:10](C([H])C(C)[O]1)[C:20]1([NH:21]C)[NH][H] 10=20;20,21=21"
"C[O+:21]=[C:20]2[S][CH](C)[CH](C)C([H])[S]2.C9=CC=CC=C9[S:10][H].[Cl-]>>[Cl-].C9=CC=CC=C9[S+:10]([H])[C:20]1([O:21]C)[S][CH](C)C(C)[CH]([H])[S]1 10=20;20,21=21"
"CCCCCCC1C(C(O[C:20](N1CCCCCC)([O-:10])[O:21][H])[H])C>>CCCCCCC1C(C(O[C:20](=[O:10])N1CCCCCC)[H])C.[O-:21][H] 10=20;20,21=21"
"[H][O:10]C(C)C(CC)[O][C:20]([O]CC)=[NH+:21][H].[Cl-]>>[Cl-].[H][O+:10](C(C)C(CC)[O]1)[C:20]1([NH:21][H])[O]CC 10=20;20,21=21"
"[H]C1C(C(O[C:20](N1CCCCCC)([O-:10])[O:21]CCCCCC)C1=CC=CC=C1)CCCCCC>>[H]C1C(C(O[C:20](=[O:10])N1CCCCCC)C1=CC=CC=C1)CCCCCC.[O-:21]CCCCCC 10=20;20,21=21"
"C9=CC=CC=C9[S:10][H].[H][O+:21]=[C:20]([O]CC)[O][H].[Cl-]>>[Cl-].C9=CC=CC=C9[S+:10]([H])[C:20]([O:21][H])([O]CC)[O][H] 10=20;20,21=21"
"CC[NH+:21]=[C:20]2[O][CH]([H])[CH]([H])C(C)[O]2.CC[NH:10][H].[Cl-]>>[Cl-].CC[NH+:10]([H])[C:20]1([NH:21]CC)[O][CH]([H])C([H])[CH](C)[O]1 10=20;20,21=21"
"[H][O+:10](C(C9=CC=CC=C9)C([H])C(CC)[NH]1)[C:20]1([NH:21]C)[O]C7=CC=CC=C7.[Cl-]>>[Cl-].[H][O:10]C(C9=CC=CC=C9)C([H])C(CC)[NH][C:20]([O]C7=CC=CC=C7)=[NH+:21]C 21=20;20,10=10"
"CC[O+:10]([H])[C:20]1([NH:21][H])[NH]C(C7=CC=CC=C7)C(C)[O]1.[Cl-]>>[Cl-].[H][NH+:21]=[C:20]2[NH]C(C7=CC=CC=C7)C(C)[O]2.CC[O:10][H] 21=20;20,10=10"
"[H][O+:10](C([H])C([H])C(C8=CC=CC=C8)[S]1)[C:20]1([O:21]C)[O]C7=CC=CC=C7.[Cl-]>>[Cl-].[H][O:10]C([H])C([H])C(C8=CC=CC=C8)[S][C:20]([O]C7=CC=CC=C7)=[O+:21]C 21=20;20,10=10"
"[O:10]([Na])C(CC)/C([H])=C([C:20](OC)=[O:21])/C>>[O-:21][C:20]1(OC)[O+:10]([Na])C(CC)C([H])=C1C 10=20;20,21=21"
"[OH:10]C(CCC)/C(C)=C([C:20](OCC)=[OH+:21])/O>>[OH:21][C:20]1(OCC)[OH+:10]C(CCC)C(C)=C1O 10=20;20,21=21"
"[H][NH:10]C(C9=CC=CC=C9)C([H])[O][C:20]([NH]C7=CC=CC=C7)=[NH+:21]CC.[Cl-]>>[Cl-].[H][NH+:10](C(C9=CC=CC=C9)C([H])[O]1)[C:20]1([NH:21]CC)[NH]C7=CC=CC=C7 10=20;20,21=21"
"[OH:21][C:20]2(C)C(C([H])C3=C([OH+:10]2)C=CC=C3)[H]>>[OH:10]C(C=CC=C1)=C1C([H])C([C:20](C)=[OH+:21])[H] 21=20;20,10=10"
"C[NH:10][H].C1CC(=O)N(C1=O)O[C:20](=[O:21])CCCCCC>>C[NH+:10]([C:20]([O-:21])(ON1C(=O)CCC1=O)CCCCCC)[H] 10=20;20,21=21"
"C[S+:10]([H])[C:20]([O:21][H])([O]C8=CC=CC=C8)[O]C.[Cl-]>>[Cl-].C[S:10][H].[H][O+:21]=[C:20]([O]C8=CC=CC=C8)[O]C 21=20;20,10=10"
"CCCCCCC1C(C(O[C:20](N1[H])([O-:10])[O:21]C)C)CCCCCC>>CCCCCCC1C(C(O[C:20](=[O:10])N1[H])C)CCCCCC.[O-:21]C 10=20;20,21=21"
"[O-:21][C:20]1(OC)[O:10]C(CC)C(C)C1O>>[O-:10]C(CC)C(C)C([C:20](OC)=[O:21])O 21=20;20,10=10"
"[H][S+:10](C(C)C([H])[O]1)[C:20]1([O:21][Si](C)(C)(C))[O]CC.[Cl-]>>[Cl-].[H][S:10]C(C)C([H])[O][C:20]([O]CC)=[O+:21][Si](C)(C)(C) 21=20;20,10=10"
"[O-:21][C:20]1(OC)[O:10]C(CC)C(O)=C1[H]>>[O-:10]C(CC)/C(O)=C([C:20](OC)=[O:21])/[H] 21=20;20,10=10"
"[H][NH+:10]([H])[C:20]([NH:21][H])([NH]C8=CC=CC=C8)[O][H].[Cl-]>>[Cl-].[H][NH:10][H].[H][NH+:21]=[C:20]([NH]C8=CC=CC=C8)[O][H] 21=20;20,10=10"
"[H][O+:10]([H])[C:20]1([O:21][H])[S][CH](C7=CC=CC=C7)C([H])[CH]([H])[O]1.[Cl-]>>[Cl-].[H][O+:21]=[C:20]2[S][CH](C7=CC=CC=C7)[CH]([H])C([H])[O]2.[H][O:10][H] 21=20;20,10=10"
"[H][O:10][C:20]([O-:21])(OC)OC1=CC=CC=C1>>[O:21]=[C:20](OC)OC1=CC=CC=C1.[O-:10][H] 21=20;20,10=10"
"[H][NH:10]C(C)C([H])C(C)[NH][C:20]([O]CC)=[NH+:21]C6=CC=CC=C6.[Cl-]>>[Cl-].[H][NH+:10](C(C)C([H])C(C)[NH]1)[C:20]1([NH:21]C6=CC=CC=C6)[O]CC 10=20;20,21=21"
"[H][NH+:10]([H])[C:20]1([NH:21]C)[NH][CH](C)C([H])[CH](C)[O]1.[Cl-]>>[Cl-].C[NH+:21]=[C:20]2[NH][CH](C)[CH]([H])C(C)[O]2.[H][NH:10][H] 21=20;20,10=10"
"[O-:21][CH:20]2([H])C(C3=C(C([NH+:10]2([H]))[H])C=CC=C3)[H]>>[NH:10]([H])C(C1=C(C([CH:20]([H])=[O:21])[H])C=CC=C1)[H] 21=20;20,10=10"
"[H]C1C(C(O[C:20](N1C1=CC=CC=C1)([O-:10])[O:21]C)C1=CC=CC=C1)CCCCCC>>[H]C1C(C(O[C:20](=[O:10])N1C1=CC=CC=C1)C1=CC=CC=C1)CCCCCC.[O-:21]C 10=20;20,21=21"
"[H][NH+:10]([H])[C:20]1([NH:21][H])[O][CH](C7=CC=CC=C7)C(C)[CH](C8=CC=CC=C8)[O]1.[Cl-]>>[Cl-].[H][NH+:21]=[C:20]2[O][CH](C7=CC=CC=C7)[CH](C)C(C8=CC=CC=C8)[O]2.[H][NH:10][H] 21=20;20,10=10"
"CCN([C:20]1(OC(C([O:21]1)[H])CC)[O-:10])CC>>CCN([C:20](=[O:10])OC(C([O-:21])[H])CC)CC 10=20;20,21=21"
"C[S+:10]([H])[C:20]([O:21]C)([S]C8=CC=CC=C8)[O]C.[Cl-]>>[Cl-].C[S:10][H].C[O+:21]=[C:20]([S]C8=CC=CC=C8)[O]C 21=20;20,10=10"
"CC1C(C(O[C:20](=[O:10])N1C)C1=CC=CC=C1)CCCCCC.[O-:21][H]>>CC1C(C(O[C:20](N1C)([O-:10])[O:21][H])C1=CC=CC=C1)CCCCCC 21=20;20,10=10"
"[H][O+:10](C(C9=CC=CC=C9)C(C)[O]1)[C:20]1([NH:21]C6=CC=CC=C6)[NH][H].[Cl-]>>[Cl-].[H][O:10]C(C9=CC=CC=C9)C(C)[O][C:20]([NH][H])=[NH+:21]C6=CC=CC=C6 21=20;20,10=10"
"CCCCCCN([C:20](=[O:10])OC)CC.[O-:21]CC>>CCCCCCN([C:20]([O-:10])(OC)[O:21]CC)CC 21=20;20,10=10"
"CCC1C(C(O[C:20](N1CCCCCC)([O-:10])[O:21]C1=CC=CC=C1)C)CCCCCC>>CCC1C(C(O[C:20](=[O:10])N1CCCCCC)C)CCCCCC.[O-:21]C1=CC=CC=C1 10=20;20,21=21"
"CN([C:20](=[O:10])OC(C(C([O-:21])[H])CC)[H])CC>>CN([C:20]1(OC(C(C([O:21]1)[H])CC)[H])[O-:10])CC 21=20;20,10=10"
"[H][NH+:10](C(C)C(C)C([H])[O]1)[C:20]1([NH:21]C)[O]CC.[Cl-]>>[Cl-].[H][NH:10]C(C)C(C)C([H])[O][C:20]([O]CC)=[NH+:21]C 21=20;20,10=10"
"[O:10]([Na])C(C)C(C)/C(C)=C(C)\[C:20](OC)=[O:21]>>[O-:21][C:20]1(OC)C(C)=C(C)C(C)C(C)[O+:10]1([Na]) 10=20;20,21=21"
"CCC1C(C(O[C:20](=[O:10])N1CC)CC)C.[O-:21]C1=CC=CC=C1>>CCC1C(C(O[C:20](N1CC)([O-:10])[O:21]C1=CC=CC=C1)CC)C 21=20;20,10=10"
"[H]N([C:20]1(OC(C([O:21]1)[H])C1=CC=CC=C1)[O-:10])C1=CC=CC=C1>>[H]N([C:20](=[O:10])OC(C([O-:21])[H])C1=CC=CC=C1)C1=CC=CC=C1 10=20;20,21=21"
"C9=CC=CC=C9[NH+:10]([H])[C:20]1([NH:21][H])[NH][CH]([H])C(C)[CH](C)[O]1.[Cl-]>>[Cl-].[H][NH+:21]=[C:20]2[NH][CH]([H])[CH](C)C(C)[O]2.C9=CC=CC=C9[NH:10][H] 21=20;20,10=10"
"[OH:10]C([H])C(C)C(O)C(O)[C:20]([H])=[OH+:21]>>[OH:21][C:20]1([H])C(O)C(O)C(C)C([H])[OH+:10]1 10=20;20,21=21"
"[H][O+:10]([H])[C:20]1([NH:21]C)[NH]C([H])C(C)[O]1.[Cl-]>>[Cl-].C[NH+:21]=[C:20]2[NH]C([H])C(C)[O]2.[H][O:10][H] 21=20;20,10=10"
"[H]N([C:20]1(OC(C(C([O:21]1)CC)[H])C)[O-:10])CC>>[H]N([C:20](=[O:10])OC(C(C([O-:21])CC)[H])C)CC 10=20;20,21=21"
"[H][O+:10](C(C)C([H])C(C8=CC=CC=C8)[S]1)[C:20]1([O:21]C)[O]CC.[Cl-]>>[Cl-].[H][O:10]C(C)C([H])C(C8=CC=CC=C8)[S][C:20]([O]CC)=[O+:21]C 21=20;20,10=10"
"[H][O+:21]=[C:20]2[S]C(CC)C(C8=CC=CC=C8)[O]2.C[O:10][H].[Cl-]>>[Cl-].C[O+:10]([H])[C:20]1([O:21][H])[S]C(CC)C(C8=CC=CC=C8)[O]1 10=20;20,21=21"
"CC[NH+:10]([H])[C:20]1([NH:21][H])[NH]C(C)C(C8=CC=CC=C8)[O]1.[Cl-]>>[Cl-].[H][NH+:21]=[C:20]2[NH]C(C)C(C8=CC=CC=C8)[O]2.CC[NH:10][H] 21=20;20,10=10"
"[H][O+:10]([H])[C:20]1([NH:21]C)[NH][CH](C7=CC=CC=C7)C([H])[CH](C8=CC=CC=C8)[NH]1.[Cl-]>>[Cl-].C[NH+:21]=[C:20]2[NH][CH](C7=CC=CC=C7)[CH]([H])C(C8=CC=CC=C8)[NH]2.[H][O:10][H] 21=20;20,10=10"
"[OH:21][C:20]1(C)C(O)C([H])C(C)C(CCC)[OH+:10]1>>[OH:10]C(CCC)C(C)C([H])C(O)[C:20](C)=[OH+:21] 21=20;20,10=10"
"C[NH+:10]([H])[C:20]1([NH:21][H])[NH]C(C7=CC=CC=C7)C([H])[NH]1.[Cl-]>>[Cl-].[H][NH+:21]=[C:20]2[NH]C(C7=CC=CC=C7)C([H])[NH]2.C[NH:10][H] 21=20;20,10=10"
"[H]C1C(C(O[C:20](=[O:10])N1[H])CC)C.[O-:21]C>>[H]C1C(C(O[C:20](N1[H])([O-:10])[O:21]C)CC)C 21=20;20,10=10"
"C[O+:10]([H])[C:20]1([NH:21]C)[NH][CH](CC)C(C)[CH]([H])[O]1.[Cl-]>>[Cl-].C[NH+:21]=[C:20]2[NH][CH](CC)[CH](C)C([H])[O]2.C[O:10][H] 21=20;20,10=10"
"[H][O:10]C([H])C(C)C([H])[O][C:20]([NH]C)=[NH+:21][H].[Cl-]>>[Cl-].[H][O+:10](C([H])C(C)C([H])[O]1)[C:20]1([NH:21][H])[NH]C 10=20;20,21=21"
"C9=CC=CC=C9[NH+:10]([H])[C:20]([NH:21][H])([O]CC)[O][H].[Cl-]>>[Cl-].C9=CC=CC=C9[NH:10][H].[H][NH+:21]=[C:20]([O]CC)[O][H] 21=20;20,10=10"
"CN([C:20]1(OC(C(C([O:21]1)C)CC)[H])[O-:10])CC>>CN([C:20](=[O:10])OC(C(C([O-:21])C)CC)[H])CC 10=20;20,21=21"
"CCCCCCN([C:20]1(OC(C(C([O:21]1)CCCCCC)CC)CCCCCC)[O-:10])[H]>>CCCCCCN([C:20](=[O:10])OC(C(C([O-:21])CCCCCC)CC)CCCCCC)[H] 10=20;20,21=21"
"CC[NH+:21]=[C:20]2[NH][CH](CC)[CH](C)C([H])[O]2.[H][O:10][H].[Cl-]>>[Cl-].[H][O+:10]([H])[C:20]1([NH:21]CC)[NH][CH](CC)C(C)[CH]([H])[O]1 10=20;20,21=21"
"[H][NH:10]C([H])C(C8=CC=CC=C8)[O][C:20]([O][H])=[NH+:21][H].[Cl-]>>[Cl-].[H][NH+:10](C([H])C(C8=CC=CC=C8)[O]1)[C:20]1([NH:21][H])[O][H] 10=20;20,21=21"
"CCN([C:20](=[O:10])OC(C(C([O-:21])[H])C)CC)CCCCCC>>CCN([C:20]1(OC(C(C([O:21]1)[H])C)CC)[O-:10])CCCCCC 21=20;20,10=10"
"CC[NH+:21]=[C:20]2[O]C(C)C(CC)[O]2.CC[NH:10][H].[Cl-]>>[Cl-].CC[NH+:10]([H])[C:20]1([NH:21]CC)[O]C(C)C(CC)[O]1 10=20;20,21=21"
"CC[O+:10]([H])[C:20]([NH:21]CC)([NH]C)[O]C7=CC=CC=C7.[Cl-]>>[Cl-].CC[O:10][H].CC[NH+:21]=[C:20]([NH]C)[O]C7=CC=CC=C7 21=20;20,10=10"
"[O-:21][C:20]1(C)C(O)C(C)C(C)C(C)[NH+:10]1([H])>>[NH:10]([H])C(C)C(C)C(C)C(O)[C:20](C)=[O:21] 21=20;20,10=10"
"C[S+:10]([H])[C:20]([O:21][H])([O]CC)[O]CC.[Cl-]>>[Cl-].C[S:10][H].[H][O+:21]=[C:20]([O]CC)[O]CC 21=20;20,10=10"
"C9=CC=CC=C9[S+:10]([H])[C:20]1([O:21]C)[S][CH](CC)C([H])[CH]([H])[S]1.[Cl-]>>[Cl-].C[O+:21]=[C:20]2[S][CH](CC)[CH]([H])C([H])[S]2.C9=CC=CC=C9[S:10][H] 21=20;20,10=10"
"C9=CC=CC=C9[NH+:10]([H])[C:20]1([NH:21]C6=CC=CC=C6)[NH][CH](C)C(C)[CH](C)[O]1.[Cl-]>>[Cl-].C6=CC=CC=C6[NH+:21]=[C:20]2[NH][CH](C)[CH](C)C(C)[O]2.C9=CC=CC=C9[NH:10][H] 21=20;20,10=10"
"C9=CC=CC=C9[O+:10]([H])[C:20]([O:21]C)([S]CC)[O]CC.[Cl-]>>[Cl-].C9=CC=CC=C9[O:10][H].C[O+:21]=[C:20]([S]CC)[O]CC 21=20;20,10=10"
"[H][S:10]C(CC)C([H])C(CC)[S][C:20]([O]C7=CC=CC=C7)=[O+:21][H].[Cl-]>>[Cl-].[H][S+:10](C(CC)C([H])C(CC)[S]1)[C:20]1([O:21][H])[O]C7=CC=CC=C7 10=20;20,21=21"
"C[O+:10]([H])[C:20]1([NH:21]C6=CC=CC=C6)[O][CH](C)C([H])[CH]([H])[O]1.[Cl-]>>[Cl-].C6=CC=CC=C6[NH+:21]=[C:20]2[O][CH](C)[CH]([H])C([H])[O]2.C[O:10][H] 21=20;20,10=10"
"CC[NH+:10]([H])[C:20]1([NH:21]C)[NH][CH](C7=CC=CC=C7)C([H])[CH](C)[NH]1.[Cl-]>>[Cl-].C[NH+:21]=[C:20]2[NH][CH](C7=CC=CC=C7)[CH]([H])C(C)[NH]2.CC[NH:10][H] 21=20;20,10=10"
"[H][O:10]C(C9=CC=CC=C9)C([H])C(CC)[O][C:20]([NH]C7=CC=CC=C7)=[NH+:21][H].[Cl-]>>[Cl-].[H][O+:10](C(C9=CC=CC=C9)C([H])C(CC)[O]1)[C:20]1([NH:21][H])[NH]C7=CC=CC=C7 10=20;20,21=21"
"[H][O+:10](C(C)C([H])C(C8=CC=CC=C8)[O]1)[C:20]1([O:21][H])[O]CC.[Cl-]>>[Cl-].[H][O:10]C(C)C([H])C(C8=CC=CC=C8)[O][C:20]([O]CC)=[O+:21][H] 21=20;20,10=10"
"[H][O:10]C(C9=CC=CC=C9)C(C)C([H])[O][C:20]([O][H])=[NH+:21]CC.[Cl-]>>[Cl-].[H][O+:10](C(C9=CC=CC=C9)C(C)C([H])[O]1)[C:20]1([NH:21]CC)[O][H] 10=20;20,21=21"
"[O-:21][C:20]1(C)C([H])C([H])=C(C)C(CC)[O+:10]1([K])>>[O:10]([K])C(CC)/C(C)=C([H])\C([H])[C:20](C)=[O:21] 21=20;20,10=10"
"CC[NH+:10]([H])[C:20]1([NH:21]C)[O][CH](C)C([H])[CH](CC)[NH]1.[Cl-]>>[Cl-].C[NH+:21]=[C:20]2[O][CH](C)[CH]([H])C(CC)[NH]2.CC[NH:10][H] 21=20;20,10=10"
"[H][O+:10](C([H])C([H])C([H])[S]1)[C:20]1([O:21]C)[S][H].[Cl-]>>[Cl-].[H][O:10]C([H])C([H])C([H])[S][C:20]([S][H])=[O+:21]C 21=20;20,10=10"
"C[O+:21]=[C:20]2[O]C(C)C(C8=CC=CC=C8)[S]2.CC[O:10][H].[Cl-]>>[Cl-].CC[O+:10]([H])[C:20]1([O:21]C)[O]C(C)C(C8=CC=CC=C8)[S]1 10=20;20,21=21"
"[OH:21][C:20]1(OCC)C(C)C([H])=C(C)C(C)[OH+:10]1>>[OH:10]C(C)/C(C)=C([H])\C(C)[C:20](OCC)=[OH+:21] 21=20;20,10=10"
"CC1C(C(O[C:20](N1C1=CC=CC=C1)([O-:10])[O:21]CCCCCC)[H])CCCCCC>>CC1C(C(O[C:20](=[O:10])N1C1=CC=CC=C1)[H])CCCCCC.[O-:21]CCCCCC 10=20;20,21=21"
"[H][NH:10]C(CC)C([H])[O][C:20]([O]C)=[NH+:21]CC.[Cl-]>>[Cl-].[H][NH+:10](C(CC)C([H])[O]1)[C:20]1([NH:21]CC)[O]C 10=20;20,21=21"
"[H][S:10]C([H])C(CC)[O][C:20]([S]C7=CC=CC=C7)=[O+:21][H].[Cl-]>>[Cl-].[H][S+:10](C([H])C(CC)[O]1)[C:20]1([O:21][H])[S]C7=CC=CC=C7 10=20;20,21=21"
"[O:10]([K])C(C)/C([H])=C([H])\C([H])[C:20](C)=[O:21]>>[O-:21][C:20]1(C)C([H])C([H])=C([H])C(C)[O+:10]1([K]) 10=20;20,21=21"
"CC[NH+:21]=[C:20]2[NH][CH](CC)[CH]([H])C([H])[O]2.CC[O:10][H].[Cl-]>>[Cl-].CC[O+:10]([H])[C:20]1([NH:21]CC)[NH][CH](CC)C([H])[CH]([H])[O]1 10=20;20,21=21"
"[H][NH+:21]=[C:20]2[O][CH](C7=CC=CC=C7)[CH]([H])C(CC)[O]2.[H][NH:10][H].[Cl-]>>[Cl-].[H][NH+:10]([H])[C:20]1([NH:21][H])[O][CH](C7=CC=CC=C7)C([H])[CH](CC)[O]1 10=20;20,21=21"
"C[S+:10]([H])[C:20]1([O:21]C)[S][CH](C)C(C)[CH](C)[S]1.[Cl-]>>[Cl-].C[O+:21]=[C:20]2[S][CH](C)[CH](C)C(C)[S]2.C[S:10][H] 21=20;20,10=10"
"[H][NH+:10](C(C)C([H])[NH]1)[C:20]1([NH:21]C6=CC=CC=C6)[NH]CC.[Cl-]>>[Cl-].[H][NH:10]C(C)C([H])[NH][C:20]([NH]CC)=[NH+:21]C6=CC=CC=C6 21=20;20,10=10"
"[H][O+:10]([H])[C:20]1([NH:21]C)[O][CH](CC)C([H])[CH](C8=CC=CC=C8)[NH]1.[Cl-]>>[Cl-].C[NH+:21]=[C:20]2[O][CH](CC)[CH]([H])C(C8=CC=CC=C8)[NH]2.[H][O:10][H] 21=20;20,10=10"
"C[NH+:21]=[C:20]2[O][CH](C)[CH](C)C([H])[O]2.[H][O:10][H].[Cl-]>>[Cl-].[H][O+:10]([H])[C:20]1([NH:21]C)[O][CH](C)C(C)[CH]([H])[O]1 10=20;20,21=21"
"CCCCCCN([C:20](=[O:10])OC)C1=CC=CC=C1.[O-:21]C1=CC=CC=C1>>CCCCCCN([C:20]([O-:10])(OC)[O:21]C1=CC=CC=C1)C1=CC=CC=C1 21=20;20,10=10"
"[NH:10](C)C(C)/C([H])=C(C)\C([H])[C:20](OC)=[O:21]>>[O-:21][C:20]1(OC)C([H])C(C)=C([H])C(C)[NH+:10]1(C) 10=20;20,21=21"
"C[O+:10]([H])[C:20]([NH:21][H])([NH][H])[O][H].[Cl-]>>[Cl-].C[O:10][H].[H][NH+:21]=[C:20]([NH][H])[O][H] 21=20;20,10=10"
"C[O+:21]=[C:20]2[S][CH](C)[CH](C)C([H])[S]2.C[S:10][H].[Cl-]>>[Cl-].C[S+:10]([H])[C:20]1([O:21]C)[S][CH](C)C(C)[CH]([H])[S]1 10=20;20,21=21"
"[H][O:10][C:20]([O-:21])(O[H])OC1=CC=CC=C1>>[O:21]=[C:20](O[H])OC1=CC=CC=C1.[O-:10][H] 21=20;20,10=10"
"C1=CC=CC=C1N([C:20]1(OC(C(C([O:21]1)CC)C)CCCCCC)[O-:10])CCCCCC>>C1=CC=CC=C1N([C:20](=[O:10])OC(C(C([O-:21])CC)C)CCCCCC)CCCCCC 10=20;20,21=21"
"C[O+:10]([H])[C:20]1([O:21]C)[O][CH](C)C(C)[CH](CC)[O]1.[Cl-]>>[Cl-].C[O+:21]=[C:20]2[O][CH](C)[CH](C)C(CC)[O]2.C[O:10][H] 21=20;20,10=10"
"[H][S+:10](C(C)C([H])[O]1)[C:20]1([O:21][Si](C)(C)(C))[S]C7=CC=CC=C7.[Cl-]>>[Cl-].[H][S:10]C(C)C([H])[O][C:20]([S]C7=CC=CC=C7)=[O+:21][Si](C)(C)(C) 21=20;20,10=10"
"CN([C:20]1(OC(C(C([O:21]1)C1=CC=CC=C1)C)[H])[O-:10])CCCCCC>>CN([C:20](=[O:10])OC(C(C([O-:21])C1=CC=CC=C1)C)[H])CCCCCC 10=20;20,21=21"
"[H][NH:10]C(CC)C(C)[O][C:20]([O]C7=CC=CC=C7)=[NH+:21][H].[Cl-]>>[Cl-].[H][NH+:10](C(CC)C(C)[O]1)[C:20]1([NH:21][H])[O]C7=CC=CC=C7 10=20;20,21=21"
"[H][S:10]C(CC)C([H])C([H])[O][C:20]([O]C)=[O+:21][H].[Cl-]>>[Cl-].[H][S+:10](C(CC)C([H])C([H])[O]1)[C:20]1([O:21][H])[O]C 10=20;20,21=21"
"[H][O+:10](C(C9=CC=CC=C9)C(C)C(C8=CC=CC=C8)[O]1)[C:20]1([O:21][H])[S]C7=CC=CC=C7.[Cl-]>>[Cl-].[H][O:10]C(C9=CC=CC=C9)C(C)C(C8=CC=CC=C8)[O][C:20]([S]C7=CC=CC=C7)=[O+:21][H] 21=20;20,10=10"
"[O:10]([K])C(C)/C(O)=C([C:20]([H])=[O:21])/C>>[O-:21][C:20]1([H])[O+:10]([K])C(C)C(O)=C1C 10=20;20,21=21"
"C[O:10][H].[H][NH+:21]=[C:20]([NH]C)[NH][H].[Cl-]>>[Cl-].C[O+:10]([H])[C:20]([NH:21][H])([NH]C)[NH][H] 10=20;20,21=21"
"[H][NH+:10]([H])[C:20]1([NH:21]C)[NH][CH]([H])C([H])[CH](CC)[O]1.[Cl-]>>[Cl-].C[NH+:21]=[C:20]2[NH][CH]([H])[CH]([H])C(CC)[O]2.[H][NH:10][H] 21=20;20,10=10"
"[NH:10]([H])C(CC)C(C)C(O)C(O)[C:20]([H])=[O:21]>>[O-:21][C:20]1([H])C(O)C(O)C(C)C(CC)[NH+:10]1([H]) 10=20;20,21=21"
"C[S+:10]([H])[C:20]([O:21][H])([O]C8=CC=CC=C8)[S]C7=CC=CC=C7.[Cl-]>>[Cl-].C[S:10][H].[H][O+:21]=[C:20]([O]C8=CC=CC=C8)[S]C7=CC=CC=C7 21=20;20,10=10"
"[H][NH+:10](C(C)C(C)C(CC)[O]1)[C:20]1([NH:21]CC)[O]C.[Cl-]>>[Cl-].[H][NH:10]C(C)C(C)C(CC)[O][C:20]([O]C)=[NH+:21]CC 21=20;20,10=10"
"[O-:21][C:20]1(OC)C([H])=C(C)C(C)C(CC)[O+:10]1([K])>>[O:10]([K])C(CC)C(C)/C(C)=C([H])\[C:20](OC)=[O:21] 21=20;20,10=10"
"[H][NH+:21]=[C:20]2[O][CH](C7=CC=CC=C7)[CH](C)C(CC)[NH]2.CC[NH:10][H].[Cl-]>>[Cl-].CC[NH+:10]([H])[C:20]1([NH:21][H])[O][CH](C7=CC=CC=C7)C(C)[CH](CC)[NH]1 10=20;20,21=21"
"[O-:21][C:20]1(OC)C([H])C(C)=C(C)C(C)[NH+:10]1(C)>>[NH:10](C)C(C)/C(C)=C(C)\C([H])[C:20](OC)=[O:21] 21=20;20,10=10"
"[H][O+:10](C([H])C([H])C(C8=CC=CC=C8)[NH]1)[C:20]1([NH:21][H])[O]C.[Cl-]>>[Cl-].[H][O:10]C([H])C([H])C(C8=CC=CC=C8)[NH][C:20]([O]C)=[NH+:21][H] 21=20;20,10=10"
"CC[NH+:21]=[C:20]2[NH][CH](C)[CH](C)C(CC)[O]2.[H][NH:10][H].[Cl-]>>[Cl-].[H][NH+:10]([H])[C:20]1([NH:21]CC)[NH][CH](C)C(C)[CH](CC)[O]1 10=20;20,21=21"
"[CH:20](=[OH+:21])CC.[F-:10]>>[CH:20]([OH:21])([F:10])CC 10=20;20,21=21"
"CC[S:10][H].[Si](C)(C)(C)[O+:21]=[C:20]([S]C)[S]C7=CC=CC=C7.[Cl-]>>[Cl-].CC[S+:10]([H])[C:20]([O:21][Si](C)(C)(C))([S]C)[S]C7=CC=CC=C7 10=20;20,21=21"
"C[O+:21]=[C:20]2[O][CH](C7=CC=CC=C7)[CH](C)C(C8=CC=CC=C8)[S]2.C9=CC=CC=C9[O:10][H].[Cl-]>>[Cl-].C9=CC=CC=C9[O+:10]([H])[C:20]1([O:21]C)[O][CH](C7=CC=CC=C7)C(C)[CH](C8=CC=CC=C8)[S]1 10=20;20,21=21"
"C[O+:21]=[C:20]2[S][CH](CC)[CH](C)C([H])[O]2.C9=CC=CC=C9[S:10][H].[Cl-]>>[Cl-].C9=CC=CC=C9[S+:10]([H])[C:20]1([O:21]C)[S][CH](CC)C(C)[CH]([H])[O]1 10=20;20,21=21"
"[O:10]([K])C(C)C([H])C(C)C(C)[C:20](C)=[O:21]>>[O-:21][C:20]1(C)C(C)C(C)C([H])C(C)[O+:10]1([K]) 10=20;20,21=21"
"[Li][O+:21]([C:20]([O-:10])(OC1=CC=CC=C1)O[H])[H]>>[Li][O:21][H].[C:20](=[O:10])(OC1=CC=CC=C1)O[H] 10=20;20,21=21"
"[H][O+:10]([H])[C:20]([NH:21]C)([NH]C)[NH]CC.[Cl-]>>[Cl-].[H][O:10][H].C[NH+:21]=[C:20]([NH]C)[NH]CC 21=20;20,10=10"
"[H][NH+:10]([H])[C:20]1([NH:21][H])[NH]C(CC)C(C8=CC=CC=C8)[NH]1.[Cl-]>>[Cl-].[H][NH+:21]=[C:20]2[NH]C(CC)C(C8=CC=CC=C8)[NH]2.[H][NH:10][H] 21=20;20,10=10"
"C9=CC=CC=C9[NH+:10]([H])[C:20]1([NH:21]C)[NH][CH](C7=CC=CC=C7)C([H])[CH]([H])[NH]1.[Cl-]>>[Cl-].C[NH+:21]=[C:20]2[NH][CH](C7=CC=CC=C7)[CH]([H])C([H])[NH]2.C9=CC=CC=C9[NH:10][H] 21=20;20,10=10"
"[H][NH+:10](C(C9=CC=CC=C9)C([H])C(C)[O]1)[C:20]1([NH:21]CC)[NH]C.[Cl-]>>[Cl-].[H][NH:10]C(C9=CC=CC=C9)C([H])C(C)[O][C:20]([NH]C)=[NH+:21]CC 21=20;20,10=10"
"C[O+:21]=[C:20]2[S][CH](CC)[CH](C)C(C)[S]2.[H][O:10][H].[Cl-]>>[Cl-].[H][O+:10]([H])[C:20]1([O:21]C)[S][CH](CC)C(C)[CH](C)[S]1 10=20;20,21=21"
"[H][O+:10](C(CC)C([H])C(CC)[O]1)[C:20]1([O:21][H])[S]CC.[Cl-]>>[Cl-].[H][O:10]C(CC)C([H])C(CC)[O][C:20]([S]CC)=[O+:21][H] 21=20;20,10=10"
"CCCCCCN([C:20](=[O:10])OC(C(C([O-:21])C)CCCCCC)C1=CC=CC=C1)C1=CC=CC=C1>>CCCCCCN([C:20]1(OC(C(C([O:21]1)C)CCCCCC)C1=CC=CC=C1)[O-:10])C1=CC=CC=C1 21=20;20,10=10"
"CC[NH+:21]=[C:20]2[NH][CH](C7=CC=CC=C7)[CH]([H])C(C)[O]2.[H][NH:10][H].[Cl-]>>[Cl-].[H][NH+:10]([H])[C:20]1([NH:21]CC)[NH][CH](C7=CC=CC=C7)C([H])[CH](C)[O]1 10=20;20,21=21"
"[H][S:10]C(CC)C(C)C(CC)[O][C:20]([O]CC)=[O+:21][H].[Cl-]>>[Cl-].[H][S+:10](C(CC)C(C)C(CC)[O]1)[C:20]1([O:21][H])[O]CC 10=20;20,21=21"
"[H][O:10]C(C9=CC=CC=C9)C([H])C([H])[O][C:20]([NH]C7=CC=CC=C7)=[NH+:21]C.[Cl-]>>[Cl-].[H][O+:10](C(C9=CC=CC=C9)C([H])C([H])[O]1)[C:20]1([NH:21]C)[NH]C7=CC=CC=C7 10=20;20,21=21"
"[H][NH+:21]=[C:20]2[O][CH](CC)[CH](C)C([H])[NH]2.C9=CC=CC=C9[O:10][H].[Cl-]>>[Cl-].C9=CC=CC=C9[O+:10]([H])[C:20]1([NH:21][H])[O][CH](CC)C(C)[CH]([H])[NH]1 10=20;20,21=21"
"CN([C:20](=[O:10])OC(C(C([O-:21])C1=CC=CC=C1)C)CC)[H]>>CN([C:20]1(OC(C(C([O:21]1)C1=CC=CC=C1)C)CC)[O-:10])[H] 21=20;20,10=10"
"[OH:21][C:20]1(C)C([H])C([H])C([H])C(C)[OH+:10]1>>[OH:10]C(C)C([H])C([H])C([H])[C:20](C)=[OH+:21] 21=20;20,10=10"
"CCC1C(C(O[C:20](N1C1=CC=CC=C1)([O-:10])[O:21]C1=CC=CC=C1)C1=CC=CC=C1)C>>CCC1C(C(O[C:20](=[O:10])N1C1=CC=CC=C1)C1=CC=CC=C1)C.[O-:21]C1=CC=CC=C1 10=20;20,21=21"
"C1=CC=CC=C1C1C(C(O[C:20](N1[H])([O-:10])[O:21]CC)CCCCCC)[H]>>C1=CC=CC=C1C1C(C(O[C:20](=[O:10])N1[H])CCCCCC)[H].[O-:21]CC 10=20;20,21=21"
"[H][NH:10]C(C)C(C)C(C)[O][C:20]([O]C7=CC=CC=C7)=[NH+:21]C.[Cl-]>>[Cl-].[H][NH+:10](C(C)C(C)C(C)[O]1)[C:20]1([NH:21]C)[O]C7=CC=CC=C7 10=20;20,21=21"
"C[O+:10]([H])[C:20]1([NH:21]C6=CC=CC=C6)[O][CH](CC)C([H])[CH](CC)[O]1.[Cl-]>>[Cl-].C6=CC=CC=C6[NH+:21]=[C:20]2[O][CH](CC)[CH]([H])C(CC)[O]2.C[O:10][H] 21=20;20,10=10"
"[O-:21][C:20]1(OCC)[O+:10]([K])C([H])C([H])=C1C>>[O:10]([K])C([H])/C([H])=C([C:20](OCC)=[O:21])/C 21=20;20,10=10"
"[H][O+:21]=[C:20]2[S][CH](C)[CH]([H])C(C8=CC=CC=C8)[S]2.CC[O:10][H].[Cl-]>>[Cl-].CC[O+:10]([H])[C:20]1([O:21][H])[S][CH](C)C([H])[CH](C8=CC=CC=C8)[S]1 10=20;20,21=21"
"[H]C1C(C(O[C:20](N1[H])([O-:10])[O:21]C)C1=CC=CC=C1)CC>>[H]C1C(C(O[C:20](=[O:10])N1[H])C1=CC=CC=C1)CC.[O-:21]C 10=20;20,21=21"
"[O:10]([Na])C(CCC)C([H])C(C)C(C)[C:20]([H])=[O:21]>>[O-:21][C:20]1([H])C(C)C(C)C([H])C(CCC)[O+:10]1([Na]) 10=20;20,21=21"
"[Si](C)(C)(C)[O+:21]=[C:20]2[O]C(CC)C(C8=CC=CC=C8)[O]2.[H][O:10][H].[Cl-]>>[Cl-].[H][O+:10]([H])[C:20]1([O:21][Si](C)(C)(C))[O]C(CC)C(C8=CC=CC=C8)[O]1 10=20;20,21=21"
"[H][NH:10]C(C9=CC=CC=C9)C(C8=CC=CC=C8)[NH][C:20]([NH]C)=[NH+:21]C6=CC=CC=C6.[Cl-]>>[Cl-].[H][NH+:10](C(C9=CC=CC=C9)C(C8=CC=CC=C8)[NH]1)[C:20]1([NH:21]C6=CC=CC=C6)[NH]C 10=20;20,21=21"
"[Si](C)(C)(C)[O+:21]=[C:20]2[O]C(CC)C([H])[O]2.[H][S:10][H].[Cl-]>>[Cl-].[H][S+:10]([H])[C:20]1([O:21][Si](C)(C)(C))[O]C(CC)C([H])[O]1 10=20;20,21=21"
"C1(C(O[C:20]([O-:10])([O:21]C1C)OCCCCCC)C)C1=CC=CC=C1>>C(C([O-:21])C)(C(O[C:20](=[O:10])OCCCCCC)C)C1=CC=CC=C1 10=20;20,21=21"
"[O:10]([Na])C(CC)/C(C)=C([C:20]([H])=[O:21])/O>>[O-:21][C:20]1([H])[O+:10]([Na])C(CC)C(C)=C1O 10=20;20,21=21"
"C[NH+:10]([H])[C:20]1([NH:21][H])[O][CH]([H])C([H])[CH](C)[O]1.[Cl-]>>[Cl-].[H][NH+:21]=[C:20]2[O][CH]([H])[CH]([H])C(C)[O]2.C[NH:10][H] 21=20;20,10=10"
"C[NH+:10]([H])[C:20]1([NH:21]C6=CC=CC=C6)[O][CH](C7=CC=CC=C7)C(C)[CH](C)[O]1.[Cl-]>>[Cl-].C6=CC=CC=C6[NH+:21]=[C:20]2[O][CH](C7=CC=CC=C7)[CH](C)C(C)[O]2.C[NH:10][H] 21=20;20,10=10"
"[H]C1C(C(O[C:20](N1[H])([O-:10])[Cl:21])C1=CC=CC=C1)C1=CC=CC=C1>>[H]C1C(C(O[C:20](=[O:10])N1[H])C1=CC=CC=C1)C1=CC=CC=C1.[Cl-:21] 10=20;20,21=21"
"[H][O:10]C(C9=CC=CC=C9)C([H])[S][C:20]([S][H])=[O+:21][H].[Cl-]>>[Cl-].[H][O+:10](C(C9=CC=CC=C9)C([H])[S]1)[C:20]1([O:21][H])[S][H] 10=20;20,21=21"
"[H][NH+:10](C(C)C(C)C([H])[NH]1)[C:20]1([NH:21]C6=CC=CC=C6)[NH]C7=CC=CC=C7.[Cl-]>>[Cl-].[H][NH:10]C(C)C(C)C([H])[NH][C:20]([NH]C7=CC=CC=C7)=[NH+:21]C6=CC=CC=C6 21=20;20,10=10"
"C9=CC=CC=C9[O:10][H].CC[NH+:21]=[C:20]([O]C8=CC=CC=C8)[O]CC.[Cl-]>>[Cl-].C9=CC=CC=C9[O+:10]([H])[C:20]([NH:21]CC)([O]C8=CC=CC=C8)[O]CC 10=20;20,21=21"
"[H][NH+:10](C([H])C(C)C([H])[NH]1)[C:20]1([NH:21]C6=CC=CC=C6)[NH]CC.[Cl-]>>[Cl-].[H][NH:10]C([H])C(C)C([H])[NH][C:20]([NH]CC)=[NH+:21]C6=CC=CC=C6 21=20;20,10=10"
"[O-:21][C:20]1(OCC)C(O)C([H])C(C)C([H])[NH+:10]1(C)>>[NH:10](C)C([H])C(C)C([H])C(O)[C:20](OCC)=[O:21] 21=20;20,10=10"
"[NH:10](C)C(C(C=CC=C9)=C9[C:20](OC)=[O:21])C>>[O-:21][C:20]2([NH+:10](C)C(C7=C2C=CC=C7)C)OC 10=20;20,21=21"
"[H][O:10]C(C)C(C)[O][C:20]([O][H])=[NH+:21]C.[Cl-]>>[Cl-].[H][O+:10](C(C)C(C)[O]1)[C:20]1([NH:21]C)[O][H] 10=20;20,21=21"
"[O-:10]C(C)C([H])C([C:20](C)=[O:21])O>>[O-:21][C:20]1(C)[O:10]C(C)C([H])C1O 10=20;20,21=21"
"C9=CC=CC=C9[NH+:10]([H])[C:20]([NH:21][H])([NH][H])[O]C.[Cl-]>>[Cl-].C9=CC=CC=C9[NH:10][H].[H][NH+:21]=[C:20]([NH][H])[O]C 21=20;20,10=10"
"[H][O+:10](C(CC)C(C)C([H])[O]1)[C:20]1([NH:21]C)[NH][H].[Cl-]>>[Cl-].[H][O:10]C(CC)C(C)C([H])[O][C:20]([NH][H])=[NH+:21]C 21=20;20,10=10"
"[H][O:10]C(C9=CC=CC=C9)C([H])[S][C:20]([S][H])=[O+:21]C.[Cl-]>>[Cl-].[H][O+:10](C(C9=CC=CC=C9)C([H])[S]1)[C:20]1([O:21]C)[S][H] 10=20;20,21=21"
"[H][O+:10]([H])[C:20]1([NH:21]C)[NH]C(C7=CC=CC=C7)C(CC)[NH]1.[Cl-]>>[Cl-].C[NH+:21]=[C:20]2[NH]C(C7=CC=CC=C7)C(CC)[NH]2.[H][O:10][H] 21=20;20,10=10"
"[NH:10]([H])C(CC)C(O)C(O)C([H])[C:20](C)=[O:21]>>[O-:21][C:20]1(C)C([H])C(O)C(O)C(CC)[NH+:10]1([H]) 10=20;20,21=21"
"C[O+:21]=[C:20]2[O][CH](C7=CC=CC=C7)[CH]([H])C([H])[O]2.C[S:10][H].[Cl-]>>[Cl-].C[S+:10]([H])[C:20]1([O:21]C)[O][CH](C7=CC=CC=C7)C([H])[CH]([H])[O]1 10=20;20,21=21"
"CC[NH+:21]=[C:20]2[NH][CH](C7=CC=CC=C7)[CH]([H])C([H])[NH]2.CC[NH:10][H].[Cl-]>>[Cl-].CC[NH+:10]([H])[C:20]1([NH:21]CC)[NH][CH](C7=CC=CC=C7)C([H])[CH]([H])[NH]1 10=20;20,21=21"
"CC1C(C(O[C:20](=[O:10])N1[H])CCCCCC)[H].[O-:21][H]>>CC1C(C(O[C:20](N1[H])([O-:10])[O:21][H])CCCCCC)[H] 21=20;20,10=10"
"[H][S:10]C([H])C([H])C([H])[O][C:20]([O]C)=[O+:21][H].[Cl-]>>[Cl-].[H][S+:10](C([H])C([H])C([H])[O]1)[C:20]1([O:21][H])[O]C 10=20;20,21=21"
"[H][NH+:10](C(CC)C(C)C(C)[NH]1)[C:20]1([NH:21]C)[NH]C.[Cl-]>>[Cl-].[H][NH:10]C(CC)C(C)C(C)[NH][C:20]([NH]C)=[NH+:21]C 21=20;20,10=10"
"[H][O:10]C(CC)C(C)C(C8=CC=CC=C8)[NH][C:20]([NH]C7=CC=CC=C7)=[NH+:21]C6=CC=CC=C6.[Cl-]>>[Cl-].[H][O+:10](C(CC)C(C)C(C8=CC=CC=C8)[NH]1)[C:20]1([NH:21]C6=CC=CC=C6)[NH]C7=CC=CC=C7 10=20;20,21=21"
"[H][O:10]C(C9=CC=CC=C9)C(C)C([H])[NH][C:20]([NH]C)=[NH+:21]CC.[Cl-]>>[Cl-].[H][O+:10](C(C9=CC=CC=C9)C(C)C([H])[NH]1)[C:20]1([NH:21]CC)[NH]C 10=20;20,21=21"
"[H][O+:10](C(C9=CC=CC=C9)C(C)C(CC)[O]1)[C:20]1([NH:21]C)[NH][H].[Cl-]>>[Cl-].[H][O:10]C(C9=CC=CC=C9)C(C)C(CC)[O][C:20]([NH][H])=[NH+:21]C 21=20;20,10=10"
"CC[O+:10]([H])[C:20]1([NH:21]C6=CC=CC=C6)[O]C(CC)C(C8=CC=CC=C8)[O]1.[Cl-]>>[Cl-].C6=CC=CC=C6[NH+:21]=[C:20]2[O]C(CC)C(C8=CC=CC=C8)[O]2.CC[O:10][H] 21=20;20,10=10"
"[H]N([C:20](=[O:10])O[H])C.[O-:21]CC>>[H]N([C:20]([O-:10])(O[H])[O:21]CC)C 21=20;20,10=10"
"C[NH+:21]=[C:20]2[O][CH]([H])[CH]([H])C(C8=CC=CC=C8)[NH]2.C[NH:10][H].[Cl-]>>[Cl-].C[NH+:10]([H])[C:20]1([NH:21]C)[O][CH]([H])C([H])[CH](C8=CC=CC=C8)[NH]1 10=20;20,21=21"
"[O-:21][C:20]1([H])C(C)C(O)C([H])C(CCC)[O+:10]1([Na])>>[O:10]([Na])C(CCC)C([H])C(O)C(C)[C:20]([H])=[O:21] 21=20;20,10=10"
"[H][O:10]C(CC)C([H])C(CC)[O][C:20]([O]C)=[O+:21][H].[Cl-]>>[Cl-].[H][O+:10](C(CC)C([H])C(CC)[O]1)[C:20]1([O:21][H])[O]C 10=20;20,21=21"
"[H][O:10]C(C)C([H])[O][C:20]([S]C)=[O+:21][Si](C)(C)(C).[Cl-]>>[Cl-].[H][O+:10](C(C)C([H])[O]1)[C:20]1([O:21][Si](C)(C)(C))[S]C 10=20;20,21=21"
"[H][O+:10](C([H])C(CC)[O]1)[C:20]1([NH:21]C6=CC=CC=C6)[NH]CC.[Cl-]>>[Cl-].[H][O:10]C([H])C(CC)[O][C:20]([NH]CC)=[NH+:21]C6=CC=CC=C6 21=20;20,10=10"
"C[O+:10]([H])[C:20]1([NH:21]CC)[NH][CH](CC)C(C)[CH](C)[NH]1.[Cl-]>>[Cl-].CC[NH+:21]=[C:20]2[NH][CH](CC)[CH](C)C(C)[NH]2.C[O:10][H] 21=20;20,10=10"
"CC[NH+:10]([H])[C:20]1([NH:21]C6=CC=CC=C6)[NH][CH](CC)C(C)[CH]([H])[O]1.[Cl-]>>[Cl-].C6=CC=CC=C6[NH+:21]=[C:20]2[NH][CH](CC)[CH](C)C([H])[O]2.CC[NH:10][H] 21=20;20,10=10"
"[H][O+:10](C(C)C([H])C(C8=CC=CC=C8)[NH]1)[C:20]1([NH:21]C)[NH]C7=CC=CC=C7.[Cl-]>>[Cl-].[H][O:10]C(C)C([H])C(C8=CC=CC=C8)[NH][C:20]([NH]C7=CC=CC=C7)=[NH+:21]C 21=20;20,10=10"
"[H][O+:10]([H])[C:20]1([O:21]C)[S][CH](C)C(C)[CH](CC)[O]1.[Cl-]>>[Cl-].C[O+:21]=[C:20]2[S][CH](C)[CH](C)C(CC)[O]2.[H][O:10][H] 21=20;20,10=10"
"[H][O+:10](C(C9=CC=CC=C9)C(C8=CC=CC=C8)[O]1)[C:20]1([NH:21]C6=CC=CC=C6)[O]C7=CC=CC=C7.[Cl-]>>[Cl-].[H][O:10]C(C9=CC=CC=C9)C(C8=CC=CC=C8)[O][C:20]([O]C7=CC=CC=C7)=[NH+:21]C6=CC=CC=C6 21=20;20,10=10"
"[O-:21][C:20]1(OCC)C([H])C([H])=C(C)C([H])[NH+:10]1([H])>>[NH:10]([H])C([H])/C(C)=C([H])\C([H])[C:20](OCC)=[O:21] 21=20;20,10=10"
"[H][S+:10]([H])[C:20]([O:21]C)([O]CC)[S]C.[Cl-]>>[Cl-].[H][S:10][H].C[O+:21]=[C:20]([O]CC)[S]C 21=20;20,10=10"
"C[NH:10][H].C[NH+:21]=[C:20]([O]C)[O]C7=CC=CC=C7.[Cl-]>>[Cl-].C[NH+:10]([H])[C:20]([NH:21]C)([O]C)[O]C7=CC=CC=C7 10=20;20,21=21"
"C[O+:10]([H])[C:20]1([NH:21]C6=CC=CC=C6)[O]C(C7=CC=CC=C7)C([H])[O]1.[Cl-]>>[Cl-].C6=CC=CC=C6[NH+:21]=[C:20]2[O]C(C7=CC=CC=C7)C([H])[O]2.C[O:10][H] 21=20;20,10=10"
"C1=CC=CC=C1N([C:20]1(OC(C(C([O:21]1)CCCCCC)CCCCCC)[H])[O-:10])C>>C1=CC=CC=C1N([C:20](=[O:10])OC(C(C([O-:21])CCCCCC)CCCCCC)[H])C 10=20;20,21=21"
"CCCCCCN([C:20](=[O:10])OC(C(C([O-:21])CC)[H])CC)[H]>>CCCCCCN([C:20]1(OC(C(C([O:21]1)CC)[H])CC)[O-:10])[H] 21=20;20,10=10"
"C9=CC=CC=C9[O+:10]([H])[C:20]1([O:21]C)[O]C(C7=CC=CC=C7)C(C8=CC=CC=C8)[O]1.[Cl-]>>[Cl-].C[O+:21]=[C:20]2[O]C(C7=CC=CC=C7)C(C8=CC=CC=C8)[O]2.C9=CC=CC=C9[O:10][H] 21=20;20,10=10"
"[H][O+:10]([H])[C:20]1([NH:21]CC)[NH][CH](C)C([H])[CH]([H])[NH]1.[Cl-]>>[Cl-].CC[NH+:21]=[C:20]2[NH][CH](C)[CH]([H])C([H])[NH]2.[H][O:10][H] 21=20;20,10=10"
"C9=CC=CC=C9[O+:10]([H])[C:20]([NH:21]C6=CC=CC=C6)([O][H])[O]C7=CC=CC=C7.[Cl-]>>[Cl-].C9=CC=CC=C9[O:10][H].C6=CC=CC=C6[NH+:21]=[C:20]([O][H])[O]C7=CC=CC=C7 21=20;20,10=10"
"C1=CC=CC=C1C1C(C(O[C:20](=[O:10])N1C1=CC=CC=C1)CC)C.[O-:21]C1=CC=CC=C1>>C1=CC=CC=C1C1C(C(O[C:20](N1C1=CC=CC=C1)([O-:10])[O:21]C1=CC=CC=C1)CC)C 21=20;20,10=10"
"CC[O+:10]([H])[C:20]([NH:21]C6=CC=CC=C6)([O][H])[O][H].[Cl-]>>[Cl-].CC[O:10][H].C6=CC=CC=C6[NH+:21]=[C:20]([O][H])[O][H] 21=20;20,10=10"
"[O:10]([Na])C([H])C(C)C(O)C(C)[C:20](OCC)=[O:21]>>[O-:21][C:20]1(OCC)C(C)C(O)C(C)C([H])[O+:10]1([Na]) 10=20;20,21=21"
"CCN([C:20](=[O:10])OC(C(C([O-:21])C)CC)CCCCCC)CCCCCC>>CCN([C:20]1(OC(C(C([O:21]1)C)CC)CCCCCC)[O-:10])CCCCCC 21=20;20,10=10"
"[H][NH+:10]([H])[C:20]([NH:21]C)([NH][H])[NH]C.[Cl-]>>[Cl-].[H][NH:10][H].C[NH+:21]=[C:20]([NH][H])[NH]C 21=20;20,10=10"
"[H][NH:10]C(C)C([H])[NH][C:20]([O][H])=[NH+:21]CC.[Cl-]>>[Cl-].[H][NH+:10](C(C)C([H])[NH]1)[C:20]1([NH:21]CC)[O][H] 10=20;20,21=21"
"CN([C:20]1(OC(C(C([O:21]1)[H])C)[H])[O-:10])CC>>CN([C:20](=[O:10])OC(C(C([O-:21])[H])C)[H])CC 10=20;20,21=21"
"CCC1C(C(O[C:20](N1C1=CC=CC=C1)([O-:10])[O:21]CC)[H])[H]>>CCC1C(C(O[C:20](=[O:10])N1C1=CC=CC=C1)[H])[H].[O-:21]CC 10=20;20,21=21"
"[O-:21][C:20]1([H])C(O)C([H])C(O)C([H])[NH+:10]1(C)>>[NH:10](C)C([H])C(O)C([H])C(O)[C:20]([H])=[O:21] 21=20;20,10=10"
"CC[NH+:21]=[C:20]2[NH][CH]([H])[CH](C)C(C)[O]2.[H][O:10][H].[Cl-]>>[Cl-].[H][O+:10]([H])[C:20]1([NH:21]CC)[NH][CH]([H])C(C)[CH](C)[O]1 10=20;20,21=21"
"[H][NH+:10](C(C)C(C)C(CC)[NH]1)[C:20]1([NH:21]C6=CC=CC=C6)[NH]C7=CC=CC=C7.[Cl-]>>[Cl-].[H][NH:10]C(C)C(C)C(CC)[NH][C:20]([NH]C7=CC=CC=C7)=[NH+:21]C6=CC=CC=C6 21=20;20,10=10"
"C[NH+:10]([H])[C:20]1([NH:21][H])[O][CH](CC)C([H])[CH]([H])[O]1.[Cl-]>>[Cl-].[H][NH+:21]=[C:20]2[O][CH](CC)[CH]([H])C([H])[O]2.C[NH:10][H] 21=20;20,10=10"
"[H][S:10][H].[Si](C)(C)(C)[O+:21]=[C:20]([S]C8=CC=CC=C8)[S]C.[Cl-]>>[Cl-].[H][S+:10]([H])[C:20]([O:21][Si](C)(C)(C))([S]C8=CC=CC=C8)[S]C 10=20;20,21=21"
"C[NH+:21]=[C:20]2[NH][CH](CC)[CH](C)C(C8=CC=CC=C8)[NH]2.C9=CC=CC=C9[NH:10][H].[Cl-]>>[Cl-].C9=CC=CC=C9[NH+:10]([H])[C:20]1([NH:21]C)[NH][CH](CC)C(C)[CH](C8=CC=CC=C8)[NH]1 10=20;20,21=21"
"C9=CC=CC=C9[O+:10]([H])[C:20]1([NH:21][H])[NH]C(CC)C(CC)[O]1.[Cl-]>>[Cl-].[H][NH+:21]=[C:20]2[NH]C(CC)C(CC)[O]2.C9=CC=CC=C9[O:10][H] 21=20;20,10=10"
"[O-:10]C(CC)/C(O)=C([C:20]([H])=[O:21])/O>>[O-:21][C:20]1([H])[O:10]C(CC)C(O)=C1O 10=20;20,21=21"
"CC1C(C(O[C:20](=[O:10])N1CC)[H])C.[O-:21]CCCCCC>>CC1C(C(O[C:20](N1CC)([O-:10])[O:21]CCCCCC)[H])C 21=20;20,10=10"
"C1=CC=CC=C1N([C:20](=[O:10])OC(C(C([O-:21])CC)[H])CCCCCC)CCCCCC>>C1=CC=CC=C1N([C:20]1(OC(C(C([O:21]1)CC)[H])CCCCCC)[O-:10])CCCCCC 21=20;20,10=10"
"CCC1C(C(O[C:20](=[O:10])N1C1=CC=CC=C1)[H])CCCCCC.[O-:21]C1=CC=CC=C1>>CCC1C(C(O[C:20](N1C1=CC=CC=C1)([O-:10])[O:21]C1=CC=CC=C1)[H])CCCCCC 21=20;20,10=10"
"CCCCCCC1C(C(O[C:20](N1CC)([O-:10])[O:21]C)CCCCCC)C>>CCCCCCC1C(C(O[C:20](=[O:10])N1CC)CCCCCC)C.[O-:21]C 10=20;20,21=21"
"[O:10]([K])C([H])/C(C)=C([H])\C([H])[C:20](OCC)=[O:21]>>[O-:21][C:20]1(OCC)C([H])C([H])=C(C)C([H])[O+:10]1([K]) 10=20;20,21=21"
"[H]C1C(O[C:20](=[O:10])N1C1=CC=CC=C1)C1=CC=CC=C1.[O-:21]C1=CC=CC=C1>>[H]C1C(O[C:20](N1C1=CC=CC=C1)([O-:10])[O:21]C1=CC=CC=C1)C1=CC=CC=C1 21=20;20,10=10"
"[H][O+:10](C([H])C([H])C(C)[O]1)[C:20]1([NH:21]C6=CC=CC=C6)[NH]C.[Cl-]>>[Cl-].[H][O:10]C([H])C([H])C(C)[O][C:20]([NH]C)=[NH+:21]C6=CC=CC=C6 21=20;20,10=10"
"[NH:10](C)C(CC)C(O)C([H])C(C)[C:20](OC)=[O:21]>>[O-:21][C:20]1(OC)C(C)C([H])C(O)C(CC)[NH+:10]1(C) 10=20;20,21=21"
"CCCCCCN([C:20](=[O:10])OC)C1=CC=CC=C1.[O-:21]C>>CCCCCCN([C:20]([O-:10])(OC)[O:21]C)C1=CC=CC=C1 21=20;20,10=10"
"CCCCCCN([C:20](=[O:10])OC(C(C([O-:21])C1=CC=CC=C1)[H])CC)[H]>>CCCCCCN([C:20]1(OC(C(C([O:21]1)C1=CC=CC=C1)[H])CC)[O-:10])[H] 21=20;20,10=10"
"CCCCCCN([C:20]1(OC(C(C([O:21]1)CC)CCCCCC)C1=CC=CC=C1)[O-:10])C1=CC=CC=C1>>CCCCCCN([C:20](=[O:10])OC(C(C([O-:21])CC)CCCCCC)C1=CC=CC=C1)C1=CC=CC=C1 10=20;20,21=21"
"[H][O+:10](C([H])C([H])C(C)[O]1)[C:20]1([NH:21]C6=CC=CC=C6)[O]C.[Cl-]>>[Cl-].[H][O:10]C([H])C([H])C(C)[O][C:20]([O]C)=[NH+:21]C6=CC=CC=C6 21=20;20,10=10"
"C1=CC=CC=C1N([C:20](=[O:10])OC(C(C([O-:21])C1=CC=CC=C1)[H])[H])C>>C1=CC=CC=C1N([C:20]1(OC(C(C([O:21]1)C1=CC=CC=C1)[H])[H])[O-:10])C 21=20;20,10=10"
"CC[S+:10]([H])[C:20]([O:21][H])([S]CC)[S]C7=CC=CC=C7.[Cl-]>>[Cl-].CC[S:10][H].[H][O+:21]=[C:20]([S]CC)[S]C7=CC=CC=C7 21=20;20,10=10"
"C[O:10][H].[H][O+:21]=[C:20]([S]CC)[S]C.[Cl-]>>[Cl-].C[O+:10]([H])[C:20]([O:21][H])([S]CC)[S]C 10=20;20,21=21"
"[H][NH+:10](C(C)C([H])C(C8=CC=CC=C8)[O]1)[C:20]1([NH:21][H])[O]C.[Cl-]>>[Cl-].[H][NH:10]C(C)C([H])C(C8=CC=CC=C8)[O][C:20]([O]C)=[NH+:21][H] 21=20;20,10=10"
"C[O+:21]=[C:20]2[O][CH]([H])[CH]([H])C(C8=CC=CC=C8)[O]2.CC[O:10][H].[Cl-]>>[Cl-].CC[O+:10]([H])[C:20]1([O:21]C)[O][CH]([H])C([H])[CH](C8=CC=CC=C8)[O]1 10=20;20,21=21"
"[O-:10]C(C)C(C)/C([H])=C(C)\[C:20](OCC)=[O:21]>>[O-:21][C:20]1(OCC)C(C)=C([H])C(C)C(C)[O:10]1 10=20;20,21=21"
"[H][NH+:10](C(CC)C(C)C(C)[NH]1)[C:20]1([NH:21]C6=CC=CC=C6)[O][H].[Cl-]>>[Cl-].[H][NH:10]C(CC)C(C)C(C)[NH][C:20]([O][H])=[NH+:21]C6=CC=CC=C6 21=20;20,10=10"
"[H][O:10]C(C9=CC=CC=C9)C([H])C(C)[S][C:20]([O]C7=CC=CC=C7)=[O+:21][H].[Cl-]>>[Cl-].[H][O+:10](C(C9=CC=CC=C9)C([H])C(C)[S]1)[C:20]1([O:21][H])[O]C7=CC=CC=C7 10=20;20,21=21"
"[H][O+:10]([H])[C:20]1([O:21][H])[S][CH](CC)C(C)[CH](CC)[O]1.[Cl-]>>[Cl-].[H][O+:21]=[C:20]2[S][CH](CC)[CH](C)C(CC)[O]2.[H][O:10][H] 21=20;20,10=10"
"[H][S:10]C(C9=CC=CC=C9)C([H])C(C)[S][C:20]([O][H])=[O+:21]C.[Cl-]>>[Cl-].[H][S+:10](C(C9=CC=CC=C9)C([H])C(C)[S]1)[C:20]1([O:21]C)[O][H] 10=20;20,21=21"
"C9=CC=CC=C9[S+:10]([H])[C:20]1([O:21]C)[O][CH](C)C([H])[CH]([H])[O]1.[Cl-]>>[Cl-].C[O+:21]=[C:20]2[O][CH](C)[CH]([H])C([H])[O]2.C9=CC=CC=C9[S:10][H] 21=20;20,10=10"
"C9=CC=CC=C9[S:10][H].[Si](C)(C)(C)[O+:21]=[C:20]([S]CC)[O]C.[Cl-]>>[Cl-].C9=CC=CC=C9[S+:10]([H])[C:20]([O:21][Si](C)(C)(C))([S]CC)[O]C 10=20;20,21=21"
"CC[NH+:21]=[C:20]2[NH][CH](C7=CC=CC=C7)[CH]([H])C(C)[NH]2.[H][O:10][H].[Cl-]>>[Cl-].[H][O+:10]([H])[C:20]1([NH:21]CC)[NH][CH](C7=CC=CC=C7)C([H])[CH](C)[NH]1 10=20;20,21=21"
"C[O+:10]([H])[C:20]([O:21][Si](C)(C)(C))([S][H])[S][H].[Cl-]>>[Cl-].C[O:10][H].[Si](C)(C)(C)[O+:21]=[C:20]([S][H])[S][H] 21=20;20,10=10"
"[Si](C)(C)(C)[O+:21]=[C:20]2[S]C(CC)C(CC)[S]2.[H][O:10][H].[Cl-]>>[Cl-].[H][O+:10]([H])[C:20]1([O:21][Si](C)(C)(C))[S]C(CC)C(CC)[S]1 10=20;20,21=21"
"[OH:10]C([H])C([H])/C(C)=C(C)\[C:20](C)=[OH+:21]>>[OH:21][C:20]1(C)C(C)=C(C)C([H])C([H])[OH+:10]1 10=20;20,21=21"
"C[O+:21]=[C:20]2[S][CH]([H])[CH](C)C(C)[S]2.C9=CC=CC=C9[S:10][H].[Cl-]>>[Cl-].C9=CC=CC=C9[S+:10]([H])[C:20]1([O:21]C)[S][CH]([H])C(C)[CH](C)[S]1 10=20;20,21=21"
"CC[S+:10]([H])[C:20]([O:21][Si](C)(C)(C))([S]C)[S]CC.[Cl-]>>[Cl-].CC[S:10][H].[Si](C)(C)(C)[O+:21]=[C:20]([S]C)[S]CC 21=20;20,10=10"
"[H][NH+:10](C(C)C(C)C(CC)[NH]1)[C:20]1([NH:21]C)[NH][H].[Cl-]>>[Cl-].[H][NH:10]C(C)C(C)C(CC)[NH][C:20]([NH][H])=[NH+:21]C 21=20;20,10=10"
"[H][S:10][H].[H][O+:21]=[C:20]([S]C8=CC=CC=C8)[O]C7=CC=CC=C7.[Cl-]>>[Cl-].[H][S+:10]([H])[C:20]([O:21][H])([S]C8=CC=CC=C8)[O]C7=CC=CC=C7 10=20;20,21=21"
"CN([C:20]1(OC(C(C([O:21]1)C1=CC=CC=C1)CC)[H])[O-:10])[H]>>CN([C:20](=[O:10])OC(C(C([O-:21])C1=CC=CC=C1)CC)[H])[H] 10=20;20,21=21"
"[H][O+:10](C(CC)C(C8=CC=CC=C8)[NH]1)[C:20]1([NH:21]CC)[NH]CC.[Cl-]>>[Cl-].[H][O:10]C(CC)C(C8=CC=CC=C8)[NH][C:20]([NH]CC)=[NH+:21]CC 21=20;20,10=10"
"C9=CC=CC=C9[NH+:10]([H])[C:20]1([NH:21]C)[NH]C(C)C(C8=CC=CC=C8)[NH]1.[Cl-]>>[Cl-].C[NH+:21]=[C:20]2[NH]C(C)C(C8=CC=CC=C8)[NH]2.C9=CC=CC=C9[NH:10][H] 21=20;20,10=10"
"[H][NH:10]C(CC)C(CC)[O][C:20]([NH]C)=[NH+:21][H].[Cl-]>>[Cl-].[H][NH+:10](C(CC)C(CC)[O]1)[C:20]1([NH:21][H])[NH]C 10=20;20,21=21"
"CC[O+:10]([H])[C:20]([NH:21]CC)([O]C8=CC=CC=C8)[NH]C7=CC=CC=C7.[Cl-]>>[Cl-].CC[O:10][H].CC[NH+:21]=[C:20]([O]C8=CC=CC=C8)[NH]C7=CC=CC=C7 21=20;20,10=10"
"[H][S+:10](C(C9=CC=CC=C9)C([H])[O]1)[C:20]1([O:21][Si](C)(C)(C))[S]C7=CC=CC=C7.[Cl-]>>[Cl-].[H][S:10]C(C9=CC=CC=C9)C([H])[O][C:20]([S]C7=CC=CC=C7)=[O+:21][Si](C)(C)(C) 21=20;20,10=10"
"[O:10]([Na])C(C)C(O)C([C:20](OC)=[O:21])[H]>>[O-:21][C:20]1(OC)[O+:10]([Na])C(C)C(O)C1[H] 10=20;20,21=21"
"[H][O+:10]([H])[C:20]1([O:21]C)[S][CH](C)C([H])[CH](C8=CC=CC=C8)[O]1.[Cl-]>>[Cl-].C[O+:21]=[C:20]2[S][CH](C)[CH]([H])C(C8=CC=CC=C8)[O]2.[H][O:10][H] 21=20;20,10=10"
"[H][NH+:21]=[C:20]2[NH]C([H])C(CC)[O]2.C[O:10][H].[Cl-]>>[Cl-].C[O+:10]([H])[C:20]1([NH:21][H])[NH]C([H])C(CC)[O]1 10=20;20,21=21"
"C[NH+:10]([H])[C:20]1([NH:21][H])[NH][CH](CC)C(C)[CH]([H])[NH]1.[Cl-]>>[Cl-].[H][NH+:21]=[C:20]2[NH][CH](CC)[CH](C)C([H])[NH]2.C[NH:10][H] 21=20;20,10=10"
"[O-:21][C:20]1(C)C(C)=C(C)C(C)C(CC)[O+:10]1([K])>>[O:10]([K])C(CC)C(C)/C(C)=C(C)\[C:20](C)=[O:21] 21=20;20,10=10"
"C(C(O[C:20](=[O:10])OC)[H])([O-:21])C1=CC=CC=C1>>C1(C([O:21][C:20](O1)([O-:10])OC)C1=CC=CC=C1)[H] 21=20;20,10=10"
"[H][NH+:10](C(C)C(C)C(CC)[O]1)[C:20]1([NH:21]CC)[NH]CC.[Cl-]>>[Cl-].[H][NH:10]C(C)C(C)C(CC)[O][C:20]([NH]CC)=[NH+:21]CC 21=20;20,10=10"
"[H][NH:10]C(CC)C(CC)[NH][C:20]([NH][H])=[NH+:21]C.[Cl-]>>[Cl-].[H][NH+:10](C(CC)C(CC)[NH]1)[C:20]1([NH:21]C)[NH][H] 10=20;20,21=21"
"[H]C1C(C(O[C:20](N1CCCCCC)([O-:10])[Cl:21])CCCCCC)[H]>>[H]C1C(C(O[C:20](=[O:10])N1CCCCCC)CCCCCC)[H].[Cl-:21] 10=20;20,21=21"
"[O:10]([K])C(C)C(O)C([C:20](OC)=[O:21])[H]>>[O-:21][C:20]1(OC)[O+:10]([K])C(C)C(O)C1[H] 10=20;20,21=21"
"[H][O+:10]([H])[C:20]1([O:21][H])[O][CH]([H])C(C)[CH](CC)[O]1.[Cl-]>>[Cl-].[H][O+:21]=[C:20]2[O][CH]([H])[CH](C)C(CC)[O]2.[H][O:10][H] 21=20;20,10=10"
"[H][O:10]C(C)C(C)C(C8=CC=CC=C8)[O][C:20]([O][H])=[NH+:21][H].[Cl-]>>[Cl-].[H][O+:10](C(C)C(C)C(C8=CC=CC=C8)[O]1)[C:20]1([NH:21][H])[O][H] 10=20;20,21=21"
"[H][S:10]C(CC)C(C)C(C)[S][C:20]([O]C7=CC=CC=C7)=[O+:21]C.[Cl-]>>[Cl-].[H][S+:10](C(CC)C(C)C(C)[S]1)[C:20]1([O:21]C)[O]C7=CC=CC=C7 10=20;20,21=21"
"[H][O+:10]([H])[C:20]1([NH:21]C)[NH]C(C7=CC=CC=C7)C(C)[NH]1.[Cl-]>>[Cl-].C[NH+:21]=[C:20]2[NH]C(C7=CC=CC=C7)C(C)[NH]2.[H][O:10][H] 21=20;20,10=10"
"[H][O+:10](C(CC)C(C)C(C)[NH]1)[C:20]1([NH:21]CC)[O]CC.[Cl-]>>[Cl-].[H][O:10]C(CC)C(C)C(C)[NH][C:20]([O]CC)=[NH+:21]CC 21=20;20,10=10"
"C1=CC=CC=C1C1C(C(O[C:20](N1C)([O-:10])[O:21][H])CC)CCCCCC>>C1=CC=CC=C1C1C(C(O[C:20](=[O:10])N1C)CC)CCCCCC.[O-:21][H] 10=20;20,21=21"
"[H][O:10]C(C)C(C8=CC=CC=C8)[NH][C:20]([NH]C7=CC=CC=C7)=[NH+:21]C.[Cl-]>>[Cl-].[H][O+:10](C(C)C(C8=CC=CC=C8)[NH]1)[C:20]1([NH:21]C)[NH]C7=CC=CC=C7 10=20;20,21=21"
"[H]C1C(C(O[C:20](N1CCCCCC)([O-:10])[O:21]CC)C1=CC=CC=C1)[H]>>[H]C1C(C(O[C:20](=[O:10])N1CCCCCC)C1=CC=CC=C1)[H].[O-:21]CC 10=20;20,21=21"
"C9=CC=CC=C9[S+:10]([H])[C:20]1([O:21][Si](C)(C)(C))[O]C(CC)C(CC)[O]1.[Cl-]>>[Cl-].[Si](C)(C)(C)[O+:21]=[C:20]2[O]C(CC)C(CC)[O]2.C9=CC=CC=C9[S:10][H] 21=20;20,10=10"
"[H]C1C(C(O[C:20](N1CCCCCC)([O-:10])[O:21]C1=CC=CC=C1)C)C>>[H]C1C(C(O[C:20](=[O:10])N1CCCCCC)C)C.[O-:21]C1=CC=CC=C1 10=20;20,21=21"
"C9=CC=CC=C9[O+:10]([H])[C:20]([NH:21]C)([O]C8=CC=CC=C8)[NH]C.[Cl-]>>[Cl-].C9=CC=CC=C9[O:10][H].C[NH+:21]=[C:20]([O]C8=CC=CC=C8)[NH]C 21=20;20,10=10"
"CC[NH+:21]=[C:20]2[O][CH](C)[CH]([H])C(CC)[O]2.[H][NH:10][H].[Cl-]>>[Cl-].[H][NH+:10]([H])[C:20]1([NH:21]CC)[O][CH](C)C([H])[CH](CC)[O]1 10=20;20,21=21"
"[H][NH+:10](C(C9=CC=CC=C9)C(C)C(CC)[NH]1)[C:20]1([NH:21]CC)[O]CC.[Cl-]>>[Cl-].[H][NH:10]C(C9=CC=CC=C9)C(C)C(CC)[NH][C:20]([O]CC)=[NH+:21]CC 21=20;20,10=10"
"[H][S+:10](C(C9=CC=CC=C9)C(C)C(C8=CC=CC=C8)[O]1)[C:20]1([O:21]C)[S][H].[Cl-]>>[Cl-].[H][S:10]C(C9=CC=CC=C9)C(C)C(C8=CC=CC=C8)[O][C:20]([S][H])=[O+:21]C 21=20;20,10=10"
"[H][O+:10](C([H])C([H])[NH]1)[C:20]1([NH:21]C)[NH]CC.[Cl-]>>[Cl-].[H][O:10]C([H])C([H])[NH][C:20]([NH]CC)=[NH+:21]C 21=20;20,10=10"
"CCCCCCC1C(C(O[C:20](=[O:10])N1CC)C)CC.[O-:21]CC>>CCCCCCC1C(C(O[C:20](N1CC)([O-:10])[O:21]CC)C)CC 21=20;20,10=10"
"[H][O+:21]=[C:20]2[S]C(CC)C([H])[O]2.[H][O:10][H].[Cl-]>>[Cl-].[H][O+:10]([H])[C:20]1([O:21][H])[S]C(CC)C([H])[O]1 10=20;20,21=21"
"C[NH+:21]=[C:20]2[NH][CH](C7=CC=CC=C7)[CH](C)C(C)[O]2.[H][NH:10][H].[Cl-]>>[Cl-].[H][NH+:10]([H])[C:20]1([NH:21]C)[NH][CH](C7=CC=CC=C7)C(C)[CH](C)[O]1 10=20;20,21=21"
"[O-:21][C:20]1(OC)C([H])C(C)=C([H])C(CC)[NH+:10]1([H])>>[NH:10]([H])C(CC)/C([H])=C(C)\C([H])[C:20](OC)=[O:21] 21=20;20,10=10"
"[H][NH+:21]=[C:20]2[NH]C(C7=CC=CC=C7)C(C)[O]2.CC[NH:10][H].[Cl-]>>[Cl-].CC[NH+:10]([H])[C:20]1([NH:21][H])[NH]C(C7=CC=CC=C7)C(C)[O]1 10=20;20,21=21"
"[H][S+:10](C(C9=CC=CC=C9)C([H])C(CC)[O]1)[C:20]1([O:21]C)[O]C7=CC=CC=C7.[Cl-]>>[Cl-].[H][S:10]C(C9=CC=CC=C9)C([H])C(CC)[O][C:20]([O]C7=CC=CC=C7)=[O+:21]C 21=20;20,10=10"
"[H][S+:10]([H])[C:20]1([O:21]C)[O][CH](C)C(C)[CH](C)[S]1.[Cl-]>>[Cl-].C[O+:21]=[C:20]2[O][CH](C)[CH](C)C(C)[S]2.[H][S:10][H] 21=20;20,10=10"
"CC[O+:10]([K])[C:21]([O-:20])(OCC)O[H]>>[O:20]=[C:21](OCC)O[H].CC[O:10][K] 20=21;21,10=10"
"[H][O:10]C([H])C(C)[O][C:20]([S]C7=CC=CC=C7)=[O+:21][H].[Cl-]>>[Cl-].[H][O+:10](C([H])C(C)[O]1)[C:20]1([O:21][H])[S]C7=CC=CC=C7 10=20;20,21=21"
"C9=CC=CC=C9[NH+:10]([H])[C:20]1([NH:21]CC)[NH]C([H])C(CC)[O]1.[Cl-]>>[Cl-].CC[NH+:21]=[C:20]2[NH]C([H])C(CC)[O]2.C9=CC=CC=C9[NH:10][H] 21=20;20,10=10"
"[H][O+:10]([H])[C:20]1([O:21]C)[S][CH](C)C(C)[CH]([H])[O]1.[Cl-]>>[Cl-].C[O+:21]=[C:20]2[S][CH](C)[CH](C)C([H])[O]2.[H][O:10][H] 21=20;20,10=10"
"CCCCCCN([C:20]1(OC(C(C([O:21]1)CCCCCC)CCCCCC)CCCCCC)[O-:10])CC>>CCCCCCN([C:20](=[O:10])OC(C(C([O-:21])CCCCCC)CCCCCC)CCCCCC)CC 10=20;20,21=21"
"C[O:10][H].CC[NH+:21]=[C:20]([NH]CC)[NH][H].[Cl-]>>[Cl-].C[O+:10]([H])[C:20]([NH:21]CC)([NH]CC)[NH][H] 10=20;20,21=21"
"CCCCCCN([C:20](=[O:10])OC(C(C([O-:21])C1=CC=CC=C1)[H])CC)C>>CCCCCCN([C:20]1(OC(C(C([O:21]1)C1=CC=CC=C1)[H])CC)[O-:10])C 21=20;20,10=10"
"[O-:21][C:20]1(C)C(C)=C(C)C(C)C([H])[O+:10]1([K])>>[O:10]([K])C([H])C(C)/C(C)=C(C)\[C:20](C)=[O:21] 21=20;20,10=10"
"C[NH+:10]([H])[C:20]1([NH:21][H])[NH][CH]([H])C([H])[CH](C)[O]1.[Cl-]>>[Cl-].[H][NH+:21]=[C:20]2[NH][CH]([H])[CH]([H])C(C)[O]2.C[NH:10][H] 21=20;20,10=10"
"[O-:21][C:20]1(OC)[O+:10]([K])C(CC)C([H])=C1[H]>>[O:10]([K])C(CC)/C([H])=C([C:20](OC)=[O:21])/[H] 21=20;20,10=10"
"[H][S:10][H].[H][O+:21]=[C:20]([O]C)[O]CC.[Cl-]>>[Cl-].[H][S+:10]([H])[C:20]([O:21][H])([O]C)[O]CC 10=20;20,21=21"
"[O:10]([K])C([H])/C([H])=C(C)\C(C)[C:20]([H])=[O:21]>>[O-:21][C:20]1([H])C(C)C(C)=C([H])C([H])[O+:10]1([K]) 10=20;20,21=21"
"C1(C(O[C:20]([O-:10])([O:21]C1CCCCCC)OC1=CC=CC=C1)CCCCCC)CCCCCC>>C(C([O-:21])CCCCCC)(C(O[C:20](=[O:10])OC1=CC=CC=C1)CCCCCC)CCCCCC 10=20;20,21=21"
"[H][O:10]C([H])C(CC)[S][C:20]([S]CC)=[O+:21][H].[Cl-]>>[Cl-].[H][O+:10](C([H])C(CC)[S]1)[C:20]1([O:21][H])[S]CC 10=20;20,21=21"
"[H][O+:21]=[C:20]2[O]C(C)C([H])[O]2.CC[O:10][H].[Cl-]>>[Cl-].CC[O+:10]([H])[C:20]1([O:21][H])[O]C(C)C([H])[O]1 10=20;20,21=21"
"[H][O:10]C(CC)C(C)[NH][C:20]([O]CC)=[NH+:21]C6=CC=CC=C6.[Cl-]>>[Cl-].[H][O+:10](C(CC)C(C)[NH]1)[C:20]1([NH:21]C6=CC=CC=C6)[O]CC 10=20;20,21=21"
"CC1C(C(O[C:20](N1[H])([O-:10])[O:21]CC)C)C>>CC1C(C(O[C:20](=[O:10])N1[H])C)C.[O-:21]CC 10=20;20,21=21"
"[O-:21][C:20]1(C)C([H])=C([H])C([H])C([H])[NH+:10]1(C)>>[NH:10](C)C([H])C([H])/C([H])=C([H])\[C:20](C)=[O:21] 21=20;20,10=10"
"C9=CC=CC=C9[O+:10]([H])[C:20]1([NH:21][H])[NH]C(C)C([H])[O]1.[Cl-]>>[Cl-].[H][NH+:21]=[C:20]2[NH]C(C)C([H])[O]2.C9=CC=CC=C9[O:10][H] 21=20;20,10=10"
"[H][NH+:10]([H])[C:20]1([NH:21]C)[NH][CH](C7=CC=CC=C7)C([H])[CH]([H])[NH]1.[Cl-]>>[Cl-].C[NH+:21]=[C:20]2[NH][CH](C7=CC=CC=C7)[CH]([H])C([H])[NH]2.[H][NH:10][H] 21=20;20,10=10"
"C1=CC=CC=C1C1C(C(O[C:20](N1CC)([O-:10])[O:21][H])CCCCCC)CCCCCC>>C1=CC=CC=C1C1C(C(O[C:20](=[O:10])N1CC)CCCCCC)CCCCCC.[O-:21][H] 10=20;20,21=21"
"[H][S+:10](C([H])C(CC)[O]1)[C:20]1([O:21]C)[S]CC.[Cl-]>>[Cl-].[H][S:10]C([H])C(CC)[O][C:20]([S]CC)=[O+:21]C 21=20;20,10=10"
"[H][O+:10](C(CC)C(C)C(C)[O]1)[C:20]1([O:21][H])[O]CC.[Cl-]>>[Cl-].[H][O:10]C(CC)C(C)C(C)[O][C:20]([O]CC)=[O+:21][H] 21=20;20,10=10"
"C[O+:21]=[C:20]2[S][CH]([H])[CH](C)C(C8=CC=CC=C8)[O]2.C9=CC=CC=C9[O:10][H].[Cl-]>>[Cl-].C9=CC=CC=C9[O+:10]([H])[C:20]1([O:21]C)[S][CH]([H])C(C)[CH](C8=CC=CC=C8)[O]1 10=20;20,21=21"
"[O-:21][C:20]1(OCC)[O+:10]([Na])C([H])C([H])=C1O>>[O:10]([Na])C([H])/C([H])=C([C:20](OCC)=[O:21])/O 21=20;20,10=10"
"[H][NH+:10](C(C9=CC=CC=C9)C([H])C(CC)[O]1)[C:20]1([NH:21]C)[O]C.[Cl-]>>[Cl-].[H][NH:10]C(C9=CC=CC=C9)C([H])C(CC)[O][C:20]([O]C)=[NH+:21]C 21=20;20,10=10"
"[H][NH+:10](C(CC)C([H])C(C)[NH]1)[C:20]1([NH:21][H])[O]CC.[Cl-]>>[Cl-].[H][NH:10]C(CC)C([H])C(C)[NH][C:20]([O]CC)=[NH+:21][H] 21=20;20,10=10"
"C1=CC=CC=C1C1C(O[C:20](N1C1=CC=CC=C1)([O-:10])[O:21]C)CC>>C1=CC=CC=C1C1C(O[C:20](=[O:10])N1C1=CC=CC=C1)CC.[O-:21]C 10=20;20,21=21"
"[H][O:10][H].C6=CC=CC=C6[NH+:21]=[C:20]([O]CC)[O]CC.[Cl-]>>[Cl-].[H][O+:10]([H])[C:20]([NH:21]C6=CC=CC=C6)([O]CC)[O]CC 10=20;20,21=21"
"[H][NH:10]C([H])C([H])C([H])[O][C:20]([NH][H])=[NH+:21]C6=CC=CC=C6.[Cl-]>>[Cl-].[H][NH+:10](C([H])C([H])C([H])[O]1)[C:20]1([NH:21]C6=CC=CC=C6)[NH][H] 10=20;20,21=21"
"C[O:10][CH:20]([I:21])C1=CC=CC=C1>>C[O+:10]=[CH:20]C1=CC=CC=C1.[I-:21] 10=20;20,21=21"
"CCCCCCC1C(C(O[C:20](=[O:10])N1[H])CCCCCC)CCCCCC.[O-:21]CCCCCC>>CCCCCCC1C(C(O[C:20](N1[H])([O-:10])[O:21]CCCCCC)CCCCCC)CCCCCC 21=20;20,10=10"
"[H][NH+:10](C(CC)C(C)C(C8=CC=CC=C8)[O]1)[C:20]1([NH:21]C)[NH]C.[Cl-]>>[Cl-].[H][NH:10]C(CC)C(C)C(C8=CC=CC=C8)[O][C:20]([NH]C)=[NH+:21]C 21=20;20,10=10"
"C[O+:21]=[C:20]2[S][CH](CC)[CH](C)C(CC)[S]2.C9=CC=CC=C9[O:10][H].[Cl-]>>[Cl-].C9=CC=CC=C9[O+:10]([H])[C:20]1([O:21]C)[S][CH](CC)C(C)[CH](CC)[S]1 10=20;20,21=21"
"C9=CC=CC=C9[NH+:10]([H])[C:20]([NH:21]CC)([O]C)[NH][H].[Cl-]>>[Cl-].C9=CC=CC=C9[NH:10][H].CC[NH+:21]=[C:20]([O]C)[NH][H] 21=20;20,10=10"
"[O-:21][C:20]2([NH+:10](C)C(C7=C2C=CC=C7)C)OC>>[NH:10](C)C(C(C=CC=C9)=C9[C:20](OC)=[O:21])C 21=20;20,10=10"
"[H][S+:10](C(C9=CC=CC=C9)C([H])C(C8=CC=CC=C8)[S]1)[C:20]1([O:21][H])[S]C.[Cl-]>>[Cl-].[H][S:10]C(C9=CC=CC=C9)C([H])C(C8=CC=CC=C8)[S][C:20]([S]C)=[O+:21][H] 21=20;20,10=10"
"[H][NH:10]C(C9=CC=CC=C9)C(C)C(CC)[O][C:20]([O][H])=[NH+:21]C.[Cl-]>>[Cl-].[H][NH+:10](C(C9=CC=CC=C9)C(C)C(CC)[O]1)[C:20]1([NH:21]C)[O][H] 10=20;20,21=21"
"[H][S:10]C([H])C([H])C(C8=CC=CC=C8)[O][C:20]([S]C)=[O+:21][H].[Cl-]>>[Cl-].[H][S+:10](C([H])C([H])C(C8=CC=CC=C8)[O]1)[C:20]1([O:21][H])[S]C 10=20;20,21=21"
"[H][O+:10](C(CC)C([H])[O]1)[C:20]1([O:21][Si](C)(C)(C))[O]C7=CC=CC=C7.[Cl-]>>[Cl-].[H][O:10]C(CC)C([H])[O][C:20]([O]C7=CC=CC=C7)=[O+:21][Si](C)(C)(C) 21=20;20,10=10"
"[O-:21][C:20]1(OCC)C(C)C(C)=C(C)C(CC)[O:10]1>>[O-:10]C(CC)/C(C)=C(C)\C(C)[C:20](OCC)=[O:21] 21=20;20,10=10"
"[H][S:10]C(CC)C([H])[O][C:20]([O]C7=CC=CC=C7)=[O+:21][H].[Cl-]>>[Cl-].[H][S+:10](C(CC)C([H])[O]1)[C:20]1([O:21][H])[O]C7=CC=CC=C7 10=20;20,21=21"
"C[O+:21]=[C:20]2[O][CH](C7=CC=CC=C7)[CH]([H])C([H])[O]2.C9=CC=CC=C9[O:10][H].[Cl-]>>[Cl-].C9=CC=CC=C9[O+:10]([H])[C:20]1([O:21]C)[O][CH](C7=CC=CC=C7)C([H])[CH]([H])[O]1 10=20;20,21=21"
"C[NH+:21]=[C:20]2[O][CH](CC)[CH]([H])C(C8=CC=CC=C8)[NH]2.C9=CC=CC=C9[O:10][H].[Cl-]>>[Cl-].C9=CC=CC=C9[O+:10]([H])[C:20]1([NH:21]C)[O][CH](CC)C([H])[CH](C8=CC=CC=C8)[NH]1 10=20;20,21=21"
"[H]N([C:20](=[O:10])OC(C(C([O-:21])C1=CC=CC=C1)C)CC)CC>>[H]N([C:20]1(OC(C(C([O:21]1)C1=CC=CC=C1)C)CC)[O-:10])CC 21=20;20,10=10"
"[H][O+:10]([H])[C:20]1([NH:21]CC)[NH][CH](CC)C([H])[CH](CC)[O]1.[Cl-]>>[Cl-].CC[NH+:21]=[C:20]2[NH][CH](CC)[CH]([H])C(CC)[O]2.[H][O:10][H] 21=20;20,10=10"
"[H][NH+:21]=[C:20]2[O][CH](C7=CC=CC=C7)[CH]([H])C(CC)[NH]2.CC[O:10][H].[Cl-]>>[Cl-].CC[O+:10]([H])[C:20]1([NH:21][H])[O][CH](C7=CC=CC=C7)C([H])[CH](CC)[NH]1 10=20;20,21=21"
"[H][O+:10](C(CC)C(C)C(C)[NH]1)[C:20]1([NH:21]C)[O]C.[Cl-]>>[Cl-].[H][O:10]C(CC)C(C)C(C)[NH][C:20]([O]C)=[NH+:21]C 21=20;20,10=10"
"[O-:10]C([H])C(C)C(C)C(C)[C:20](OCC)=[O:21]>>[O-:21][C:20]1(OCC)C(C)C(C)C(C)C([H])[O:10]1 10=20;20,21=21"
"[H][S+:10](C(CC)C(C)C(C)[S]1)[C:20]1([O:21]C)[O]C.[Cl-]>>[Cl-].[H][S:10]C(CC)C(C)C(C)[S][C:20]([O]C)=[O+:21]C 21=20;20,10=10"
"[O:10]([K])C(CCC)C(C)C([C:20](C)=[O:21])O>>[O-:21][C:20]1(C)[O+:10]([K])C(CCC)C(C)C1O 10=20;20,21=21"
"CCN([C:20](=[O:10])OC(C(C([O-:21])[H])CC)CC)CCCCCC>>CCN([C:20]1(OC(C(C([O:21]1)[H])CC)CC)[O-:10])CCCCCC 21=20;20,10=10"
"[NH:10](C)C(C)/C([H])=C(C)\C(C)[C:20](OCC)=[O:21]>>[O-:21][C:20]1(OCC)C(C)C(C)=C([H])C(C)[NH+:10]1(C) 10=20;20,21=21"
"CCCCCCN([C:20](=[O:10])OC(C(C([O-:21])C1=CC=CC=C1)CC)[H])CC>>CCCCCCN([C:20]1(OC(C(C([O:21]1)C1=CC=CC=C1)CC)[H])[O-:10])CC 21=20;20,10=10"
"[H][O:10]C(C9=CC=CC=C9)C([H])C(CC)[NH][C:20]([NH]C7=CC=CC=C7)=[NH+:21][H].[Cl-]>>[Cl-].[H][O+:10](C(C9=CC=CC=C9)C([H])C(CC)[NH]1)[C:20]1([NH:21][H])[NH]C7=CC=CC=C7 10=20;20,21=21"
"[H][O:10]C(CC)C(C)C(C)[O][C:20]([NH][H])=[NH+:21][H].[Cl-]>>[Cl-].[H][O+:10](C(CC)C(C)C(C)[O]1)[C:20]1([NH:21][H])[NH][H] 10=20;20,21=21"
"[H][S:10]C(C)C(C)C([H])[S][C:20]([O]C7=CC=CC=C7)=[O+:21]C.[Cl-]>>[Cl-].[H][S+:10](C(C)C(C)C([H])[S]1)[C:20]1([O:21]C)[O]C7=CC=CC=C7 10=20;20,21=21"
"[H][NH:10]C([H])C([H])C(C)[NH][C:20]([O][H])=[NH+:21]C.[Cl-]>>[Cl-].[H][NH+:10](C([H])C([H])C(C)[NH]1)[C:20]1([NH:21]C)[O][H] 10=20;20,21=21"
"C1=CC=CC=C1N([C:20](=[O:10])O[H])C.[O-:21]CCCCCC>>C1=CC=CC=C1N([C:20]([O-:10])(O[H])[O:21]CCCCCC)C 21=20;20,10=10"
"C1(C([O:21][C:20](O1)([O-:10])O[H])CCCCCC)CC>>C(C(O[C:20](=[O:10])O[H])CC)([O-:21])CCCCCC 10=20;20,21=21"
"[H][S+:10](C(CC)C(C)[O]1)[C:20]1([O:21][H])[S]CC.[Cl-]>>[Cl-].[H][S:10]C(CC)C(C)[O][C:20]([S]CC)=[O+:21][H] 21=20;20,10=10"
"[H][S+:10](C(C9=CC=CC=C9)C([H])C(CC)[S]1)[C:20]1([O:21]C)[O]C7=CC=CC=C7.[Cl-]>>[Cl-].[H][S:10]C(C9=CC=CC=C9)C([H])C(CC)[S][C:20]([O]C7=CC=CC=C7)=[O+:21]C 21=20;20,10=10"
"[H][O+:10](C(C9=CC=CC=C9)C(C)C([H])[O]1)[C:20]1([O:21][H])[O]C7=CC=CC=C7.[Cl-]>>[Cl-].[H][O:10]C(C9=CC=CC=C9)C(C)C([H])[O][C:20]([O]C7=CC=CC=C7)=[O+:21][H] 21=20;20,10=10"
"[NH:10]([H])C(C)C([H])C(C)C(O)[C:20](C)=[O:21]>>[O-:21][C:20]1(C)C(O)C(C)C([H])C(C)[NH+:10]1([H]) 10=20;20,21=21"
"C9=CC=CC=C9[NH+:10]([H])[C:20]1([NH:21]CC)[O][CH]([H])C(C)[CH](C8=CC=CC=C8)[O]1.[Cl-]>>[Cl-].CC[NH+:21]=[C:20]2[O][CH]([H])[CH](C)C(C8=CC=CC=C8)[O]2.C9=CC=CC=C9[NH:10][H] 21=20;20,10=10"
"C1=CC=CC=C1C1C(O[C:20](=[O:10])N1[H])CCCCCC.[O-:21]CCCCCC>>C1=CC=CC=C1C1C(O[C:20](N1[H])([O-:10])[O:21]CCCCCC)CCCCCC 21=20;20,10=10"
"C[NH+:10]([H])[C:20]([NH:21]C6=CC=CC=C6)([NH]C)[O][H].[Cl-]>>[Cl-].C[NH:10][H].C6=CC=CC=C6[NH+:21]=[C:20]([NH]C)[O][H] 21=20;20,10=10"
"C1=CC=CC=C1N([C:20](=[O:10])OC(C(C([O-:21])CC)CCCCCC)CC)C1=CC=CC=C1>>C1=CC=CC=C1N([C:20]1(OC(C(C([O:21]1)CC)CCCCCC)CC)[O-:10])C1=CC=CC=C1 21=20;20,10=10"
"[H][NH:10]C([H])C([H])C(C8=CC=CC=C8)[NH][C:20]([O]C)=[NH+:21]C6=CC=CC=C6.[Cl-]>>[Cl-].[H][NH+:10](C([H])C([H])C(C8=CC=CC=C8)[NH]1)[C:20]1([NH:21]C6=CC=CC=C6)[O]C 10=20;20,21=21"
"[H][O+:21]=[C:20]2[O][CH](CC)[CH]([H])C([H])[S]2.[H][S:10][H].[Cl-]>>[Cl-].[H][S+:10]([H])[C:20]1([O:21][H])[O][CH](CC)C([H])[CH]([H])[S]1 10=20;20,21=21"
"C[O:10][H].C6=CC=CC=C6[NH+:21]=[C:20]([O][H])[NH]CC.[Cl-]>>[Cl-].C[O+:10]([H])[C:20]([NH:21]C6=CC=CC=C6)([O][H])[NH]CC 10=20;20,21=21"
"[H]N([C:20](=[O:10])OC(C(C([O-:21])C1=CC=CC=C1)CC)C1=CC=CC=C1)CCCCCC>>[H]N([C:20]1(OC(C(C([O:21]1)C1=CC=CC=C1)CC)C1=CC=CC=C1)[O-:10])CCCCCC 21=20;20,10=10"
"CC[O+:10]([H])[C:20]1([NH:21]C6=CC=CC=C6)[NH][CH](C)C(C)[CH](C8=CC=CC=C8)[O]1.[Cl-]>>[Cl-].C6=CC=CC=C6[NH+:21]=[C:20]2[NH][CH](C)[CH](C)C(C8=CC=CC=C8)[O]2.CC[O:10][H] 21=20;20,10=10"
"[H][S:10]C([H])C(C)[O][C:20]([S][H])=[O+:21]C.[Cl-]>>[Cl-].[H][S+:10](C([H])C(C)[O]1)[C:20]1([O:21]C)[S][H] 10=20;20,21=21"
"[H][O+:10](C([H])C(C)C(CC)[S]1)[C:20]1([O:21]C)[S]C.[Cl-]>>[Cl-].[H][O:10]C([H])C(C)C(CC)[S][C:20]([S]C)=[O+:21]C 21=20;20,10=10"
"[O-:21][C:20]1([H])C([H])C([H])C(C)C(CCC)[O+:10]1([K])>>[O:10]([K])C(CCC)C(C)C([H])C([H])[C:20]([H])=[O:21] 21=20;20,10=10"
"CN([C:20]1(OC(C(C([O:21]1)CCCCCC)[H])CC)[O-:10])C>>CN([C:20](=[O:10])OC(C(C([O-:21])CCCCCC)[H])CC)C 10=20;20,21=21"
"[O-:10]C(C)/C(C)=C([H])\C([H])[C:20](OCC)=[O:21]>>[O-:21][C:20]1(OCC)C([H])C([H])=C(C)C(C)[O:10]1 10=20;20,21=21"
"[H][S+:10](C([H])C(C8=CC=CC=C8)[O]1)[C:20]1([O:21]C)[S][H].[Cl-]>>[Cl-].[H][S:10]C([H])C(C8=CC=CC=C8)[O][C:20]([S][H])=[O+:21]C 21=20;20,10=10"
"[H][NH+:21]=[C:20]2[O][CH](C)[CH]([H])C(CC)[NH]2.CC[O:10][H].[Cl-]>>[Cl-].CC[O+:10]([H])[C:20]1([NH:21][H])[O][CH](C)C([H])[CH](CC)[NH]1 10=20;20,21=21"
"CC[O+:10]([H])[C:20]([O:21][H])([O]CC)[O][H].[Cl-]>>[Cl-].CC[O:10][H].[H][O+:21]=[C:20]([O]CC)[O][H] 21=20;20,10=10"
"C(C([O-:21])[H])(C(O[C:20](=[O:10])OC)[H])C>>C1(C(O[C:20]([O-:10])([O:21]C1[H])OC)[H])C 21=20;20,10=10"
"CC[O+:10]([Li])[C:21]([O-:20])(OC)OCCCCCC>>[O:20]=[C:21](OC)OCCCCCC.CC[O:10][Li] 20=21;21,10=10"
"C[O+:21]=[C:20]2[O][CH](CC)[CH]([H])C(C)[S]2.C9=CC=CC=C9[S:10][H].[Cl-]>>[Cl-].C9=CC=CC=C9[S+:10]([H])[C:20]1([O:21]C)[O][CH](CC)C([H])[CH](C)[S]1 10=20;20,21=21"
"[H][NH+:21]=[C:20]2[O][CH](C7=CC=CC=C7)[CH](C)C([H])[NH]2.[H][NH:10][H].[Cl-]>>[Cl-].[H][NH+:10]([H])[C:20]1([NH:21][H])[O][CH](C7=CC=CC=C7)C(C)[CH]([H])[NH]1 10=20;20,21=21"
"[Si](C)(C)(C)[O+:21]=[C:20]2[O]C(C7=CC=CC=C7)C(CC)[S]2.[H][O:10][H].[Cl-]>>[Cl-].[H][O+:10]([H])[C:20]1([O:21][Si](C)(C)(C))[O]C(C7=CC=CC=C7)C(CC)[S]1 10=20;20,21=21"
"[O-:21][C:20]1([H])C([H])=C([H])C(C)C(CC)[NH+:10]1([H])>>[NH:10]([H])C(CC)C(C)/C([H])=C([H])\[C:20]([H])=[O:21] 21=20;20,10=10"
"C[O+:21]=[C:20]2[O][CH](CC)[CH](C)C(C)[O]2.[H][S:10][H].[Cl-]>>[Cl-].[H][S+:10]([H])[C:20]1([O:21]C)[O][CH](CC)C(C)[CH](C)[O]1 10=20;20,21=21"
"[H]N([C:20]1(OC(C(C([O:21]1)C)CCCCCC)C1=CC=CC=C1)[O-:10])CCCCCC>>[H]N([C:20](=[O:10])OC(C(C([O-:21])C)CCCCCC)C1=CC=CC=C1)CCCCCC 10=20;20,21=21"
"CCCCCCN([C:20](=[O:10])OC(C(C([O-:21])C)CC)C1=CC=CC=C1)[H]>>CCCCCCN([C:20]1(OC(C(C([O:21]1)C)CC)C1=CC=CC=C1)[O-:10])[H] 21=20;20,10=10"
"CC[NH+:21]=[C:20]2[O][CH]([H])[CH]([H])C([H])[O]2.C9=CC=CC=C9[NH:10][H].[Cl-]>>[Cl-].C9=CC=CC=C9[NH+:10]([H])[C:20]1([NH:21]CC)[O][CH]([H])C([H])[CH]([H])[O]1 10=20;20,21=21"
"[O:10]([K])C([H])C([H])/C(C)=C([H])\[C:20](OCC)=[O:21]>>[O-:21][C:20]1(OCC)C([H])=C(C)C([H])C([H])[O+:10]1([K]) 10=20;20,21=21"
"[H]N([C:20](=[O:10])OC(C(C([O-:21])CC)[H])CC)CC>>[H]N([C:20]1(OC(C(C([O:21]1)CC)[H])CC)[O-:10])CC 21=20;20,10=10"
"C6=CC=CC=C6[NH+:21]=[C:20]2[NH][CH](C)[CH](C)C(C)[O]2.C9=CC=CC=C9[O:10][H].[Cl-]>>[Cl-].C9=CC=CC=C9[O+:10]([H])[C:20]1([NH:21]C6=CC=CC=C6)[NH][CH](C)C(C)[CH](C)[O]1 10=20;20,21=21"
"[H][NH+:10](C(CC)C(C)C(C8=CC=CC=C8)[NH]1)[C:20]1([NH:21]C6=CC=CC=C6)[O][H].[Cl-]>>[Cl-].[H][NH:10]C(CC)C(C)C(C8=CC=CC=C8)[NH][C:20]([O][H])=[NH+:21]C6=CC=CC=C6 21=20;20,10=10"
"[H][O+:10](C(C)C([H])C(C8=CC=CC=C8)[NH]1)[C:20]1([NH:21]C)[O]CC.[Cl-]>>[Cl-].[H][O:10]C(C)C([H])C(C8=CC=CC=C8)[NH][C:20]([O]CC)=[NH+:21]C 21=20;20,10=10"
"[O-:10]C(C)C(C)N([C:20](OC)=[O:21])[H]>>[O-:21][C:20]1(OC)[O:10]C(C)C(C)N1[H] 10=20;20,21=21"
"[Li][O:21]CC.[C:20](=[O:10])(OC)OCC>>[Li][O+:21]([C:20]([O-:10])(OC)OCC)CC 21=20;20,10=10"
"[O-:21][C:20]1(C)[O:10]C([H])C([H])C1C>>[O-:10]C([H])C([H])C([C:20](C)=[O:21])C 21=20;20,10=10"
"[H][O+:21]=[C:20]2[S][CH](C)[CH](C)C([H])[O]2.C[O:10][H].[Cl-]>>[Cl-].C[O+:10]([H])[C:20]1([O:21][H])[S][CH](C)C(C)[CH]([H])[O]1 10=20;20,21=21"
"[O-:21][C:20]1(OC)[NH+:10]([H])C(C)C([H])C1C>>[NH:10]([H])C(C)C([H])C([C:20](OC)=[O:21])C 21=20;20,10=10"
"[O-:21][C:20]1(OCC)C(O)C([H])C([H])C(C)[O+:10]1([Na])>>[O:10]([Na])C(C)C([H])C([H])C(O)[C:20](OCC)=[O:21] 21=20;20,10=10"
"CC[NH+:21]=[C:20]2[O]C(C7=CC=CC=C7)C(C)[O]2.[H][NH:10][H].[Cl-]>>[Cl-].[H][NH+:10]([H])[C:20]1([NH:21]CC)[O]C(C7=CC=CC=C7)C(C)[O]1 10=20;20,21=21"
"[O-:21][C:20]1(C)C([H])=C(C)C(C)C(CC)[O:10]1>>[O-:10]C(CC)C(C)/C(C)=C([H])\[C:20](C)=[O:21] 21=20;20,10=10"
"C[O+:10]([H])[C:20]1([NH:21][H])[NH][CH](C)C(C)[CH]([H])[O]1.[Cl-]>>[Cl-].[H][NH+:21]=[C:20]2[NH][CH](C)[CH](C)C([H])[O]2.C[O:10][H] 21=20;20,10=10"
"CC1C(C(O[C:20](N1CCCCCC)([O-:10])[Cl:21])C)C1=CC=CC=C1>>CC1C(C(O[C:20](=[O:10])N1CCCCCC)C)C1=CC=CC=C1.[Cl-:21] 10=20;20,21=21"
"[H][O+:10](C([H])C(C8=CC=CC=C8)[NH]1)[C:20]1([NH:21]C6=CC=CC=C6)[O]C7=CC=CC=C7.[Cl-]>>[Cl-].[H][O:10]C([H])C(C8=CC=CC=C8)[NH][C:20]([O]C7=CC=CC=C7)=[NH+:21]C6=CC=CC=C6 21=20;20,10=10"
"CC[NH+:10]([H])[C:20]1([NH:21][H])[NH]C(CC)C(C8=CC=CC=C8)[NH]1.[Cl-]>>[Cl-].[H][NH+:21]=[C:20]2[NH]C(CC)C(C8=CC=CC=C8)[NH]2.CC[NH:10][H] 21=20;20,10=10"
"[H][O:10]C(C)C([H])C([H])[O][C:20]([NH]CC)=[NH+:21][H].[Cl-]>>[Cl-].[H][O+:10](C(C)C([H])C([H])[O]1)[C:20]1([NH:21][H])[NH]CC 10=20;20,21=21"
"C9=CC=CC=C9[NH+:10]([H])[C:20]1([NH:21][H])[O][CH](C7=CC=CC=C7)C([H])[CH](CC)[O]1.[Cl-]>>[Cl-].[H][NH+:21]=[C:20]2[O][CH](C7=CC=CC=C7)[CH]([H])C(CC)[O]2.C9=CC=CC=C9[NH:10][H] 21=20;20,10=10"
"[O-:21][C:20]1(OC)C(O)C([H])C([H])C(C)[NH+:10]1([H])>>[NH:10]([H])C(C)C([H])C([H])C(O)[C:20](OC)=[O:21] 21=20;20,10=10"
"[H][O+:21]=[C:20]2[O]C(C)C(CC)[S]2.CC[S:10][H].[Cl-]>>[Cl-].CC[S+:10]([H])[C:20]1([O:21][H])[O]C(C)C(CC)[S]1 10=20;20,21=21"
"C1(C([O:21][C:20](O1)([O-:10])OC1=CC=CC=C1)[H])CC>>C(C(O[C:20](=[O:10])OC1=CC=CC=C1)CC)([O-:21])[H] 10=20;20,21=21"
"[H][S:10]C(C)C(C8=CC=CC=C8)[S][C:20]([O][H])=[O+:21]C.[Cl-]>>[Cl-].[H][S+:10](C(C)C(C8=CC=CC=C8)[S]1)[C:20]1([O:21]C)[O][H] 10=20;20,21=21"
"[O-:21][C:20]1(OC)C([H])C(C)C([H])C([H])[O+:10]1([Na])>>[O:10]([Na])C([H])C([H])C(C)C([H])[C:20](OC)=[O:21] 21=20;20,10=10"
"CC[O+:10]([H])[C:20]1([O:21][H])[S][CH](C7=CC=CC=C7)C([H])[CH](CC)[S]1.[Cl-]>>[Cl-].[H][O+:21]=[C:20]2[S][CH](C7=CC=CC=C7)[CH]([H])C(CC)[S]2.CC[O:10][H] 21=20;20,10=10"
"CC[NH+:10]([H])[C:20]1([NH:21]C6=CC=CC=C6)[NH][CH](CC)C(C)[CH](C8=CC=CC=C8)[O]1.[Cl-]>>[Cl-].C6=CC=CC=C6[NH+:21]=[C:20]2[NH][CH](CC)[CH](C)C(C8=CC=CC=C8)[O]2.CC[NH:10][H] 21=20;20,10=10"
"[H]N([C:20]([O-:10])(OC1=CC=CC=C1)[O:21]C)CC>>[H]N([C:20](=[O:10])OC1=CC=CC=C1)CC.[O-:21]C 10=20;20,21=21"
"[H][O:10]C([H])C(CC)[O][C:20]([O]C)=[O+:21][H].[Cl-]>>[Cl-].[H][O+:10](C([H])C(CC)[O]1)[C:20]1([O:21][H])[O]C 10=20;20,21=21"
"[O:10]([Na])C([H])/C(O)=C([C:20](C)=[O:21])/C>>[O-:21][C:20]1(C)[O+:10]([Na])C([H])C(O)=C1C 10=20;20,21=21"
"[H][O:10]C([H])C([H])C(C8=CC=CC=C8)[S][C:20]([O][H])=[O+:21]C.[Cl-]>>[Cl-].[H][O+:10](C([H])C([H])C(C8=CC=CC=C8)[S]1)[C:20]1([O:21]C)[O][H] 10=20;20,21=21"
"[H]C1C(O[C:20](=[O:10])N1CCCCCC)[H].[O-:21]CC>>[H]C1C(O[C:20](N1CCCCCC)([O-:10])[O:21]CC)[H] 21=20;20,10=10"
"[H][S+:10](C(C)C(C8=CC=CC=C8)[S]1)[C:20]1([O:21][H])[O]CC.[Cl-]>>[Cl-].[H][S:10]C(C)C(C8=CC=CC=C8)[S][C:20]([O]CC)=[O+:21][H] 21=20;20,10=10"
"[H][S+:10](C(CC)C(C8=CC=CC=C8)[O]1)[C:20]1([O:21]C)[S]C7=CC=CC=C7.[Cl-]>>[Cl-].[H][S:10]C(CC)C(C8=CC=CC=C8)[O][C:20]([S]C7=CC=CC=C7)=[O+:21]C 21=20;20,10=10"
"CC[O+:10]([H])[C:20]1([O:21][H])[O]C(C)C(C)[O]1.[Cl-]>>[Cl-].[H][O+:21]=[C:20]2[O]C(C)C(C)[O]2.CC[O:10][H] 21=20;20,10=10"
"[O-:21][C:20]1([H])C(O)C(O)C(C)C(C)[NH+:10]1([H])>>[NH:10]([H])C(C)C(C)C(O)C(O)[C:20]([H])=[O:21] 21=20;20,10=10"
"[H][O:10]C([H])C(C)C(C)[NH][C:20]([O]C7=CC=CC=C7)=[NH+:21][H].[Cl-]>>[Cl-].[H][O+:10](C([H])C(C)C(C)[NH]1)[C:20]1([NH:21][H])[O]C7=CC=CC=C7 10=20;20,21=21"
"CN([C:20]1(OC(C([O:21]1)[H])C)[O-:10])CCCCCC>>CN([C:20](=[O:10])OC(C([O-:21])[H])C)CCCCCC 10=20;20,21=21"
"[H][O+:10]([H])[C:20]1([NH:21]C6=CC=CC=C6)[NH]C(CC)C(C)[O]1.[Cl-]>>[Cl-].C6=CC=CC=C6[NH+:21]=[C:20]2[NH]C(CC)C(C)[O]2.[H][O:10][H] 21=20;20,10=10"
"[H][NH+:21]=[C:20]2[NH][CH]([H])[CH](C)C(CC)[NH]2.[H][NH:10][H].[Cl-]>>[Cl-].[H][NH+:10]([H])[C:20]1([NH:21][H])[NH][CH]([H])C(C)[CH](CC)[NH]1 10=20;20,21=21"
"[H][O:10]C(CC)C(C)C(C)[NH][C:20]([O]C7=CC=CC=C7)=[NH+:21]C.[Cl-]>>[Cl-].[H][O+:10](C(CC)C(C)C(C)[NH]1)[C:20]1([NH:21]C)[O]C7=CC=CC=C7 10=20;20,21=21"
"C[NH+:21]=[C:20]2[O][CH](CC)[CH]([H])C([H])[O]2.C9=CC=CC=C9[NH:10][H].[Cl-]>>[Cl-].C9=CC=CC=C9[NH+:10]([H])[C:20]1([NH:21]C)[O][CH](CC)C([H])[CH]([H])[O]1 10=20;20,21=21"
"[H][O:10]C(C9=CC=CC=C9)C([H])C(C8=CC=CC=C8)[O][C:20]([S]C7=CC=CC=C7)=[O+:21]C.[Cl-]>>[Cl-].[H][O+:10](C(C9=CC=CC=C9)C([H])C(C8=CC=CC=C8)[O]1)[C:20]1([O:21]C)[S]C7=CC=CC=C7 10=20;20,21=21"
"[H][O+:10](C(C)C(C8=CC=CC=C8)[O]1)[C:20]1([NH:21][H])[O][H].[Cl-]>>[Cl-].[H][O:10]C(C)C(C8=CC=CC=C8)[O][C:20]([O][H])=[NH+:21][H] 21=20;20,10=10"
"C[O+:21]=[C:20]2[S]C([H])C(C)[S]2.[H][O:10][H].[Cl-]>>[Cl-].[H][O+:10]([H])[C:20]1([O:21]C)[S]C([H])C(C)[S]1 10=20;20,21=21"
"C[S:10][H].[H][O+:21]=[C:20]([S]C8=CC=CC=C8)[S]C7=CC=CC=C7.[Cl-]>>[Cl-].C[S+:10]([H])[C:20]([O:21][H])([S]C8=CC=CC=C8)[S]C7=CC=CC=C7 10=20;20,21=21"
"[H][NH+:21]=[C:20]2[O][CH](CC)[CH]([H])C([H])[NH]2.C9=CC=CC=C9[NH:10][H].[Cl-]>>[Cl-].C9=CC=CC=C9[NH+:10]([H])[C:20]1([NH:21][H])[O][CH](CC)C([H])[CH]([H])[NH]1 10=20;20,21=21"
"[H]C1C(C(O[C:20](N1[H])([O-:10])[O:21]CCCCCC)CC)CC>>[H]C1C(C(O[C:20](=[O:10])N1[H])CC)CC.[O-:21]CCCCCC 10=20;20,21=21"
"C[O+:10]([H])[C:20]1([O:21]C)[O][CH]([H])C(C)[CH](CC)[O]1.[Cl-]>>[Cl-].C[O+:21]=[C:20]2[O][CH]([H])[CH](C)C(CC)[O]2.C[O:10][H] 21=20;20,10=10"
"[H][S:10]C([H])C(CC)[O][C:20]([O]C)=[O+:21][H].[Cl-]>>[Cl-].[H][S+:10](C([H])C(CC)[O]1)[C:20]1([O:21][H])[O]C 10=20;20,21=21"
"C1=CC=CC=C1N([C:20](=[O:10])OC(C(C([O-:21])C1=CC=CC=C1)CCCCCC)CCCCCC)CCCCCC>>C1=CC=CC=C1N([C:20]1(OC(C(C([O:21]1)C1=CC=CC=C1)CCCCCC)CCCCCC)[O-:10])CCCCCC 21=20;20,10=10"
"[H][O:10]C(C9=CC=CC=C9)C(C8=CC=CC=C8)[S][C:20]([S]C)=[O+:21][Si](C)(C)(C).[Cl-]>>[Cl-].[H][O+:10](C(C9=CC=CC=C9)C(C8=CC=CC=C8)[S]1)[C:20]1([O:21][Si](C)(C)(C))[S]C 10=20;20,21=21"
"[H][O+:10](C(C)C([H])C(C)[O]1)[C:20]1([NH:21][H])[NH]C.[Cl-]>>[Cl-].[H][O:10]C(C)C([H])C(C)[O][C:20]([NH]C)=[NH+:21][H] 21=20;20,10=10"
"[H][NH+:10](C(CC)C(CC)[O]1)[C:20]1([NH:21]C6=CC=CC=C6)[NH]CC.[Cl-]>>[Cl-].[H][NH:10]C(CC)C(CC)[O][C:20]([NH]CC)=[NH+:21]C6=CC=CC=C6 21=20;20,10=10"
"[H]N([C:20](=[O:10])OC(C([O-:21])C1=CC=CC=C1)CCCCCC)CCCCCC>>[H]N([C:20]1(OC(C([O:21]1)C1=CC=CC=C1)CCCCCC)[O-:10])CCCCCC 21=20;20,10=10"
"[H][S:10]C(C9=CC=CC=C9)C([H])[O][C:20]([O]CC)=[O+:21]C.[Cl-]>>[Cl-].[H][S+:10](C(C9=CC=CC=C9)C([H])[O]1)[C:20]1([O:21]C)[O]CC 10=20;20,21=21"
"[H][S:10]C([H])C(CC)[O][C:20]([O]C7=CC=CC=C7)=[O+:21]C.[Cl-]>>[Cl-].[H][S+:10](C([H])C(CC)[O]1)[C:20]1([O:21]C)[O]C7=CC=CC=C7 10=20;20,21=21"
"[O:10]([K])C(CCC)/C(O)=C([C:20](C)=[O:21])/C>>[O-:21][C:20]1(C)[O+:10]([K])C(CCC)C(O)=C1C 10=20;20,21=21"
"CC1C(C(O[C:20](N1C)([O-:10])[Cl:21])CC)CC>>CC1C(C(O[C:20](=[O:10])N1C)CC)CC.[Cl-:21] 10=20;20,21=21"
"C1=CC=CC=C1[O+:10]([Na])[C:21]([O-:20])(OCC)OC1=CC=CC=C1>>[O:20]=[C:21](OCC)OC1=CC=CC=C1.C1=CC=CC=C1[O:10][Na] 20=21;21,10=10"
"[H][NH+:10](C([H])C([H])C(CC)[O]1)[C:20]1([NH:21][H])[O]CC.[Cl-]>>[Cl-].[H][NH:10]C([H])C([H])C(CC)[O][C:20]([O]CC)=[NH+:21][H] 21=20;20,10=10"
"[H][S+:10](C(C)C([H])C([H])[S]1)[C:20]1([O:21]C)[O]C.[Cl-]>>[Cl-].[H][S:10]C(C)C([H])C([H])[S][C:20]([O]C)=[O+:21]C 21=20;20,10=10"
"C[NH+:21]=[C:20]2[O][CH]([H])[CH]([H])C([H])[O]2.CC[O:10][H].[Cl-]>>[Cl-].CC[O+:10]([H])[C:20]1([NH:21]C)[O][CH]([H])C([H])[CH]([H])[O]1 10=20;20,21=21"
"[O:10]([K])C([H])/C([H])=C([C:20]([H])=[O:21])/O>>[O-:21][C:20]1([H])[O+:10]([K])C([H])C([H])=C1O 10=20;20,21=21"
"CC[NH+:21]=[C:20]2[NH][CH](C7=CC=CC=C7)[CH]([H])C(C8=CC=CC=C8)[O]2.C[O:10][H].[Cl-]>>[Cl-].C[O+:10]([H])[C:20]1([NH:21]CC)[NH][CH](C7=CC=CC=C7)C([H])[CH](C8=CC=CC=C8)[O]1 10=20;20,21=21"
"C9=CC=CC=C9[S:10][H].C[O+:21]=[C:20]([S][H])[S]C.[Cl-]>>[Cl-].C9=CC=CC=C9[S+:10]([H])[C:20]([O:21]C)([S][H])[S]C 10=20;20,21=21"
"[Si](C)(C)(C)[O+:21]=[C:20]2[O]C(C)C(C8=CC=CC=C8)[O]2.C[S:10][H].[Cl-]>>[Cl-].C[S+:10]([H])[C:20]1([O:21][Si](C)(C)(C))[O]C(C)C(C8=CC=CC=C8)[O]1 10=20;20,21=21"
"CCC1C(O[C:20](N1C)([O-:10])[O:21]CCCCCC)CC>>CCC1C(O[C:20](=[O:10])N1C)CC.[O-:21]CCCCCC 10=20;20,21=21"
"[H][O:10]C(C9=CC=CC=C9)C(C)C(C8=CC=CC=C8)[O][C:20]([S]C)=[O+:21]C.[Cl-]>>[Cl-].[H][O+:10](C(C9=CC=CC=C9)C(C)C(C8=CC=CC=C8)[O]1)[C:20]1([O:21]C)[S]C 10=20;20,21=21"
"CC[NH+:10]([H])[C:20]1([NH:21][H])[O][CH]([H])C([H])[CH]([H])[NH]1.[Cl-]>>[Cl-].[H][NH+:21]=[C:20]2[O][CH]([H])[CH]([H])C([H])[NH]2.CC[NH:10][H] 21=20;20,10=10"
"[O-:21][C:20]1(OCC)C([H])=C([H])C(C)C(CCC)[O+:10]1([Na])>>[O:10]([Na])C(CCC)C(C)/C([H])=C([H])\[C:20](OCC)=[O:21] 21=20;20,10=10"
"C9=CC=CC=C9[S+:10]([H])[C:20]([O:21]C)([S]C8=CC=CC=C8)[O][H].[Cl-]>>[Cl-].C9=CC=CC=C9[S:10][H].C[O+:21]=[C:20]([S]C8=CC=CC=C8)[O][H] 21=20;20,10=10"
"[O:20]=[C:21](O[H])OCCCCCC.C1=CC=CC=C1[O:10][K]>>C1=CC=CC=C1[O+:10]([K])[C:21]([O-:20])(O[H])OCCCCCC 10=21;21,20=20"
"CCCCCCC1C(C(O[C:20](N1CCCCCC)([O-:10])[O:21]C1=CC=CC=C1)[H])CC>>CCCCCCC1C(C(O[C:20](=[O:10])N1CCCCCC)[H])CC.[O-:21]C1=CC=CC=C1 10=20;20,21=21"
"CC[O+:10]([H])[C:20]1([NH:21]C)[NH][CH](CC)C([H])[CH](C8=CC=CC=C8)[O]1.[Cl-]>>[Cl-].C[NH+:21]=[C:20]2[NH][CH](CC)[CH]([H])C(C8=CC=CC=C8)[O]2.CC[O:10][H] 21=20;20,10=10"
"CCN([C:20](=[O:10])OC1=CC=CC=C1)C.[O-:21][H]>>CCN([C:20]([O-:10])(OC1=CC=CC=C1)[O:21][H])C 21=20;20,10=10"
"C6=CC=CC=C6[NH+:21]=[C:20]2[O][CH](C7=CC=CC=C7)[CH]([H])C(CC)[NH]2.C[NH:10][H].[Cl-]>>[Cl-].C[NH+:10]([H])[C:20]1([NH:21]C6=CC=CC=C6)[O][CH](C7=CC=CC=C7)C([H])[CH](CC)[NH]1 10=20;20,21=21"
"C[NH+:10]([H])[C:20]([NH:21]C6=CC=CC=C6)([NH]C8=CC=CC=C8)[NH]C7=CC=CC=C7.[Cl-]>>[Cl-].C[NH:10][H].C6=CC=CC=C6[NH+:21]=[C:20]([NH]C8=CC=CC=C8)[NH]C7=CC=CC=C7 21=20;20,10=10"
"CC[O+:10]([Li])[C:21]([O-:20])(OCCCCCC)OC>>[O:20]=[C:21](OCCCCCC)OC.CC[O:10][Li] 20=21;21,10=10"
"[O-:10]C(C)/C(C)=C([H])\C(C)[C:20](C)=[O:21]>>[O-:21][C:20]1(C)C(C)C([H])=C(C)C(C)[O:10]1 10=20;20,21=21"
"C9=CC=CC=C9[NH+:10]([H])[C:20]1([NH:21]C6=CC=CC=C6)[NH]C(C7=CC=CC=C7)C(C8=CC=CC=C8)[NH]1.[Cl-]>>[Cl-].C6=CC=CC=C6[NH+:21]=[C:20]2[NH]C(C7=CC=CC=C7)C(C8=CC=CC=C8)[NH]2.C9=CC=CC=C9[NH:10][H] 21=20;20,10=10"
"[H][NH+:21]=[C:20]2[NH][CH]([H])[CH]([H])C([H])[NH]2.CC[O:10][H].[Cl-]>>[Cl-].CC[O+:10]([H])[C:20]1([NH:21][H])[NH][CH]([H])C([H])[CH]([H])[NH]1 10=20;20,21=21"
"[NH:10]([H])C(C)C([H])C(C)C([H])[C:20]([H])=[O:21]>>[O-:21][C:20]1([H])C([H])C(C)C([H])C(C)[NH+:10]1([H]) 10=20;20,21=21"
"CCCCCCC1C(C(O[C:20](=[O:10])N1C)C)C.[O-:21][H]>>CCCCCCC1C(C(O[C:20](N1C)([O-:10])[O:21][H])C)C 21=20;20,10=10"
"CCC1C(C(O[C:20](=[O:10])N1CC)[H])C.[O-:21][H]>>CCC1C(C(O[C:20](N1CC)([O-:10])[O:21][H])[H])C 21=20;20,10=10"
"[H][O:10]C(C)C(C8=CC=CC=C8)[O][C:20]([NH]CC)=[NH+:21]C6=CC=CC=C6.[Cl-]>>[Cl-].[H][O+:10](C(C)C(C8=CC=CC=C8)[O]1)[C:20]1([NH:21]C6=CC=CC=C6)[NH]CC 10=20;20,21=21"
"[H][S:10]C(C)C(CC)[S][C:20]([S]CC)=[O+:21][Si](C)(C)(C).[Cl-]>>[Cl-].[H][S+:10](C(C)C(CC)[S]1)[C:20]1([O:21][Si](C)(C)(C))[S]CC 10=20;20,21=21"
"C1=CC=CC=C1N([C:20](=[O:10])OC1=CC=CC=C1)[H].[O-:21]C1=CC=CC=C1>>C1=CC=CC=C1N([C:20]([O-:10])(OC1=CC=CC=C1)[O:21]C1=CC=CC=C1)[H] 21=20;20,10=10"
"CC1C(C(O[C:20](N1C)([O-:10])[O:21]CCCCCC)CC)[H]>>CC1C(C(O[C:20](=[O:10])N1C)CC)[H].[O-:21]CCCCCC 10=20;20,21=21"
"C[S:10][H].C[O+:21]=[C:20]([S]CC)[S]CC.[Cl-]>>[Cl-].C[S+:10]([H])[C:20]([O:21]C)([S]CC)[S]CC 10=20;20,21=21"
"[NH:10]([H])C(C)C(C)C(C)C(O)[C:20](OC)=[O:21]>>[O-:21][C:20]1(OC)C(O)C(C)C(C)C(C)[NH+:10]1([H]) 10=20;20,21=21"
"[H][O:10][H].[H][NH+:21]=[C:20]([O]C8=CC=CC=C8)[NH]C7=CC=CC=C7.[Cl-]>>[Cl-].[H][O+:10]([H])[C:20]([NH:21][H])([O]C8=CC=CC=C8)[NH]C7=CC=CC=C7 10=20;20,21=21"
"[H][NH:10]C(CC)C(C)C(C)[O][C:20]([NH]CC)=[NH+:21]C6=CC=CC=C6.[Cl-]>>[Cl-].[H][NH+:10](C(CC)C(C)C(C)[O]1)[C:20]1([NH:21]C6=CC=CC=C6)[NH]CC 10=20;20,21=21"
"[H][S+:10]([H])[C:20]1([O:21][H])[S]C(CC)C(CC)[O]1.[Cl-]>>[Cl-].[H][O+:21]=[C:20]2[S]C(CC)C(CC)[O]2.[H][S:10][H] 21=20;20,10=10"
"CC[NH+:21]=[C:20]2[NH][CH](CC)[CH]([H])C(CC)[O]2.[H][NH:10][H].[Cl-]>>[Cl-].[H][NH+:10]([H])[C:20]1([NH:21]CC)[NH][CH](CC)C([H])[CH](CC)[O]1 10=20;20,21=21"
"[H][O+:10](C(CC)C(C8=CC=CC=C8)[S]1)[C:20]1([O:21][H])[O]C7=CC=CC=C7.[Cl-]>>[Cl-].[H][O:10]C(CC)C(C8=CC=CC=C8)[S][C:20]([O]C7=CC=CC=C7)=[O+:21][H] 21=20;20,10=10"
"C9=CC=CC=C9[NH+:10]([H])[C:20]1([NH:21][H])[NH][CH](CC)C(C)[CH](CC)[O]1.[Cl-]>>[Cl-].[H][NH+:21]=[C:20]2[NH][CH](CC)[CH](C)C(CC)[O]2.C9=CC=CC=C9[NH:10][H] 21=20;20,10=10"
"CCCCCCN([C:20]([O-:10])(OCCCCCC)[O:21]C)[H]>>CCCCCCN([C:20](=[O:10])OCCCCCC)[H].[O-:21]C 10=20;20,21=21"
"C9=CC=CC=C9[O+:10]([H])[C:20]1([NH:21]C6=CC=CC=C6)[NH][CH](CC)C([H])[CH]([H])[NH]1.[Cl-]>>[Cl-].C6=CC=CC=C6[NH+:21]=[C:20]2[NH][CH](CC)[CH]([H])C([H])[NH]2.C9=CC=CC=C9[O:10][H] 21=20;20,10=10"
"[H][O+:21]=[C:20]2[S][CH](C7=CC=CC=C7)[CH]([H])C([H])[S]2.CC[S:10][H].[Cl-]>>[Cl-].CC[S+:10]([H])[C:20]1([O:21][H])[S][CH](C7=CC=CC=C7)C([H])[CH]([H])[S]1 10=20;20,21=21"
"C[O+:21]=[C:20]2[S][CH](C)[CH](C)C(CC)[O]2.C9=CC=CC=C9[S:10][H].[Cl-]>>[Cl-].C9=CC=CC=C9[S+:10]([H])[C:20]1([O:21]C)[S][CH](C)C(C)[CH](CC)[O]1 10=20;20,21=21"
"CCN([C:20](=[O:10])OC(C(C([O-:21])CCCCCC)C)CCCCCC)C1=CC=CC=C1>>CCN([C:20]1(OC(C(C([O:21]1)CCCCCC)C)CCCCCC)[O-:10])C1=CC=CC=C1 21=20;20,10=10"
"[H][O+:10](C(CC)C([H])C(CC)[O]1)[C:20]1([NH:21]C)[O]C.[Cl-]>>[Cl-].[H][O:10]C(CC)C([H])C(CC)[O][C:20]([O]C)=[NH+:21]C 21=20;20,10=10"
"[H][O+:21]=[C:20]2[S][CH](C7=CC=CC=C7)[CH](C)C([H])[O]2.C[O:10][H].[Cl-]>>[Cl-].C[O+:10]([H])[C:20]1([O:21][H])[S][CH](C7=CC=CC=C7)C(C)[CH]([H])[O]1 10=20;20,21=21"
"[O-:21][C:20]1(OCC)C(C)C([H])=C(C)C(C)[O:10]1>>[O-:10]C(C)/C(C)=C([H])\C(C)[C:20](OCC)=[O:21] 21=20;20,10=10"
"[H][O:10]C([H])C([H])C(C)[O][C:20]([NH][H])=[NH+:21]C.[Cl-]>>[Cl-].[H][O+:10](C([H])C([H])C(C)[O]1)[C:20]1([NH:21]C)[NH][H] 10=20;20,21=21"
"C1=CC=CC=C1C1C(O[C:20](N1[H])([O-:10])[O:21]C)[H]>>C1=CC=CC=C1C1C(O[C:20](=[O:10])N1[H])[H].[O-:21]C 10=20;20,21=21"
"CCC1C(C(O[C:20](N1CC)([O-:10])[O:21]C1=CC=CC=C1)CCCCCC)CCCCCC>>CCC1C(C(O[C:20](=[O:10])N1CC)CCCCCC)CCCCCC.[O-:21]C1=CC=CC=C1 10=20;20,21=21"
"C[O+:21]=[C:20]2[S][CH](C)[CH](C)C(C8=CC=CC=C8)[S]2.C9=CC=CC=C9[S:10][H].[Cl-]>>[Cl-].C9=CC=CC=C9[S+:10]([H])[C:20]1([O:21]C)[S][CH](C)C(C)[CH](C8=CC=CC=C8)[S]1 10=20;20,21=21"
"[H][O:10]C(C)C([H])C(C8=CC=CC=C8)[S][C:20]([O]C7=CC=CC=C7)=[O+:21][H].[Cl-]>>[Cl-].[H][O+:10](C(C)C([H])C(C8=CC=CC=C8)[S]1)[C:20]1([O:21][H])[O]C7=CC=CC=C7 10=20;20,21=21"
"C9=CC=CC=C9[O+:10]([H])[C:20]1([O:21][Si](C)(C)(C))[S]C(CC)C(C8=CC=CC=C8)[O]1.[Cl-]>>[Cl-].[Si](C)(C)(C)[O+:21]=[C:20]2[S]C(CC)C(C8=CC=CC=C8)[O]2.C9=CC=CC=C9[O:10][H] 21=20;20,10=10"
"C[O+:21]=[C:20]2[S][CH](CC)[CH](C)C(C)[O]2.[H][O:10][H].[Cl-]>>[Cl-].[H][O+:10]([H])[C:20]1([O:21]C)[S][CH](CC)C(C)[CH](C)[O]1 10=20;20,21=21"
"[H][O:10]C([H])C([H])[NH][C:20]([O]C7=CC=CC=C7)=[NH+:21]C.[Cl-]>>[Cl-].[H][O+:10](C([H])C([H])[NH]1)[C:20]1([NH:21]C)[O]C7=CC=CC=C7 10=20;20,21=21"
"[H][O+:21]=[C:20]2[S][CH](C7=CC=CC=C7)[CH](C)C(C)[S]2.C9=CC=CC=C9[O:10][H].[Cl-]>>[Cl-].C9=CC=CC=C9[O+:10]([H])[C:20]1([O:21][H])[S][CH](C7=CC=CC=C7)C(C)[CH](C)[S]1 10=20;20,21=21"
"[H][S:10]C(C9=CC=CC=C9)C(C)C([H])[O][C:20]([O]C)=[O+:21]C.[Cl-]>>[Cl-].[H][S+:10](C(C9=CC=CC=C9)C(C)C([H])[O]1)[C:20]1([O:21]C)[O]C 10=20;20,21=21"
"[O-:21][C:20]1(C)C(C)C([H])C(C)C([H])[O:10]1>>[O-:10]C([H])C(C)C([H])C(C)[C:20](C)=[O:21] 21=20;20,10=10"
"[OH:10]C(CC)/C(C)=C([C:20]([H])=[OH+:21])/O>>[OH:21][C:20]1([H])[OH+:10]C(CC)C(C)=C1O 10=20;20,21=21"
"[H][O+:10](C(C)C([H])C([H])[NH]1)[C:20]1([NH:21]C)[O]C.[Cl-]>>[Cl-].[H][O:10]C(C)C([H])C([H])[NH][C:20]([O]C)=[NH+:21]C 21=20;20,10=10"
"CC[NH+:21]=[C:20]2[NH]C([H])C(C8=CC=CC=C8)[O]2.[H][NH:10][H].[Cl-]>>[Cl-].[H][NH+:10]([H])[C:20]1([NH:21]CC)[NH]C([H])C(C8=CC=CC=C8)[O]1 10=20;20,21=21"
"CCC1C(C(O[C:20](=[O:10])N1CCCCCC)CC)CCCCCC.[O-:21]C1=CC=CC=C1>>CCC1C(C(O[C:20](N1CCCCCC)([O-:10])[O:21]C1=CC=CC=C1)CC)CCCCCC 21=20;20,10=10"
"[O-:21][C:20]1(OCC)C(O)C(O)C(C)C([H])[O:10]1>>[O-:10]C([H])C(C)C(O)C(O)[C:20](OCC)=[O:21] 21=20;20,10=10"
"[H][NH+:21]=[C:20]2[O]C(CC)C([H])[O]2.CC[O:10][H].[Cl-]>>[Cl-].CC[O+:10]([H])[C:20]1([NH:21][H])[O]C(CC)C([H])[O]1 10=20;20,21=21"
"[H]N([C:20]1(OC(C(C([O:21]1)C)C)C1=CC=CC=C1)[O-:10])C>>[H]N([C:20](=[O:10])OC(C(C([O-:21])C)C)C1=CC=CC=C1)C 10=20;20,21=21"
"[H][S:10]C(C)C(C)C([H])[S][C:20]([O]C7=CC=CC=C7)=[O+:21][H].[Cl-]>>[Cl-].[H][S+:10](C(C)C(C)C([H])[S]1)[C:20]1([O:21][H])[O]C7=CC=CC=C7 10=20;20,21=21"
"CC[O+:10]([H])[C:20]1([NH:21]C)[O][CH](C)C([H])[CH](C8=CC=CC=C8)[O]1.[Cl-]>>[Cl-].C[NH+:21]=[C:20]2[O][CH](C)[CH]([H])C(C8=CC=CC=C8)[O]2.CC[O:10][H] 21=20;20,10=10"
"[O-:21][C:20]1([H])C(C)C([H])C(C)C(CCC)[O+:10]1([Na])>>[O:10]([Na])C(CCC)C(C)C([H])C(C)[C:20]([H])=[O:21] 21=20;20,10=10"
"[H]N([C:20]1(OC(C(C([O:21]1)[H])[H])CCCCCC)[O-:10])C>>[H]N([C:20](=[O:10])OC(C(C([O-:21])[H])[H])CCCCCC)C 10=20;20,21=21"
"[H][O:10]C([H])C([H])C(C)[S][C:20]([S]C7=CC=CC=C7)=[O+:21][H].[Cl-]>>[Cl-].[H][O+:10](C([H])C([H])C(C)[S]1)[C:20]1([O:21][H])[S]C7=CC=CC=C7 10=20;20,21=21"
"[H][NH:10]C(CC)C(C)C([H])[NH][C:20]([NH][H])=[NH+:21][H].[Cl-]>>[Cl-].[H][NH+:10](C(CC)C(C)C([H])[NH]1)[C:20]1([NH:21][H])[NH][H] 10=20;20,21=21"
"[H][O+:10](C([H])C([H])[O]1)[C:20]1([O:21]C)[O]C7=CC=CC=C7.[Cl-]>>[Cl-].[H][O:10]C([H])C([H])[O][C:20]([O]C7=CC=CC=C7)=[O+:21]C 21=20;20,10=10"
"[O-:10]C(C)C(C)C([H])C(O)[C:20]([H])=[O:21]>>[O-:21][C:20]1([H])C(O)C([H])C(C)C(C)[O:10]1 10=20;20,21=21"
"[H][S:10]C(C9=CC=CC=C9)C(C)C([H])[O][C:20]([O][H])=[O+:21]C.[Cl-]>>[Cl-].[H][S+:10](C(C9=CC=CC=C9)C(C)C([H])[O]1)[C:20]1([O:21]C)[O][H] 10=20;20,21=21"
"C[O+:10]([H])[C:20]1([O:21]C)[O][CH](CC)C(C)[CH](CC)[S]1.[Cl-]>>[Cl-].C[O+:21]=[C:20]2[O][CH](CC)[CH](C)C(CC)[S]2.C[O:10][H] 21=20;20,10=10"
"[O-:21][C:20]1(C)C([H])=C([H])C(C)C(CC)[O+:10]1([K])>>[O:10]([K])C(CC)C(C)/C([H])=C([H])\[C:20](C)=[O:21] 21=20;20,10=10"
"CCCCCCN([C:20]1(OC(C(C([O:21]1)C1=CC=CC=C1)C)C)[O-:10])C1=CC=CC=C1>>CCCCCCN([C:20](=[O:10])OC(C(C([O-:21])C1=CC=CC=C1)C)C)C1=CC=CC=C1 10=20;20,21=21"
"CC[NH+:21]=[C:20]2[O][CH](CC)[CH](C)C([H])[O]2.[H][NH:10][H].[Cl-]>>[Cl-].[H][NH+:10]([H])[C:20]1([NH:21]CC)[O][CH](CC)C(C)[CH]([H])[O]1 10=20;20,21=21"
"[NH:10](C)C(C)C(C)C([C:20]([H])=[O:21])O>>[O-:21][C:20]1([H])[NH+:10](C)C(C)C(C)C1O 10=20;20,21=21"
"[H][S:10]C(C)C(CC)[S][C:20]([S]C)=[O+:21][Si](C)(C)(C).[Cl-]>>[Cl-].[H][S+:10](C(C)C(CC)[S]1)[C:20]1([O:21][Si](C)(C)(C))[S]C 10=20;20,21=21"
"[H][NH+:10](C(C)C([H])C(CC)[O]1)[C:20]1([NH:21]C6=CC=CC=C6)[NH][H].[Cl-]>>[Cl-].[H][NH:10]C(C)C([H])C(CC)[O][C:20]([NH][H])=[NH+:21]C6=CC=CC=C6 21=20;20,10=10"
"CC[NH+:10]([H])[C:20]1([NH:21]C)[O][CH](C)C([H])[CH](C)[NH]1.[Cl-]>>[Cl-].C[NH+:21]=[C:20]2[O][CH](C)[CH]([H])C(C)[NH]2.CC[NH:10][H] 21=20;20,10=10"
"CCN([C:20]1(OC(C(C([O:21]1)CCCCCC)CCCCCC)C1=CC=CC=C1)[O-:10])CCCCCC>>CCN([C:20](=[O:10])OC(C(C([O-:21])CCCCCC)CCCCCC)C1=CC=CC=C1)CCCCCC 10=20;20,21=21"
"C9=CC=CC=C9[S:10][H].[Si](C)(C)(C)[O+:21]=[C:20]([S]C)[S]CC.[Cl-]>>[Cl-].C9=CC=CC=C9[S+:10]([H])[C:20]([O:21][Si](C)(C)(C))([S]C)[S]CC 10=20;20,21=21"
"C[O+:10]([H])[C:20]([NH:21][H])([NH]CC)[O]C.[Cl-]>>[Cl-].C[O:10][H].[H][NH+:21]=[C:20]([NH]CC)[O]C 21=20;20,10=10"
"[H]C1C(C(O[C:20](=[O:10])N1C1=CC=CC=C1)C)C.[O-:21]C>>[H]C1C(C(O[C:20](N1C1=CC=CC=C1)([O-:10])[O:21]C)C)C 21=20;20,10=10"
"C6=CC=CC=C6[NH+:21]=[C:20]2[O][CH]([H])[CH]([H])C([H])[NH]2.C[NH:10][H].[Cl-]>>[Cl-].C[NH+:10]([H])[C:20]1([NH:21]C6=CC=CC=C6)[O][CH]([H])C([H])[CH]([H])[NH]1 10=20;20,21=21"
"C(C([O-:21])CCCCCC)(C(O[C:20](=[O:10])OC)C)CCCCCC>>C1(C(O[C:20]([O-:10])([O:21]C1CCCCCC)OC)C)CCCCCC 21=20;20,10=10"
"CC[NH+:10]([H])[C:20]([NH:21][H])([NH]CC)[NH]C.[Cl-]>>[Cl-].CC[NH:10][H].[H][NH+:21]=[C:20]([NH]CC)[NH]C 21=20;20,10=10"
"CCC1C(C(O[C:20](N1C)([O-:10])[Cl:21])C1=CC=CC=C1)CCCCCC>>CCC1C(C(O[C:20](=[O:10])N1C)C1=CC=CC=C1)CCCCCC.[Cl-:21] 10=20;20,21=21"
"[H][S+:10]([H])[C:20]1([O:21][Si](C)(C)(C))[O]C([H])C(C)[O]1.[Cl-]>>[Cl-].[Si](C)(C)(C)[O+:21]=[C:20]2[O]C([H])C(C)[O]2.[H][S:10][H] 21=20;20,10=10"
"[H][NH+:21]=[C:20]2[O]C(C)C(C8=CC=CC=C8)[NH]2.CC[NH:10][H].[Cl-]>>[Cl-].CC[NH+:10]([H])[C:20]1([NH:21][H])[O]C(C)C(C8=CC=CC=C8)[NH]1 10=20;20,21=21"
"[O-:21][C:20]1(OC)C(C)C(O)C([H])C([H])[NH+:10]1(C)>>[NH:10](C)C([H])C([H])C(O)C(C)[C:20](OC)=[O:21] 21=20;20,10=10"
"[H][NH+:21]=[C:20]2[NH]C(C)C(C)[O]2.[H][NH:10][H].[Cl-]>>[Cl-].[H][NH+:10]([H])[C:20]1([NH:21][H])[NH]C(C)C(C)[O]1 10=20;20,21=21"
"[H][S+:10](C(C)C([H])C(C8=CC=CC=C8)[O]1)[C:20]1([O:21]C)[O]CC.[Cl-]>>[Cl-].[H][S:10]C(C)C([H])C(C8=CC=CC=C8)[O][C:20]([O]CC)=[O+:21]C 21=20;20,10=10"
"CC[O:10][H].[H][O+:21]=[C:20]([S]CC)[S]CC.[Cl-]>>[Cl-].CC[O+:10]([H])[C:20]([O:21][H])([S]CC)[S]CC 10=20;20,21=21"
"[OH:10]C([H])C(O)C([C:20]([H])=[OH+:21])C>>[OH:21][C:20]1([H])[OH+:10]C([H])C(O)C1C 10=20;20,21=21"
"CCN([C:20](=[O:10])OC(C(C([O-:21])[H])C)CCCCCC)[H]>>CCN([C:20]1(OC(C(C([O:21]1)[H])C)CCCCCC)[O-:10])[H] 21=20;20,10=10"
"CN([C:20](=[O:10])OC(C(C([O-:21])C1=CC=CC=C1)CC)C)C1=CC=CC=C1>>CN([C:20]1(OC(C(C([O:21]1)C1=CC=CC=C1)CC)C)[O-:10])C1=CC=CC=C1 21=20;20,10=10"
"[O:10]([K])C([H])C([H])C(C)C(C)[C:20](OC)=[O:21]>>[O-:21][C:20]1(OC)C(C)C(C)C([H])C([H])[O+:10]1([K]) 10=20;20,21=21"
"C[S+:10]([H])[C:20]([O:21][H])([S]C)[S]C.[Cl-]>>[Cl-].C[S:10][H].[H][O+:21]=[C:20]([S]C)[S]C 21=20;20,10=10"
"CC[NH+:21]=[C:20]2[NH][CH](C7=CC=CC=C7)[CH](C)C([H])[O]2.C9=CC=CC=C9[O:10][H].[Cl-]>>[Cl-].C9=CC=CC=C9[O+:10]([H])[C:20]1([NH:21]CC)[NH][CH](C7=CC=CC=C7)C(C)[CH]([H])[O]1 10=20;20,21=21"
"[H][O:10]C([H])C(CC)[NH][C:20]([O][H])=[NH+:21]C.[Cl-]>>[Cl-].[H][O+:10](C([H])C(CC)[NH]1)[C:20]1([NH:21]C)[O][H] 10=20;20,21=21"
"[H][O:10]C(C)C(C8=CC=CC=C8)[S][C:20]([O]CC)=[O+:21]C.[Cl-]>>[Cl-].[H][O+:10](C(C)C(C8=CC=CC=C8)[S]1)[C:20]1([O:21]C)[O]CC 10=20;20,21=21"
"[O-:21][C:20]1(OCC)C([H])=C([H])C([H])C([H])[NH+:10]1([H])>>[NH:10]([H])C([H])C([H])/C([H])=C([H])\[C:20](OCC)=[O:21] 21=20;20,10=10"
"[H][NH:10]C(C)C(C)[O][C:20]([O]C)=[NH+:21]CC.[Cl-]>>[Cl-].[H][NH+:10](C(C)C(C)[O]1)[C:20]1([NH:21]CC)[O]C 10=20;20,21=21"
"[H][O+:10](C(CC)C([H])C(C)[O]1)[C:20]1([NH:21][H])[O]CC.[Cl-]>>[Cl-].[H][O:10]C(CC)C([H])C(C)[O][C:20]([O]CC)=[NH+:21][H] 21=20;20,10=10"
"C[NH+:10]([H])[C:20]([NH:21]C)([NH]CC)[NH]C.[Cl-]>>[Cl-].C[NH:10][H].C[NH+:21]=[C:20]([NH]CC)[NH]C 21=20;20,10=10"
"C1=CC=CC=C1N([C:20](=[O:10])OC(C(C([O-:21])C)[H])C1=CC=CC=C1)CC>>C1=CC=CC=C1N([C:20]1(OC(C(C([O:21]1)C)[H])C1=CC=CC=C1)[O-:10])CC 21=20;20,10=10"
"[O:10]([K])C(C)C(C)C(O)C([H])[C:20](C)=[O:21]>>[O-:21][C:20]1(C)C([H])C(O)C(C)C(C)[O+:10]1([K]) 10=20;20,21=21"
"[H]N([C:20]1(OC(C(C([O:21]1)[H])CC)C1=CC=CC=C1)[O-:10])CCCCCC>>[H]N([C:20](=[O:10])OC(C(C([O-:21])[H])CC)C1=CC=CC=C1)CCCCCC 10=20;20,21=21"
"[H][NH+:10]([H])[C:20]1([NH:21]C)[O]C([H])C(CC)[O]1.[Cl-]>>[Cl-].C[NH+:21]=[C:20]2[O]C([H])C(CC)[O]2.[H][NH:10][H] 21=20;20,10=10"
"CC[NH+:10]([H])[C:20]1([NH:21]C6=CC=CC=C6)[O]C(C)C(C)[NH]1.[Cl-]>>[Cl-].C6=CC=CC=C6[NH+:21]=[C:20]2[O]C(C)C(C)[NH]2.CC[NH:10][H] 21=20;20,10=10"
"[OH:10]C(C)C([H])/C([H])=C(C)\[C:20](OC)=[OH+:21]>>[OH:21][C:20]1(OC)C(C)=C([H])C([H])C(C)[OH+:10]1 10=20;20,21=21"
"C6=CC=CC=C6[NH+:21]=[C:20]2[NH][CH](CC)[CH](C)C(C8=CC=CC=C8)[O]2.C[O:10][H].[Cl-]>>[Cl-].C[O+:10]([H])[C:20]1([NH:21]C6=CC=CC=C6)[NH][CH](CC)C(C)[CH](C8=CC=CC=C8)[O]1 10=20;20,21=21"
"C1=CC=CC=C1N([C:20](=[O:10])OC(C(C([O-:21])CCCCCC)CCCCCC)C)C>>C1=CC=CC=C1N([C:20]1(OC(C(C([O:21]1)CCCCCC)CCCCCC)C)[O-:10])C 21=20;20,10=10"
"C1=CC=CC=C1C1C(C(O[C:20](=[O:10])N1C)CCCCCC)C.[O-:21]C>>C1=CC=CC=C1C1C(C(O[C:20](N1C)([O-:10])[O:21]C)CCCCCC)C 21=20;20,10=10"
"[O:10]([Na])C(CC)C(C)C([C:20]([H])=[O:21])C>>[O-:21][C:20]1([H])[O+:10]([Na])C(CC)C(C)C1C 10=20;20,21=21"
"[O:21]=[C:20](OCCCCCC)OC.[O-:10]CCCCCC>>CCCCCC[O:10][C:20]([O-:21])(OCCCCCC)OC 10=20;20,21=21"
"[OH:21][C:20]1([H])C(C)C(C)=C([H])C(C)[OH+:10]1>>[OH:10]C(C)/C([H])=C(C)\C(C)[C:20]([H])=[OH+:21] 21=20;20,10=10"
"[H][O:10]C(C)C(C)C(C)[O][C:20]([NH]CC)=[NH+:21]C6=CC=CC=C6.[Cl-]>>[Cl-].[H][O+:10](C(C)C(C)C(C)[O]1)[C:20]1([NH:21]C6=CC=CC=C6)[NH]CC 10=20;20,21=21"
"C[O+:21]=[C:20]2[O]C(C7=CC=CC=C7)C(C)[O]2.C9=CC=CC=C9[O:10][H].[Cl-]>>[Cl-].C9=CC=CC=C9[O+:10]([H])[C:20]1([O:21]C)[O]C(C7=CC=CC=C7)C(C)[O]1 10=20;20,21=21"
"CC[NH:10]C.C1CC(=O)N(C1=O)O[C:20](=[O:21])[H]>>CC[NH+:10]([C:20]([O-:21])(ON1C(=O)CCC1=O)[H])C 10=20;20,21=21"
"[H][NH+:10]([H])[C:20]1([NH:21]C)[O][CH](C)C([H])[CH](C8=CC=CC=C8)[NH]1.[Cl-]>>[Cl-].C[NH+:21]=[C:20]2[O][CH](C)[CH]([H])C(C8=CC=CC=C8)[NH]2.[H][NH:10][H] 21=20;20,10=10"
"[H][O+:10]([H])[C:20]1([NH:21]C)[O]C([H])C(CC)[NH]1.[Cl-]>>[Cl-].C[NH+:21]=[C:20]2[O]C([H])C(CC)[NH]2.[H][O:10][H] 21=20;20,10=10"
"[H][NH+:21]=[C:20]2[NH]C([H])C(CC)[O]2.CC[O:10][H].[Cl-]>>[Cl-].CC[O+:10]([H])[C:20]1([NH:21][H])[NH]C([H])C(CC)[O]1 10=20;20,21=21"
"[H][O:10]C(CC)C(C)C(CC)[NH][C:20]([NH]CC)=[NH+:21]C.[Cl-]>>[Cl-].[H][O+:10](C(CC)C(C)C(CC)[NH]1)[C:20]1([NH:21]C)[NH]CC 10=20;20,21=21"
"[OH:10]C([H])/C([H])=C([C:20]([H])=[OH+:21])/[H]>>[OH:21][C:20]1([H])[OH+:10]C([H])C([H])=C1[H] 10=20;20,21=21"
"C9=CC=CC=C9[O+:10]([H])[C:20]1([NH:21][H])[O]C(C7=CC=CC=C7)C(C8=CC=CC=C8)[O]1.[Cl-]>>[Cl-].[H][NH+:21]=[C:20]2[O]C(C7=CC=CC=C7)C(C8=CC=CC=C8)[O]2.C9=CC=CC=C9[O:10][H] 21=20;20,10=10"
"[H][NH+:10](C(C9=CC=CC=C9)C(C)C(C8=CC=CC=C8)[NH]1)[C:20]1([NH:21]C)[O]C.[Cl-]>>[Cl-].[H][NH:10]C(C9=CC=CC=C9)C(C)C(C8=CC=CC=C8)[NH][C:20]([O]C)=[NH+:21]C 21=20;20,10=10"
"[H]C1C(C(O[C:20](N1CCCCCC)([O-:10])[O:21]C)CC)[H]>>[H]C1C(C(O[C:20](=[O:10])N1CCCCCC)CC)[H].[O-:21]C 10=20;20,21=21"
"C(C(O[C:20](=[O:10])OCCCCCC)CCCCCC)([O-:21])CCCCCC>>C1(C([O:21][C:20](O1)([O-:10])OCCCCCC)CCCCCC)CCCCCC 21=20;20,10=10"
"[H][O:10][H].CC[NH+:21]=[C:20]([NH]C8=CC=CC=C8)[NH]C7=CC=CC=C7.[Cl-]>>[Cl-].[H][O+:10]([H])[C:20]([NH:21]CC)([NH]C8=CC=CC=C8)[NH]C7=CC=CC=C7 10=20;20,21=21"
"[OH:21][C:20]1(OC)C(C)C(C)=C(C)C(CC)[OH+:10]1>>[OH:10]C(CC)/C(C)=C(C)\C(C)[C:20](OC)=[OH+:21] 21=20;20,10=10"
"[H][O:10]C(C9=CC=CC=C9)C([H])[NH][C:20]([NH]C7=CC=CC=C7)=[NH+:21]C6=CC=CC=C6.[Cl-]>>[Cl-].[H][O+:10](C(C9=CC=CC=C9)C([H])[NH]1)[C:20]1([NH:21]C6=CC=CC=C6)[NH]C7=CC=CC=C7 10=20;20,21=21"
"C[O+:21]=[C:20]2[S]C(CC)C(CC)[S]2.C[O:10][H].[Cl-]>>[Cl-].C[O+:10]([H])[C:20]1([O:21]C)[S]C(CC)C(CC)[S]1 10=20;20,21=21"
"C1=CC=CC=C1N([C:20]1(OC(C(C([O:21]1)C)CCCCCC)C1=CC=CC=C1)[O-:10])CCCCCC>>C1=CC=CC=C1N([C:20](=[O:10])OC(C(C([O-:21])C)CCCCCC)C1=CC=CC=C1)CCCCCC 10=20;20,21=21"
"C[O+:21]=[C:20]2[O]C(CC)C(CC)[O]2.CC[S:10][H].[Cl-]>>[Cl-].CC[S+:10]([H])[C:20]1([O:21]C)[O]C(CC)C(CC)[O]1 10=20;20,21=21"
"[H][NH+:10](C([H])C([H])C(CC)[NH]1)[C:20]1([NH:21]CC)[NH]C7=CC=CC=C7.[Cl-]>>[Cl-].[H][NH:10]C([H])C([H])C(CC)[NH][C:20]([NH]C7=CC=CC=C7)=[NH+:21]CC 21=20;20,10=10"
"CN([C:20](=[O:10])OC(C([O-:21])[H])[H])CCCCCC>>CN([C:20]1(OC(C([O:21]1)[H])[H])[O-:10])CCCCCC 21=20;20,10=10"
"[H][S:10]C(C9=CC=CC=C9)C([H])[S][C:20]([S]CC)=[O+:21][H].[Cl-]>>[Cl-].[H][S+:10](C(C9=CC=CC=C9)C([H])[S]1)[C:20]1([O:21][H])[S]CC 10=20;20,21=21"
"C9=CC=CC=C9[O:10][H].C[O+:21]=[C:20]([O]C8=CC=CC=C8)[S][H].[Cl-]>>[Cl-].C9=CC=CC=C9[O+:10]([H])[C:20]([O:21]C)([O]C8=CC=CC=C8)[S][H] 10=20;20,21=21"
"[H][O+:10](C(C9=CC=CC=C9)C([H])C(C8=CC=CC=C8)[O]1)[C:20]1([NH:21][H])[NH]C.[Cl-]>>[Cl-].[H][O:10]C(C9=CC=CC=C9)C([H])C(C8=CC=CC=C8)[O][C:20]([NH]C)=[NH+:21][H] 21=20;20,10=10"
"[H][O+:10](C(C)C(C8=CC=CC=C8)[O]1)[C:20]1([NH:21]CC)[O][H].[Cl-]>>[Cl-].[H][O:10]C(C)C(C8=CC=CC=C8)[O][C:20]([O][H])=[NH+:21]CC 21=20;20,10=10"
"[H]N([C:20](=[O:10])OC(C(C([O-:21])C1=CC=CC=C1)CC)CCCCCC)CCCCCC>>[H]N([C:20]1(OC(C(C([O:21]1)C1=CC=CC=C1)CC)CCCCCC)[O-:10])CCCCCC 21=20;20,10=10"
"C[O+:21]=[C:20]2[O][CH](C7=CC=CC=C7)[CH](C)C([H])[O]2.[H][S:10][H].[Cl-]>>[Cl-].[H][S+:10]([H])[C:20]1([O:21]C)[O][CH](C7=CC=CC=C7)C(C)[CH]([H])[O]1 10=20;20,21=21"
"[O-:21][C:20]1(OCC)C(C)C([H])C([H])C(CC)[O+:10]1([K])>>[O:10]([K])C(CC)C([H])C([H])C(C)[C:20](OCC)=[O:21] 21=20;20,10=10"
"C9=CC=CC=C9[O+:10]([H])[C:20]1([O:21][H])[S][CH](CC)C(C)[CH](C8=CC=CC=C8)[S]1.[Cl-]>>[Cl-].[H][O+:21]=[C:20]2[S][CH](CC)[CH](C)C(C8=CC=CC=C8)[S]2.C9=CC=CC=C9[O:10][H] 21=20;20,10=10"
"[H]N([C:20](=[O:10])OC(C([O-:21])CCCCCC)CC)C>>[H]N([C:20]1(OC(C([O:21]1)CCCCCC)CC)[O-:10])C 21=20;20,10=10"
"[H][NH+:21]=[C:20]2[O][CH]([H])[CH]([H])C(C8=CC=CC=C8)[O]2.C[NH:10][H].[Cl-]>>[Cl-].C[NH+:10]([H])[C:20]1([NH:21][H])[O][CH]([H])C([H])[CH](C8=CC=CC=C8)[O]1 10=20;20,21=21"
"[H][O:10]C(C9=CC=CC=C9)C([H])C(C)[NH][C:20]([NH]CC)=[NH+:21][H].[Cl-]>>[Cl-].[H][O+:10](C(C9=CC=CC=C9)C([H])C(C)[NH]1)[C:20]1([NH:21][H])[NH]CC 10=20;20,21=21"
"[H][NH:10]C([H])C(C)C([H])[O][C:20]([O]CC)=[NH+:21]CC.[Cl-]>>[Cl-].[H][NH+:10](C([H])C(C)C([H])[O]1)[C:20]1([NH:21]CC)[O]CC 10=20;20,21=21"
"[O-:21][C:20]1(OC)C([H])C([H])C(C)C(CC)[NH+:10]1([H])>>[NH:10]([H])C(CC)C(C)C([H])C([H])[C:20](OC)=[O:21] 21=20;20,10=10"
"CC[NH+:10]([H])[C:20]([NH:21]C6=CC=CC=C6)([NH]C)[NH]CC.[Cl-]>>[Cl-].CC[NH:10][H].C6=CC=CC=C6[NH+:21]=[C:20]([NH]C)[NH]CC 21=20;20,10=10"
"[H][NH+:10]([H])[C:20]1([NH:21]CC)[NH][CH](C7=CC=CC=C7)C(C)[CH](C8=CC=CC=C8)[NH]1.[Cl-]>>[Cl-].CC[NH+:21]=[C:20]2[NH][CH](C7=CC=CC=C7)[CH](C)C(C8=CC=CC=C8)[NH]2.[H][NH:10][H] 21=20;20,10=10"
"CC[O+:10]([H])[C:20]1([NH:21][H])[O]C(C7=CC=CC=C7)C(CC)[O]1.[Cl-]>>[Cl-].[H][NH+:21]=[C:20]2[O]C(C7=CC=CC=C7)C(CC)[O]2.CC[O:10][H] 21=20;20,10=10"
"[H][NH:10]C(C9=CC=CC=C9)C(CC)[O][C:20]([NH][H])=[NH+:21]C6=CC=CC=C6.[Cl-]>>[Cl-].[H][NH+:10](C(C9=CC=CC=C9)C(CC)[O]1)[C:20]1([NH:21]C6=CC=CC=C6)[NH][H] 10=20;20,21=21"
"[H][O+:10](C(C)C(C)[S]1)[C:20]1([O:21]C)[S]CC.[Cl-]>>[Cl-].[H][O:10]C(C)C(C)[S][C:20]([S]CC)=[O+:21]C 21=20;20,10=10"
"CCN([C:20](=[O:10])OC(C(C([O-:21])C1=CC=CC=C1)C)C)C1=CC=CC=C1>>CCN([C:20]1(OC(C(C([O:21]1)C1=CC=CC=C1)C)C)[O-:10])C1=CC=CC=C1 21=20;20,10=10"
"[O-:21][C:20]1(OCC)C([H])C(C)C([H])C(C)[NH+:10]1([H])>>[NH:10]([H])C(C)C([H])C(C)C([H])[C:20](OCC)=[O:21] 21=20;20,10=10"
"C9=CC=CC=C9[S+:10]([H])[C:20]1([O:21]C)[S][CH]([H])C([H])[CH](C8=CC=CC=C8)[O]1.[Cl-]>>[Cl-].C[O+:21]=[C:20]2[S][CH]([H])[CH]([H])C(C8=CC=CC=C8)[O]2.C9=CC=CC=C9[S:10][H] 21=20;20,10=10"
"[H][NH+:10](C(C9=CC=CC=C9)C(C)C([H])[O]1)[C:20]1([NH:21]CC)[O][H].[Cl-]>>[Cl-].[H][NH:10]C(C9=CC=CC=C9)C(C)C([H])[O][C:20]([O][H])=[NH+:21]CC 21=20;20,10=10"
"[H][O+:10](C([H])C(C8=CC=CC=C8)[O]1)[C:20]1([NH:21]CC)[NH][H].[Cl-]>>[Cl-].[H][O:10]C([H])C(C8=CC=CC=C8)[O][C:20]([NH][H])=[NH+:21]CC 21=20;20,10=10"
"[OH:10]C([H])/C(C)=C([C:20](OC)=[OH+:21])/[H]>>[OH:21][C:20]1(OC)[OH+:10]C([H])C(C)=C1[H] 10=20;20,21=21"
"C[O:10][H].[Si](C)(C)(C)[O+:21]=[C:20]([S]CC)[O][H].[Cl-]>>[Cl-].C[O+:10]([H])[C:20]([O:21][Si](C)(C)(C))([S]CC)[O][H] 10=20;20,21=21"
"[H][NH:10]C(C9=CC=CC=C9)C(C)[NH][C:20]([NH]C)=[NH+:21]C.[Cl-]>>[Cl-].[H][NH+:10](C(C9=CC=CC=C9)C(C)[NH]1)[C:20]1([NH:21]C)[NH]C 10=20;20,21=21"
"[H][S+:10](C(C9=CC=CC=C9)C([H])[O]1)[C:20]1([O:21][Si](C)(C)(C))[S]C.[Cl-]>>[Cl-].[H][S:10]C(C9=CC=CC=C9)C([H])[O][C:20]([S]C)=[O+:21][Si](C)(C)(C) 21=20;20,10=10"
"[O-:21][C:20]1(OC)C(O)C(O)C([H])C(CC)[NH+:10]1(C)>>[NH:10](C)C(CC)C([H])C(O)C(O)[C:20](OC)=[O:21] 21=20;20,10=10"
"CN([C:20](=[O:10])OC(C(C([O-:21])[H])C)C1=CC=CC=C1)C>>CN([C:20]1(OC(C(C([O:21]1)[H])C)C1=CC=CC=C1)[O-:10])C 21=20;20,10=10"
"[H][NH+:10](C(C9=CC=CC=C9)C([H])C(C)[NH]1)[C:20]1([NH:21][H])[NH]C.[Cl-]>>[Cl-].[H][NH:10]C(C9=CC=CC=C9)C([H])C(C)[NH][C:20]([NH]C)=[NH+:21][H] 21=20;20,10=10"
"[NH:10](C)C([H])/C([H])=C(C)\C([H])[C:20](OCC)=[O:21]>>[O-:21][C:20]1(OCC)C([H])C(C)=C([H])C([H])[NH+:10]1(C) 10=20;20,21=21"
"[O-:21][C:20]1(OC)[NH+:10](C)C(C)C(O)C1O>>[NH:10](C)C(C)C(O)C([C:20](OC)=[O:21])O 21=20;20,10=10"
"[H][NH+:10](C(CC)C(C)C([H])[NH]1)[C:20]1([NH:21]C)[NH][H].[Cl-]>>[Cl-].[H][NH:10]C(CC)C(C)C([H])[NH][C:20]([NH][H])=[NH+:21]C 21=20;20,10=10"
"[H][NH+:10](C(C)C([H])[O]1)[C:20]1([NH:21][H])[NH]C.[Cl-]>>[Cl-].[H][NH:10]C(C)C([H])[O][C:20]([NH]C)=[NH+:21][H] 21=20;20,10=10"
"C[O+:21]=[C:20]2[O]C(C)C([H])[S]2.C[O:10][H].[Cl-]>>[Cl-].C[O+:10]([H])[C:20]1([O:21]C)[O]C(C)C([H])[S]1 10=20;20,21=21"
"[H][O:10]C(CC)C([H])C(C)[NH][C:20]([O]C)=[NH+:21]CC.[Cl-]>>[Cl-].[H][O+:10](C(CC)C([H])C(C)[NH]1)[C:20]1([NH:21]CC)[O]C 10=20;20,21=21"
"CN([C:20](=[O:10])OC(C(C([O-:21])CCCCCC)C)CCCCCC)[H]>>CN([C:20]1(OC(C(C([O:21]1)CCCCCC)C)CCCCCC)[O-:10])[H] 21=20;20,10=10"
"[H][S+:10](C(C9=CC=CC=C9)C(C)[O]1)[C:20]1([O:21][H])[S]CC.[Cl-]>>[Cl-].[H][S:10]C(C9=CC=CC=C9)C(C)[O][C:20]([S]CC)=[O+:21][H] 21=20;20,10=10"
"[O-:10]C([H])C(C)C(O)C([H])[C:20](OCC)=[O:21]>>[O-:21][C:20]1(OCC)C([H])C(O)C(C)C([H])[O:10]1 10=20;20,21=21"
"[H]C1C(C(O[C:20](N1CCCCCC)([O-:10])[O:21]C)C)CC>>[H]C1C(C(O[C:20](=[O:10])N1CCCCCC)C)CC.[O-:21]C 10=20;20,21=21"
"[H][NH:10]C(C9=CC=CC=C9)C(C)C(CC)[O][C:20]([NH][H])=[NH+:21]C.[Cl-]>>[Cl-].[H][NH+:10](C(C9=CC=CC=C9)C(C)C(CC)[O]1)[C:20]1([NH:21]C)[NH][H] 10=20;20,21=21"
"[Si](C)(C)(C)[O+:21]=[C:20]2[O]C([H])C([H])[S]2.[H][S:10][H].[Cl-]>>[Cl-].[H][S+:10]([H])[C:20]1([O:21][Si](C)(C)(C))[O]C([H])C([H])[S]1 10=20;20,21=21"
"C9=CC=CC=C9[O:10][H].[H][O+:21]=[C:20]([O]C8=CC=CC=C8)[S][H].[Cl-]>>[Cl-].C9=CC=CC=C9[O+:10]([H])[C:20]([O:21][H])([O]C8=CC=CC=C8)[S][H] 10=20;20,21=21"
"CC[S+:10]([H])[C:20]([O:21]C)([S]CC)[O]CC.[Cl-]>>[Cl-].CC[S:10][H].C[O+:21]=[C:20]([S]CC)[O]CC 21=20;20,10=10"
"[H][O:10]C(C9=CC=CC=C9)C(C)C([H])[S][C:20]([O]C)=[O+:21]C.[Cl-]>>[Cl-].[H][O+:10](C(C9=CC=CC=C9)C(C)C([H])[S]1)[C:20]1([O:21]C)[O]C 10=20;20,21=21"
"[H][O:10]C(CC)C(C)C([H])[NH][C:20]([NH]C7=CC=CC=C7)=[NH+:21]C6=CC=CC=C6.[Cl-]>>[Cl-].[H][O+:10](C(CC)C(C)C([H])[NH]1)[C:20]1([NH:21]C6=CC=CC=C6)[NH]C7=CC=CC=C7 10=20;20,21=21"
"[H][S+:10]([H])[C:20]1([O:21]C)[S][CH](CC)C(C)[CH]([H])[O]1.[Cl-]>>[Cl-].C[O+:21]=[C:20]2[S][CH](CC)[CH](C)C([H])[O]2.[H][S:10][H] 21=20;20,10=10"
"CCC1C(C(O[C:20](N1[H])([O-:10])[O:21]CC)CCCCCC)[H]>>CCC1C(C(O[C:20](=[O:10])N1[H])CCCCCC)[H].[O-:21]CC 10=20;20,21=21"
"C9=CC=CC=C9[NH+:10]([H])[C:20]1([NH:21][H])[O]C(C)C(C)[NH]1.[Cl-]>>[Cl-].[H][NH+:21]=[C:20]2[O]C(C)C(C)[NH]2.C9=CC=CC=C9[NH:10][H] 21=20;20,10=10"
"CC[O+:10]([H])[C:20]([NH:21]C)([NH]C)[NH]C7=CC=CC=C7.[Cl-]>>[Cl-].CC[O:10][H].C[NH+:21]=[C:20]([NH]C)[NH]C7=CC=CC=C7 21=20;20,10=10"
"CCC1C(O[C:20](=[O:10])N1CCCCCC)CC.[O-:21]CCCCCC>>CCC1C(O[C:20](N1CCCCCC)([O-:10])[O:21]CCCCCC)CC 21=20;20,10=10"
"CCC1C(C(O[C:20](N1CC)([O-:10])[O:21]CCCCCC)C)C>>CCC1C(C(O[C:20](=[O:10])N1CC)C)C.[O-:21]CCCCCC 10=20;20,21=21"
"CC[O+:10]([H])[C:20]([NH:21]CC)([NH]C8=CC=CC=C8)[O]CC.[Cl-]>>[Cl-].CC[O:10][H].CC[NH+:21]=[C:20]([NH]C8=CC=CC=C8)[O]CC 21=20;20,10=10"
"CCC1C(O[C:20](N1CCCCCC)([O-:10])[O:21]C)CCCCCC>>CCC1C(O[C:20](=[O:10])N1CCCCCC)CCCCCC.[O-:21]C 10=20;20,21=21"
"[H][NH+:21]=[C:20]2[NH][CH](C7=CC=CC=C7)[CH]([H])C(CC)[NH]2.C[O:10][H].[Cl-]>>[Cl-].C[O+:10]([H])[C:20]1([NH:21][H])[NH][CH](C7=CC=CC=C7)C([H])[CH](CC)[NH]1 10=20;20,21=21"
"CC[NH+:21]=[C:20]2[NH][CH](C7=CC=CC=C7)[CH](C)C([H])[NH]2.[H][NH:10][H].[Cl-]>>[Cl-].[H][NH+:10]([H])[C:20]1([NH:21]CC)[NH][CH](C7=CC=CC=C7)C(C)[CH]([H])[NH]1 10=20;20,21=21"
"C1=CC=CC=C1C1C(C(O[C:20](=[O:10])N1CC)CC)CCCCCC.[O-:21]C1=CC=CC=C1>>C1=CC=CC=C1C1C(C(O[C:20](N1CC)([O-:10])[O:21]C1=CC=CC=C1)CC)CCCCCC 21=20;20,10=10"
"[H][NH+:10](C(C)C(C)[O]1)[C:20]1([NH:21]C)[O]C.[Cl-]>>[Cl-].[H][NH:10]C(C)C(C)[O][C:20]([O]C)=[NH+:21]C 21=20;20,10=10"
"CC[S+:10]([H])[C:20]1([O:21][Si](C)(C)(C))[S]C(CC)C(C8=CC=CC=C8)[O]1.[Cl-]>>[Cl-].[Si](C)(C)(C)[O+:21]=[C:20]2[S]C(CC)C(C8=CC=CC=C8)[O]2.CC[S:10][H] 21=20;20,10=10"
"[O-:21][C:20]1(OCC)[O+:10]([K])C(C)C(C)=C1O>>[O:10]([K])C(C)/C(C)=C([C:20](OCC)=[O:21])/O 21=20;20,10=10"
"[O-:10]C([H])C(C)C([H])C([H])[C:20](OCC)=[O:21]>>[O-:21][C:20]1(OCC)C([H])C([H])C(C)C([H])[O:10]1 10=20;20,21=21"
"[H][NH:10]C(C9=CC=CC=C9)C([H])C(CC)[NH][C:20]([NH][H])=[NH+:21][H].[Cl-]>>[Cl-].[H][NH+:10](C(C9=CC=CC=C9)C([H])C(CC)[NH]1)[C:20]1([NH:21][H])[NH][H] 10=20;20,21=21"
"C[O+:21]=[C:20]2[O][CH](C7=CC=CC=C7)[CH](C)C(CC)[O]2.C9=CC=CC=C9[O:10][H].[Cl-]>>[Cl-].C9=CC=CC=C9[O+:10]([H])[C:20]1([O:21]C)[O][CH](C7=CC=CC=C7)C(C)[CH](CC)[O]1 10=20;20,21=21"
"[H][O+:10]([H])[C:20]1([O:21][H])[O][CH](CC)C([H])[CH]([H])[O]1.[Cl-]>>[Cl-].[H][O+:21]=[C:20]2[O][CH](CC)[CH]([H])C([H])[O]2.[H][O:10][H] 21=20;20,10=10"
"[H][O+:10](C(C)C(C)[S]1)[C:20]1([O:21]C)[O]C.[Cl-]>>[Cl-].[H][O:10]C(C)C(C)[S][C:20]([O]C)=[O+:21]C 21=20;20,10=10"
"[OH:10]C(C)C(C)C([H])C(C)[C:20](OCC)=[OH+:21]>>[OH:21][C:20]1(OCC)C(C)C([H])C(C)C(C)[OH+:10]1 10=20;20,21=21"
"[O-:21][C:20]1([H])[O:10]C([H])C(C)N1C>>[O-:10]C([H])C(C)N([C:20]([H])=[O:21])C 21=20;20,10=10"
"C6=CC=CC=C6[NH+:21]=[C:20]2[NH]C(C7=CC=CC=C7)C([H])[NH]2.C[O:10][H].[Cl-]>>[Cl-].C[O+:10]([H])[C:20]1([NH:21]C6=CC=CC=C6)[NH]C(C7=CC=CC=C7)C([H])[NH]1 10=20;20,21=21"
"C9=CC=CC=C9[O+:10]([H])[C:20]1([NH:21][H])[O][CH]([H])C(C)[CH](CC)[O]1.[Cl-]>>[Cl-].[H][NH+:21]=[C:20]2[O][CH]([H])[CH](C)C(CC)[O]2.C9=CC=CC=C9[O:10][H] 21=20;20,10=10"
"[H][NH+:10](C([H])C(C)C([H])[NH]1)[C:20]1([NH:21]CC)[NH]C.[Cl-]>>[Cl-].[H][NH:10]C([H])C(C)C([H])[NH][C:20]([NH]C)=[NH+:21]CC 21=20;20,10=10"
"[H][O+:10]([H])[C:20]([O:21][Si](C)(C)(C))([O]C)[O]C.[Cl-]>>[Cl-].[H][O:10][H].[Si](C)(C)(C)[O+:21]=[C:20]([O]C)[O]C 21=20;20,10=10"
"[H][S+:10](C(C)C(C)C(C8=CC=CC=C8)[O]1)[C:20]1([O:21]C)[S]C.[Cl-]>>[Cl-].[H][S:10]C(C)C(C)C(C8=CC=CC=C8)[O][C:20]([S]C)=[O+:21]C 21=20;20,10=10"
"[H][O+:10](C(C)C([H])C(CC)[NH]1)[C:20]1([NH:21]C6=CC=CC=C6)[NH]CC.[Cl-]>>[Cl-].[H][O:10]C(C)C([H])C(CC)[NH][C:20]([NH]CC)=[NH+:21]C6=CC=CC=C6 21=20;20,10=10"
"[H][O:10]C(CC)C(C)[NH][C:20]([O][H])=[NH+:21]C6=CC=CC=C6.[Cl-]>>[Cl-].[H][O+:10](C(CC)C(C)[NH]1)[C:20]1([NH:21]C6=CC=CC=C6)[O][H] 10=20;20,21=21"
"C[O+:21]=[C:20]2[S][CH](C7=CC=CC=C7)[CH]([H])C(C)[O]2.CC[O:10][H].[Cl-]>>[Cl-].CC[O+:10]([H])[C:20]1([O:21]C)[S][CH](C7=CC=CC=C7)C([H])[CH](C)[O]1 10=20;20,21=21"
"CCN([C:20](=[O:10])OCC)[H].[O-:21]CC>>CCN([C:20]([O-:10])(OCC)[O:21]CC)[H] 21=20;20,10=10"
"[H]C1C(C(O[C:20](N1CCCCCC)([O-:10])[Cl:21])CC)C1=CC=CC=C1>>[H]C1C(C(O[C:20](=[O:10])N1CCCCCC)CC)C1=CC=CC=C1.[Cl-:21] 10=20;20,21=21"
"[H][O+:10]([H])[C:20]1([NH:21]CC)[O]C([H])C(CC)[NH]1.[Cl-]>>[Cl-].CC[NH+:21]=[C:20]2[O]C([H])C(CC)[NH]2.[H][O:10][H] 21=20;20,10=10"
"[H][O+:10](C([H])C(C8=CC=CC=C8)[S]1)[C:20]1([O:21]C)[O][H].[Cl-]>>[Cl-].[H][O:10]C([H])C(C8=CC=CC=C8)[S][C:20]([O][H])=[O+:21]C 21=20;20,10=10"
"CC[O+:10]([H])[C:20]1([O:21][H])[S]C(C)C(C8=CC=CC=C8)[O]1.[Cl-]>>[Cl-].[H][O+:21]=[C:20]2[S]C(C)C(C8=CC=CC=C8)[O]2.CC[O:10][H] 21=20;20,10=10"
"CCCCCCC1C(C(O[C:20](N1C1=CC=CC=C1)([O-:10])[Cl:21])C)CC>>CCCCCCC1C(C(O[C:20](=[O:10])N1C1=CC=CC=C1)C)CC.[Cl-:21] 10=20;20,21=21"
"[H][O+:10](C([H])C(CC)[S]1)[C:20]1([O:21]C)[S][H].[Cl-]>>[Cl-].[H][O:10]C([H])C(CC)[S][C:20]([S][H])=[O+:21]C 21=20;20,10=10"
"[H][NH+:21]=[C:20]2[NH]C(C7=CC=CC=C7)C([H])[NH]2.C[NH:10][H].[Cl-]>>[Cl-].C[NH+:10]([H])[C:20]1([NH:21][H])[NH]C(C7=CC=CC=C7)C([H])[NH]1 10=20;20,21=21"
"CC1C(O[C:20](N1[H])([O-:10])[O:21]C)[H]>>CC1C(O[C:20](=[O:10])N1[H])[H].[O-:21]C 10=20;20,21=21"
"CN([C:20](=[O:10])OC(C(C([O-:21])C1=CC=CC=C1)C)C1=CC=CC=C1)CC>>CN([C:20]1(OC(C(C([O:21]1)C1=CC=CC=C1)C)C1=CC=CC=C1)[O-:10])CC 21=20;20,10=10"
"[K][O+:21]([C:20]([O-:10])(O[H])O[H])[H]>>[K][O:21][H].[C:20](=[O:10])(O[H])O[H] 10=20;20,21=21"
"[H][NH:10]C(CC)C(C)C(C8=CC=CC=C8)[NH][C:20]([O]CC)=[NH+:21][H].[Cl-]>>[Cl-].[H][NH+:10](C(CC)C(C)C(C8=CC=CC=C8)[NH]1)[C:20]1([NH:21][H])[O]CC 10=20;20,21=21"
"C9=CC=CC=C9[O+:10]([H])[C:20]1([NH:21]CC)[NH]C(C7=CC=CC=C7)C(C8=CC=CC=C8)[O]1.[Cl-]>>[Cl-].CC[NH+:21]=[C:20]2[NH]C(C7=CC=CC=C7)C(C8=CC=CC=C8)[O]2.C9=CC=CC=C9[O:10][H] 21=20;20,10=10"
"[H][O+:10](C([H])C(CC)[O]1)[C:20]1([O:21][H])[S]CC.[Cl-]>>[Cl-].[H][O:10]C([H])C(CC)[O][C:20]([S]CC)=[O+:21][H] 21=20;20,10=10"
"[O-:21][C:20]1([H])[O+:10]([K])C(C)C([H])C1C>>[O:10]([K])C(C)C([H])C([C:20]([H])=[O:21])C 21=20;20,10=10"
"[O-:10]C(CCC)/C([H])=C(C)\C(C)[C:20](OCC)=[O:21]>>[O-:21][C:20]1(OCC)C(C)C(C)=C([H])C(CCC)[O:10]1 10=20;20,21=21"
"C9=CC=CC=C9[NH:10][H].[H][NH+:21]=[C:20]([NH]C)[O]C7=CC=CC=C7.[Cl-]>>[Cl-].C9=CC=CC=C9[NH+:10]([H])[C:20]([NH:21][H])([NH]C)[O]C7=CC=CC=C7 10=20;20,21=21"
"[H][O:10]C([H])C(C8=CC=CC=C8)[S][C:20]([O]CC)=[O+:21]C.[Cl-]>>[Cl-].[H][O+:10](C([H])C(C8=CC=CC=C8)[S]1)[C:20]1([O:21]C)[O]CC 10=20;20,21=21"
"C[O+:21]=[C:20]2[S][CH](C7=CC=CC=C7)[CH](C)C(CC)[O]2.C9=CC=CC=C9[O:10][H].[Cl-]>>[Cl-].C9=CC=CC=C9[O+:10]([H])[C:20]1([O:21]C)[S][CH](C7=CC=CC=C7)C(C)[CH](CC)[O]1 10=20;20,21=21"
"[H][NH+:21]=[C:20]2[NH][CH](C)[CH]([H])C([H])[O]2.[H][O:10][H].[Cl-]>>[Cl-].[H][O+:10]([H])[C:20]1([NH:21][H])[NH][CH](C)C([H])[CH]([H])[O]1 10=20;20,21=21"
"[H]C1C(C(O[C:20](N1CC)([O-:10])[O:21][H])C1=CC=CC=C1)CC>>[H]C1C(C(O[C:20](=[O:10])N1CC)C1=CC=CC=C1)CC.[O-:21][H] 10=20;20,21=21"
"C9=CC=CC=C9[S+:10]([H])[C:20]1([O:21]C)[S][CH](C7=CC=CC=C7)C([H])[CH]([H])[O]1.[Cl-]>>[Cl-].C[O+:21]=[C:20]2[S][CH](C7=CC=CC=C7)[CH]([H])C([H])[O]2.C9=CC=CC=C9[S:10][H] 21=20;20,10=10"
"CCC1C(C(O[C:20](N1[H])([O-:10])[O:21][H])C1=CC=CC=C1)CC>>CCC1C(C(O[C:20](=[O:10])N1[H])C1=CC=CC=C1)CC.[O-:21][H] 10=20;20,21=21"
"C9=CC=CC=C9[O+:10]([H])[C:20]1([NH:21]C)[NH][CH](C7=CC=CC=C7)C([H])[CH](CC)[O]1.[Cl-]>>[Cl-].C[NH+:21]=[C:20]2[NH][CH](C7=CC=CC=C7)[CH]([H])C(CC)[O]2.C9=CC=CC=C9[O:10][H] 21=20;20,10=10"
"[NH:10](C)C(C(C=CC=C9)=C9[C:20](OC)=[O:21])CC>>[O-:21][C:20]2([NH+:10](C)C(C7=C2C=CC=C7)CC)OC 10=20;20,21=21"
"C9=CC=CC=C9[NH+:10]([H])[C:20]([NH:21]C6=CC=CC=C6)([NH]CC)[O]C7=CC=CC=C7.[Cl-]>>[Cl-].C9=CC=CC=C9[NH:10][H].C6=CC=CC=C6[NH+:21]=[C:20]([NH]CC)[O]C7=CC=CC=C7 21=20;20,10=10"
"[H][O+:10](C(C9=CC=CC=C9)C([H])C([H])[S]1)[C:20]1([O:21][H])[S]CC.[Cl-]>>[Cl-].[H][O:10]C(C9=CC=CC=C9)C([H])C([H])[S][C:20]([S]CC)=[O+:21][H] 21=20;20,10=10"
"C[NH:10][H].C6=CC=CC=C6[NH+:21]=[C:20]([NH]CC)[NH]CC.[Cl-]>>[Cl-].C[NH+:10]([H])[C:20]([NH:21]C6=CC=CC=C6)([NH]CC)[NH]CC 10=20;20,21=21"
"[O-:10]C(C)C([H])C(O)C(C)[C:20](OC)=[O:21]>>[O-:21][C:20]1(OC)C(C)C(O)C([H])C(C)[O:10]1 10=20;20,21=21"
"[H][S+:10](C([H])C([H])C(C8=CC=CC=C8)[O]1)[C:20]1([O:21][H])[S]C.[Cl-]>>[Cl-].[H][S:10]C([H])C([H])C(C8=CC=CC=C8)[O][C:20]([S]C)=[O+:21][H] 21=20;20,10=10"
"C1(C(O[C:20]([O-:10])([O:21]C1C)OCCCCCC)CC)C1=CC=CC=C1>>C(C([O-:21])C)(C(O[C:20](=[O:10])OCCCCCC)CC)C1=CC=CC=C1 10=20;20,21=21"
"C(C([O-:21])[H])(C(O[C:20](=[O:10])OCCCCCC)CCCCCC)CCCCCC>>C1(C(O[C:20]([O-:10])([O:21]C1[H])OCCCCCC)CCCCCC)CCCCCC 21=20;20,10=10"
"C[O+:21]=[C:20]2[S]C(C7=CC=CC=C7)C(C8=CC=CC=C8)[O]2.C[O:10][H].[Cl-]>>[Cl-].C[O+:10]([H])[C:20]1([O:21]C)[S]C(C7=CC=CC=C7)C(C8=CC=CC=C8)[O]1 10=20;20,21=21"
"[H][O:10]C([H])C([H])C(C8=CC=CC=C8)[NH][C:20]([NH][H])=[NH+:21]CC.[Cl-]>>[Cl-].[H][O+:10](C([H])C([H])C(C8=CC=CC=C8)[NH]1)[C:20]1([NH:21]CC)[NH][H] 10=20;20,21=21"
"CC1C(C(O[C:20](N1C1=CC=CC=C1)([O-:10])[O:21]C1=CC=CC=C1)C1=CC=CC=C1)CCCCCC>>CC1C(C(O[C:20](=[O:10])N1C1=CC=CC=C1)C1=CC=CC=C1)CCCCCC.[O-:21]C1=CC=CC=C1 10=20;20,21=21"
"CC[NH+:21]=[C:20]2[O][CH](C)[CH]([H])C(CC)[O]2.C9=CC=CC=C9[O:10][H].[Cl-]>>[Cl-].C9=CC=CC=C9[O+:10]([H])[C:20]1([NH:21]CC)[O][CH](C)C([H])[CH](CC)[O]1 10=20;20,21=21"
"[O:10]([K])C(CC)/C(C)=C([H])\C(C)[C:20](C)=[O:21]>>[O-:21][C:20]1(C)C(C)C([H])=C(C)C(CC)[O+:10]1([K]) 10=20;20,21=21"
"[H][O:10][C:20]([O-:21])(OCC)O[H]>>[O:21]=[C:20](OCC)O[H].[O-:10][H] 21=20;20,10=10"
"[NH:10](C)C([H])C([H])C([H])C(O)[C:20](C)=[O:21]>>[O-:21][C:20]1(C)C(O)C([H])C([H])C([H])[NH+:10]1(C) 10=20;20,21=21"
"[H][O:10]C([H])C(C8=CC=CC=C8)[S][C:20]([O]C)=[O+:21]C.[Cl-]>>[Cl-].[H][O+:10](C([H])C(C8=CC=CC=C8)[S]1)[C:20]1([O:21]C)[O]C 10=20;20,21=21"
"[H][O+:10](C(C9=CC=CC=C9)C([H])[NH]1)[C:20]1([NH:21]CC)[NH]C7=CC=CC=C7.[Cl-]>>[Cl-].[H][O:10]C(C9=CC=CC=C9)C([H])[NH][C:20]([NH]C7=CC=CC=C7)=[NH+:21]CC 21=20;20,10=10"
"[H]N([C:20](=[O:10])OC(C(C([O-:21])CC)C)C1=CC=CC=C1)C1=CC=CC=C1>>[H]N([C:20]1(OC(C(C([O:21]1)CC)C)C1=CC=CC=C1)[O-:10])C1=CC=CC=C1 21=20;20,10=10"
"C1=CC=CC=C1C1C(O[C:20](=[O:10])N1CCCCCC)[H].[O-:21]CCCCCC>>C1=CC=CC=C1C1C(O[C:20](N1CCCCCC)([O-:10])[O:21]CCCCCC)[H] 21=20;20,10=10"
"[H][NH+:21]=[C:20]2[O][CH]([H])[CH]([H])C(C8=CC=CC=C8)[NH]2.[H][O:10][H].[Cl-]>>[Cl-].[H][O+:10]([H])[C:20]1([NH:21][H])[O][CH]([H])C([H])[CH](C8=CC=CC=C8)[NH]1 10=20;20,21=21"
"[H][O+:10](C(C)C([H])C(C)[NH]1)[C:20]1([NH:21][H])[NH]C7=CC=CC=C7.[Cl-]>>[Cl-].[H][O:10]C(C)C([H])C(C)[NH][C:20]([NH]C7=CC=CC=C7)=[NH+:21][H] 21=20;20,10=10"
"CC[NH+:10]([H])[C:20]1([NH:21]C6=CC=CC=C6)[NH][CH](CC)C(C)[CH](CC)[NH]1.[Cl-]>>[Cl-].C6=CC=CC=C6[NH+:21]=[C:20]2[NH][CH](CC)[CH](C)C(CC)[NH]2.CC[NH:10][H] 21=20;20,10=10"
"[H][NH:10]C(C9=CC=CC=C9)C([H])C([H])[O][C:20]([O]CC)=[NH+:21]C6=CC=CC=C6.[Cl-]>>[Cl-].[H][NH+:10](C(C9=CC=CC=C9)C([H])C([H])[O]1)[C:20]1([NH:21]C6=CC=CC=C6)[O]CC 10=20;20,21=21"
"C[O+:21]=[C:20]2[O]C(C7=CC=CC=C7)C(C8=CC=CC=C8)[O]2.C[O:10][H].[Cl-]>>[Cl-].C[O+:10]([H])[C:20]1([O:21]C)[O]C(C7=CC=CC=C7)C(C8=CC=CC=C8)[O]1 10=20;20,21=21"
"[H][S+:10]([H])[C:20]([O:21][Si](C)(C)(C))([S]C)[O][H].[Cl-]>>[Cl-].[H][S:10][H].[Si](C)(C)(C)[O+:21]=[C:20]([S]C)[O][H] 21=20;20,10=10"
"CC[NH+:21]=[C:20]2[O][CH](C7=CC=CC=C7)[CH](C)C([H])[O]2.[H][NH:10][H].[Cl-]>>[Cl-].[H][NH+:10]([H])[C:20]1([NH:21]CC)[O][CH](C7=CC=CC=C7)C(C)[CH]([H])[O]1 10=20;20,21=21"
"[H][NH+:21]=[C:20]2[O][CH](C)[CH]([H])C(C8=CC=CC=C8)[O]2.C[NH:10][H].[Cl-]>>[Cl-].C[NH+:10]([H])[C:20]1([NH:21][H])[O][CH](C)C([H])[CH](C8=CC=CC=C8)[O]1 10=20;20,21=21"
"[H][O:10]C(CC)C(CC)[O][C:20]([NH]C7=CC=CC=C7)=[NH+:21]C.[Cl-]>>[Cl-].[H][O+:10](C(CC)C(CC)[O]1)[C:20]1([NH:21]C)[NH]C7=CC=CC=C7 10=20;20,21=21"
"[H][O:10][H].[H][NH+:21]=[C:20]([NH][H])[O][H].[Cl-]>>[Cl-].[H][O+:10]([H])[C:20]([NH:21][H])([NH][H])[O][H] 10=20;20,21=21"
"[O:10]([Na])C([H])C(C)C([C:20](C)=[O:21])C>>[O-:21][C:20]1(C)[O+:10]([Na])C([H])C(C)C1C 10=20;20,21=21"
"CCCCCCN([C:20](=[O:10])OC(C(C([O-:21])CC)CCCCCC)C1=CC=CC=C1)[H]>>CCCCCCN([C:20]1(OC(C(C([O:21]1)CC)CCCCCC)C1=CC=CC=C1)[O-:10])[H] 21=20;20,10=10"
"[H]C1C(C(O[C:20](N1C)([O-:10])[O:21]CCCCCC)CCCCCC)CCCCCC>>[H]C1C(C(O[C:20](=[O:10])N1C)CCCCCC)CCCCCC.[O-:21]CCCCCC 10=20;20,21=21"
"[H][O:10][H].C[O+:21]=[C:20]([O][H])[O]CC.[Cl-]>>[Cl-].[H][O+:10]([H])[C:20]([O:21]C)([O][H])[O]CC 10=20;20,21=21"
"[H][S:10]C([H])C(C)C(CC)[S][C:20]([S][H])=[O+:21][H].[Cl-]>>[Cl-].[H][S+:10](C([H])C(C)C(CC)[S]1)[C:20]1([O:21][H])[S][H] 10=20;20,21=21"
"C[NH+:21]=[C:20]2[O][CH](C)[CH]([H])C(C)[O]2.CC[NH:10][H].[Cl-]>>[Cl-].CC[NH+:10]([H])[C:20]1([NH:21]C)[O][CH](C)C([H])[CH](C)[O]1 10=20;20,21=21"
"[NH:10]([H])C(C)C(C)C([C:20]([H])=[O:21])O>>[O-:21][C:20]1([H])[NH+:10]([H])C(C)C(C)C1O 10=20;20,21=21"
"[O-:10]C(CC)C(C)C(O)C(C)[C:20](OC)=[O:21]>>[O-:21][C:20]1(OC)C(C)C(O)C(C)C(CC)[O:10]1 10=20;20,21=21"
"CC[NH+:21]=[C:20]2[NH][CH](C)[CH](C)C(C)[O]2.[H][NH:10][H].[Cl-]>>[Cl-].[H][NH+:10]([H])[C:20]1([NH:21]CC)[NH][CH](C)C(C)[CH](C)[O]1 10=20;20,21=21"
"C[NH+:10]([H])[C:20]1([NH:21]CC)[O][CH](C7=CC=CC=C7)C(C)[CH](C)[O]1.[Cl-]>>[Cl-].CC[NH+:21]=[C:20]2[O][CH](C7=CC=CC=C7)[CH](C)C(C)[O]2.C[NH:10][H] 21=20;20,10=10"
"[H][NH+:10](C(C)C(C)C(C)[O]1)[C:20]1([NH:21]C)[O]CC.[Cl-]>>[Cl-].[H][NH:10]C(C)C(C)C(C)[O][C:20]([O]CC)=[NH+:21]C 21=20;20,10=10"
"[H]N([C:20]1(OC(C(C([O:21]1)C)[H])C1=CC=CC=C1)[O-:10])[H]>>[H]N([C:20](=[O:10])OC(C(C([O-:21])C)[H])C1=CC=CC=C1)[H] 10=20;20,21=21"
"[H][O+:10]([H])[C:20]1([O:21][H])[S][CH](C7=CC=CC=C7)C(C)[CH]([H])[O]1.[Cl-]>>[Cl-].[H][O+:21]=[C:20]2[S][CH](C7=CC=CC=C7)[CH](C)C([H])[O]2.[H][O:10][H] 21=20;20,10=10"
"[H][S+:10](C(C)C(CC)[S]1)[C:20]1([O:21][Si](C)(C)(C))[S][H].[Cl-]>>[Cl-].[H][S:10]C(C)C(CC)[S][C:20]([S][H])=[O+:21][Si](C)(C)(C) 21=20;20,10=10"
"C1(C(O[C:20]([O-:10])([O:21]C1CC)OCC)C1=CC=CC=C1)[H]>>C(C([O-:21])CC)(C(O[C:20](=[O:10])OCC)C1=CC=CC=C1)[H] 10=20;20,21=21"
"[NH:10](C)C(C=CC=C1)=C1C([H])C([C:20](C)=[O:21])O>>[O-:21][C:20]2(C)C(C([H])C3=C([NH+:10]2(C))C=CC=C3)O 10=20;20,21=21"
"[H][O:10]C(C)C([H])C(C8=CC=CC=C8)[O][C:20]([S]CC)=[O+:21][H].[Cl-]>>[Cl-].[H][O+:10](C(C)C([H])C(C8=CC=CC=C8)[O]1)[C:20]1([O:21][H])[S]CC 10=20;20,21=21"
"[OH:21][C:20]1(OCC)C([H])C(C)C([H])C([H])[OH+:10]1>>[OH:10]C([H])C([H])C(C)C([H])[C:20](OCC)=[OH+:21] 21=20;20,10=10"
"[OH:10]C(CC)C(C)C([H])C(C)[C:20]([H])=[OH+:21]>>[OH:21][C:20]1([H])C(C)C([H])C(C)C(CC)[OH+:10]1 10=20;20,21=21"
"[H][S+:10](C(C9=CC=CC=C9)C(CC)[O]1)[C:20]1([O:21]C)[S]CC.[Cl-]>>[Cl-].[H][S:10]C(C9=CC=CC=C9)C(CC)[O][C:20]([S]CC)=[O+:21]C 21=20;20,10=10"
"[H][O:10]C(C)C([H])C(CC)[NH][C:20]([NH]CC)=[NH+:21]CC.[Cl-]>>[Cl-].[H][O+:10](C(C)C([H])C(CC)[NH]1)[C:20]1([NH:21]CC)[NH]CC 10=20;20,21=21"
"[H][O+:10](C(CC)C(C)[NH]1)[C:20]1([NH:21]C)[O]C7=CC=CC=C7.[Cl-]>>[Cl-].[H][O:10]C(CC)C(C)[NH][C:20]([O]C7=CC=CC=C7)=[NH+:21]C 21=20;20,10=10"
"C6=CC=CC=C6[NH+:21]=[C:20]2[O][CH](C)[CH](C)C(C)[O]2.C[O:10][H].[Cl-]>>[Cl-].C[O+:10]([H])[C:20]1([NH:21]C6=CC=CC=C6)[O][CH](C)C(C)[CH](C)[O]1 10=20;20,21=21"
"CN([C:20](=[O:10])OC(C([O-:21])[H])CC)CC>>CN([C:20]1(OC(C([O:21]1)[H])CC)[O-:10])CC 21=20;20,10=10"
"CCN([C:20]1(OC(C(C([O:21]1)C)CC)CC)[O-:10])C1=CC=CC=C1>>CCN([C:20](=[O:10])OC(C(C([O-:21])C)CC)CC)C1=CC=CC=C1 10=20;20,21=21"
"[H][NH+:10](C(C9=CC=CC=C9)C(C)[O]1)[C:20]1([NH:21][H])[NH]C.[Cl-]>>[Cl-].[H][NH:10]C(C9=CC=CC=C9)C(C)[O][C:20]([NH]C)=[NH+:21][H] 21=20;20,10=10"
"[H][O+:10](C(CC)C([H])C(C8=CC=CC=C8)[O]1)[C:20]1([NH:21]C6=CC=CC=C6)[NH]C.[Cl-]>>[Cl-].[H][O:10]C(CC)C([H])C(C8=CC=CC=C8)[O][C:20]([NH]C)=[NH+:21]C6=CC=CC=C6 21=20;20,10=10"
"[H][O:10]C(C9=CC=CC=C9)C([H])C(C)[O][C:20]([NH]CC)=[NH+:21]C6=CC=CC=C6.[Cl-]>>[Cl-].[H][O+:10](C(C9=CC=CC=C9)C([H])C(C)[O]1)[C:20]1([NH:21]C6=CC=CC=C6)[NH]CC 10=20;20,21=21"
"CCCCCCN([C:20](=[O:10])OC(C([O-:21])CCCCCC)C)C>>CCCCCCN([C:20]1(OC(C([O:21]1)CCCCCC)C)[O-:10])C 21=20;20,10=10"
"C9=CC=CC=C9[O+:10]([H])[C:20]([O:21]C)([S][H])[O]C7=CC=CC=C7.[Cl-]>>[Cl-].C9=CC=CC=C9[O:10][H].C[O+:21]=[C:20]([S][H])[O]C7=CC=CC=C7 21=20;20,10=10"
"[OH:21][C:20]1(OC)C([H])=C([H])C(C)C([H])[OH+:10]1>>[OH:10]C([H])C(C)/C([H])=C([H])\[C:20](OC)=[OH+:21] 21=20;20,10=10"
"CCC1C(C(O[C:20](N1CC)([O-:10])[O:21][H])CC)C>>CCC1C(C(O[C:20](=[O:10])N1CC)CC)C.[O-:21][H] 10=20;20,21=21"
"[H][NH+:21]=[C:20]2[O][CH](C7=CC=CC=C7)[CH]([H])C(C8=CC=CC=C8)[O]2.C9=CC=CC=C9[O:10][H].[Cl-]>>[Cl-].C9=CC=CC=C9[O+:10]([H])[C:20]1([NH:21][H])[O][CH](C7=CC=CC=C7)C([H])[CH](C8=CC=CC=C8)[O]1 10=20;20,21=21"
"C[NH+:21]=[C:20]2[NH][CH](C7=CC=CC=C7)[CH]([H])C([H])[O]2.CC[O:10][H].[Cl-]>>[Cl-].CC[O+:10]([H])[C:20]1([NH:21]C)[NH][CH](C7=CC=CC=C7)C([H])[CH]([H])[O]1 10=20;20,21=21"
"C[O+:10]([H])[C:20]1([O:21]C)[S][CH](C7=CC=CC=C7)C(C)[CH](C8=CC=CC=C8)[S]1.[Cl-]>>[Cl-].C[O+:21]=[C:20]2[S][CH](C7=CC=CC=C7)[CH](C)C(C8=CC=CC=C8)[S]2.C[O:10][H] 21=20;20,10=10"
"[H][NH:10]C(CC)C([H])C(C8=CC=CC=C8)[O][C:20]([NH]C)=[NH+:21][H].[Cl-]>>[Cl-].[H][NH+:10](C(CC)C([H])C(C8=CC=CC=C8)[O]1)[C:20]1([NH:21][H])[NH]C 10=20;20,21=21"
"[H][O+:21]=[C:20]2[S]C(CC)C(C8=CC=CC=C8)[S]2.C9=CC=CC=C9[S:10][H].[Cl-]>>[Cl-].C9=CC=CC=C9[S+:10]([H])[C:20]1([O:21][H])[S]C(CC)C(C8=CC=CC=C8)[S]1 10=20;20,21=21"
"C9=CC=CC=C9[O+:10]([H])[C:20]1([O:21][Si](C)(C)(C))[S]C([H])C(CC)[O]1.[Cl-]>>[Cl-].[Si](C)(C)(C)[O+:21]=[C:20]2[S]C([H])C(CC)[O]2.C9=CC=CC=C9[O:10][H] 21=20;20,10=10"
"C1=CC=CC=C1C1C(C(O[C:20](N1CCCCCC)([O-:10])[Cl:21])C1=CC=CC=C1)C1=CC=CC=C1>>C1=CC=CC=C1C1C(C(O[C:20](=[O:10])N1CCCCCC)C1=CC=CC=C1)C1=CC=CC=C1.[Cl-:21] 10=20;20,21=21"
"C[O+:21]=[C:20]2[S][CH](C7=CC=CC=C7)[CH](C)C(C)[S]2.[H][S:10][H].[Cl-]>>[Cl-].[H][S+:10]([H])[C:20]1([O:21]C)[S][CH](C7=CC=CC=C7)C(C)[CH](C)[S]1 10=20;20,21=21"
"CCN([C:20]1(OC(C([O:21]1)CC)[H])[O-:10])CC>>CCN([C:20](=[O:10])OC(C([O-:21])CC)[H])CC 10=20;20,21=21"
"CCCCCCN([C:20](=[O:10])OC(C(C([O-:21])CCCCCC)[H])CC)CC>>CCCCCCN([C:20]1(OC(C(C([O:21]1)CCCCCC)[H])CC)[O-:10])CC 21=20;20,10=10"
"[O-:21][C:20]1([H])C(O)C([H])C(C)C(C)[O+:10]1([K])>>[O:10]([K])C(C)C(C)C([H])C(O)[C:20]([H])=[O:21] 21=20;20,10=10"
"C1=CC=CC=C1C1C(O[C:20](=[O:10])N1C1=CC=CC=C1)CCCCCC.[O-:21]C>>C1=CC=CC=C1C1C(O[C:20](N1C1=CC=CC=C1)([O-:10])[O:21]C)CCCCCC 21=20;20,10=10"
"C[O+:10]([H])[C:20]1([O:21]C)[O]C(C7=CC=CC=C7)C([H])[O]1.[Cl-]>>[Cl-].C[O+:21]=[C:20]2[O]C(C7=CC=CC=C7)C([H])[O]2.C[O:10][H] 21=20;20,10=10"
"[H][S+:10](C([H])C([H])[S]1)[C:20]1([O:21]C)[O]C7=CC=CC=C7.[Cl-]>>[Cl-].[H][S:10]C([H])C([H])[S][C:20]([O]C7=CC=CC=C7)=[O+:21]C 21=20;20,10=10"
"C[O+:10]([H])[C:20]1([NH:21]C6=CC=CC=C6)[O][CH](C)C(C)[CH](CC)[NH]1.[Cl-]>>[Cl-].C6=CC=CC=C6[NH+:21]=[C:20]2[O][CH](C)[CH](C)C(CC)[NH]2.C[O:10][H] 21=20;20,10=10"
"[H][NH+:21]=[C:20]2[NH][CH](CC)[CH]([H])C([H])[O]2.CC[O:10][H].[Cl-]>>[Cl-].CC[O+:10]([H])[C:20]1([NH:21][H])[NH][CH](CC)C([H])[CH]([H])[O]1 10=20;20,21=21"
"CCCCCCC1C(C(O[C:20](=[O:10])N1CCCCCC)C)C.[O-:21]C1=CC=CC=C1>>CCCCCCC1C(C(O[C:20](N1CCCCCC)([O-:10])[O:21]C1=CC=CC=C1)C)C 21=20;20,10=10"
"[H][O+:21]=[C:20]2[O][CH](C)[CH](C)C([H])[S]2.C9=CC=CC=C9[S:10][H].[Cl-]>>[Cl-].C9=CC=CC=C9[S+:10]([H])[C:20]1([O:21][H])[O][CH](C)C(C)[CH]([H])[S]1 10=20;20,21=21"
"[H][O:10][H].[Si](C)(C)(C)[O+:21]=[C:20]([S]C)[S]CC.[Cl-]>>[Cl-].[H][O+:10]([H])[C:20]([O:21][Si](C)(C)(C))([S]C)[S]CC 10=20;20,21=21"
"CC[NH+:21]=[C:20]2[O][CH]([H])[CH](C)C(C)[O]2.[H][O:10][H].[Cl-]>>[Cl-].[H][O+:10]([H])[C:20]1([NH:21]CC)[O][CH]([H])C(C)[CH](C)[O]1 10=20;20,21=21"
"[H]C1C(C(O[C:20](N1CCCCCC)([O-:10])[Cl:21])[H])CCCCCC>>[H]C1C(C(O[C:20](=[O:10])N1CCCCCC)[H])CCCCCC.[Cl-:21] 10=20;20,21=21"
"[H][O+:10](C(C)C(C)C([H])[NH]1)[C:20]1([NH:21]CC)[O][H].[Cl-]>>[Cl-].[H][O:10]C(C)C(C)C([H])[NH][C:20]([O][H])=[NH+:21]CC 21=20;20,10=10"
"[H][O:10]C(C)C(C)C(C)[NH][C:20]([O]C7=CC=CC=C7)=[NH+:21][H].[Cl-]>>[Cl-].[H][O+:10](C(C)C(C)C(C)[NH]1)[C:20]1([NH:21][H])[O]C7=CC=CC=C7 10=20;20,21=21"
"CC1C(C(O[C:20](N1[H])([O-:10])[O:21]CCCCCC)C1=CC=CC=C1)CC>>CC1C(C(O[C:20](=[O:10])N1[H])C1=CC=CC=C1)CC.[O-:21]CCCCCC 10=20;20,21=21"
"[O-:21][C:20]1(OC)[O+:10]([Na])C(C)C([H])C1C>>[O:10]([Na])C(C)C([H])C([C:20](OC)=[O:21])C 21=20;20,10=10"
"C1=CC=CC=C1N([C:20](=[O:10])OC(C(C([O-:21])CC)C)CC)[H]>>C1=CC=CC=C1N([C:20]1(OC(C(C([O:21]1)CC)C)CC)[O-:10])[H] 21=20;20,10=10"
"CC[O+:10]([H])[C:20]1([NH:21]C)[O][CH](C7=CC=CC=C7)C([H])[CH](C)[O]1.[Cl-]>>[Cl-].C[NH+:21]=[C:20]2[O][CH](C7=CC=CC=C7)[CH]([H])C(C)[O]2.CC[O:10][H] 21=20;20,10=10"
"CC[O+:10]([H])[C:20]([NH:21]C6=CC=CC=C6)([NH]C)[NH][H].[Cl-]>>[Cl-].CC[O:10][H].C6=CC=CC=C6[NH+:21]=[C:20]([NH]C)[NH][H] 21=20;20,10=10"
"[H][NH+:21]=[C:20]2[O]C([H])C(C8=CC=CC=C8)[NH]2.C[NH:10][H].[Cl-]>>[Cl-].C[NH+:10]([H])[C:20]1([NH:21][H])[O]C([H])C(C8=CC=CC=C8)[NH]1 10=20;20,21=21"
"CN([C:20]1(OC(C([O:21]1)C)CC)[O-:10])C1=CC=CC=C1>>CN([C:20](=[O:10])OC(C([O-:21])C)CC)C1=CC=CC=C1 10=20;20,21=21"
"C9=CC=CC=C9[NH+:10]([H])[C:20]1([NH:21]C)[NH]C(C7=CC=CC=C7)C([H])[NH]1.[Cl-]>>[Cl-].C[NH+:21]=[C:20]2[NH]C(C7=CC=CC=C7)C([H])[NH]2.C9=CC=CC=C9[NH:10][H] 21=20;20,10=10"
"CCC1C(C(O[C:20](=[O:10])N1CCCCCC)C1=CC=CC=C1)CC.[O-:21]CC>>CCC1C(C(O[C:20](N1CCCCCC)([O-:10])[O:21]CC)C1=CC=CC=C1)CC 21=20;20,10=10"
"[O-:21][C:20]1([H])[O+:10]([Na])C(C)C([H])=C1C>>[O:10]([Na])C(C)/C([H])=C([C:20]([H])=[O:21])/C 21=20;20,10=10"
"C[O+:10]([H])[C:20]1([NH:21]C6=CC=CC=C6)[NH][CH](CC)C([H])[CH](C)[NH]1.[Cl-]>>[Cl-].C6=CC=CC=C6[NH+:21]=[C:20]2[NH][CH](CC)[CH]([H])C(C)[NH]2.C[O:10][H] 21=20;20,10=10"
"[H][O:10]C([H])C([H])[NH][C:20]([O][H])=[NH+:21]CC.[Cl-]>>[Cl-].[H][O+:10](C([H])C([H])[NH]1)[C:20]1([NH:21]CC)[O][H] 10=20;20,21=21"
"C9=CC=CC=C9[NH+:10]([H])[C:20]1([NH:21]C6=CC=CC=C6)[O][CH](C)C([H])[CH](C)[NH]1.[Cl-]>>[Cl-].C6=CC=CC=C6[NH+:21]=[C:20]2[O][CH](C)[CH]([H])C(C)[NH]2.C9=CC=CC=C9[NH:10][H] 21=20;20,10=10"
"C[NH+:21]=[C:20]2[NH][CH](C)[CH](C)C(CC)[NH]2.C[NH:10][H].[Cl-]>>[Cl-].C[NH+:10]([H])[C:20]1([NH:21]C)[NH][CH](C)C(C)[CH](CC)[NH]1 10=20;20,21=21"
"[O-:21][C:20]1(OC)[O+:10]([Na])C([H])C(C)N1C>>[O:10]([Na])C([H])C(C)N([C:20](OC)=[O:21])C 21=20;20,10=10"
"[H][NH+:10](C([H])C(C)C([H])[NH]1)[C:20]1([NH:21]C6=CC=CC=C6)[NH]C7=CC=CC=C7.[Cl-]>>[Cl-].[H][NH:10]C([H])C(C)C([H])[NH][C:20]([NH]C7=CC=CC=C7)=[NH+:21]C6=CC=CC=C6 21=20;20,10=10"
"[H]C1C(O[C:20](N1CC)([O-:10])[O:21]C1=CC=CC=C1)CC>>[H]C1C(O[C:20](=[O:10])N1CC)CC.[O-:21]C1=CC=CC=C1 10=20;20,21=21"
"[H][O:10]C(CC)C([H])C([H])[O][C:20]([O][H])=[O+:21]C.[Cl-]>>[Cl-].[H][O+:10](C(CC)C([H])C([H])[O]1)[C:20]1([O:21]C)[O][H] 10=20;20,21=21"
"[H][NH+:10]([H])[C:20]([NH:21]C)([O]C8=CC=CC=C8)[NH]C.[Cl-]>>[Cl-].[H][NH:10][H].C[NH+:21]=[C:20]([O]C8=CC=CC=C8)[NH]C 21=20;20,10=10"
"[O-:10]C(C)/C(C)=C([C:20](OC)=[O:21])/[H]>>[O-:21][C:20]1(OC)[O:10]C(C)C(C)=C1[H] 10=20;20,21=21"
"[H][NH+:10](C(C)C(CC)[NH]1)[C:20]1([NH:21]C)[NH]CC.[Cl-]>>[Cl-].[H][NH:10]C(C)C(CC)[NH][C:20]([NH]CC)=[NH+:21]C 21=20;20,10=10"
"[H][NH:10]C(C9=CC=CC=C9)C([H])[NH][C:20]([NH]C)=[NH+:21]C6=CC=CC=C6.[Cl-]>>[Cl-].[H][NH+:10](C(C9=CC=CC=C9)C([H])[NH]1)[C:20]1([NH:21]C6=CC=CC=C6)[NH]C 10=20;20,21=21"
"CCN([C:20](=[O:10])OC(C(C([O-:21])CC)CC)C)C1=CC=CC=C1>>CCN([C:20]1(OC(C(C([O:21]1)CC)CC)C)[O-:10])C1=CC=CC=C1 21=20;20,10=10"
"[Na][O+:21]([C:20]([O-:10])(OC1=CC=CC=C1)OCCCCCC)CCCCCC>>[Na][O:21]CCCCCC.[C:20](=[O:10])(OC1=CC=CC=C1)OCCCCCC 10=20;20,21=21"
"C[O:10][H].C6=CC=CC=C6[NH+:21]=[C:20]([O]CC)[O]CC.[Cl-]>>[Cl-].C[O+:10]([H])[C:20]([NH:21]C6=CC=CC=C6)([O]CC)[O]CC 10=20;20,21=21"
"[H][O:10]C(C9=CC=CC=C9)C([H])C(CC)[NH][C:20]([O]C7=CC=CC=C7)=[NH+:21]CC.[Cl-]>>[Cl-].[H][O+:10](C(C9=CC=CC=C9)C([H])C(CC)[NH]1)[C:20]1([NH:21]CC)[O]C7=CC=CC=C7 10=20;20,21=21"
"[H][S:10]C([H])C([H])[S][C:20]([O]C)=[O+:21][H].[Cl-]>>[Cl-].[H][S+:10](C([H])C([H])[S]1)[C:20]1([O:21][H])[O]C 10=20;20,21=21"
"[H][O+:10](C([H])C(CC)[O]1)[C:20]1([NH:21][H])[NH]CC.[Cl-]>>[Cl-].[H][O:10]C([H])C(CC)[O][C:20]([NH]CC)=[NH+:21][H] 21=20;20,10=10"
"C[NH+:10]([H])[C:20]1([NH:21][H])[NH][CH](C7=CC=CC=C7)C(C)[CH](C)[O]1.[Cl-]>>[Cl-].[H][NH+:21]=[C:20]2[NH][CH](C7=CC=CC=C7)[CH](C)C(C)[O]2.C[NH:10][H] 21=20;20,10=10"
"[H][S+:10](C(C9=CC=CC=C9)C(C)C(CC)[O]1)[C:20]1([O:21][H])[O]CC.[Cl-]>>[Cl-].[H][S:10]C(C9=CC=CC=C9)C(C)C(CC)[O][C:20]([O]CC)=[O+:21][H] 21=20;20,10=10"
"C9=CC=CC=C9[O+:10]([H])[C:20]([O:21][H])([S]C8=CC=CC=C8)[O]C.[Cl-]>>[Cl-].C9=CC=CC=C9[O:10][H].[H][O+:21]=[C:20]([S]C8=CC=CC=C8)[O]C 21=20;20,10=10"
"[O-:21][C:20]1(OC)C(C)=C(C)C(C)C(CC)[NH+:10]1([H])>>[NH:10]([H])C(CC)C(C)/C(C)=C(C)\[C:20](OC)=[O:21] 21=20;20,10=10"
"[O-:21][C:20]1(OC)C(O)C(O)C(C)C(CCC)[O+:10]1([Na])>>[O:10]([Na])C(CCC)C(C)C(O)C(O)[C:20](OC)=[O:21] 21=20;20,10=10"
"CCCCCCN([C:20](=[O:10])OC(C(C([O-:21])[H])[H])CC)CCCCCC>>CCCCCCN([C:20]1(OC(C(C([O:21]1)[H])[H])CC)[O-:10])CCCCCC 21=20;20,10=10"
"[H][S+:10]([H])[C:20]1([O:21]C)[S][CH]([H])C(C)[CH]([H])[S]1.[Cl-]>>[Cl-].C[O+:21]=[C:20]2[S][CH]([H])[CH](C)C([H])[S]2.[H][S:10][H] 21=20;20,10=10"
"[H]N([C:20]1(OC(C(C([O:21]1)C)CCCCCC)C)[O-:10])C>>[H]N([C:20](=[O:10])OC(C(C([O-:21])C)CCCCCC)C)C 10=20;20,21=21"
"[H][O:10]C(C9=CC=CC=C9)C([H])C([H])[NH][C:20]([NH]C)=[NH+:21][H].[Cl-]>>[Cl-].[H][O+:10](C(C9=CC=CC=C9)C([H])C([H])[NH]1)[C:20]1([NH:21][H])[NH]C 10=20;20,21=21"
"C6=CC=CC=C6[NH+:21]=[C:20]2[NH][CH](C7=CC=CC=C7)[CH]([H])C(CC)[O]2.[H][NH:10][H].[Cl-]>>[Cl-].[H][NH+:10]([H])[C:20]1([NH:21]C6=CC=CC=C6)[NH][CH](C7=CC=CC=C7)C([H])[CH](CC)[O]1 10=20;20,21=21"
"[H]C1C(C(O[C:20](=[O:10])N1C1=CC=CC=C1)CCCCCC)C.[O-:21]CC>>[H]C1C(C(O[C:20](N1C1=CC=CC=C1)([O-:10])[O:21]CC)CCCCCC)C 21=20;20,10=10"
"[H][O+:10](C(C)C(C8=CC=CC=C8)[O]1)[C:20]1([O:21][H])[S]CC.[Cl-]>>[Cl-].[H][O:10]C(C)C(C8=CC=CC=C8)[O][C:20]([S]CC)=[O+:21][H] 21=20;20,10=10"
"[NH:10](C)C(C)C([H])N([C:20](OC)=[O:21])C>>[O-:21][C:20]1(OC)[NH+:10](C)C(C)C([H])N1C 10=20;20,21=21"
"[H][O:10]C(C)C(C)[O][C:20]([O]C)=[NH+:21][H].[Cl-]>>[Cl-].[H][O+:10](C(C)C(C)[O]1)[C:20]1([NH:21][H])[O]C 10=20;20,21=21"
"[H]C1C(C(O[C:20](=[O:10])N1CCCCCC)CC)[H].[O-:21]CCCCCC>>[H]C1C(C(O[C:20](N1CCCCCC)([O-:10])[O:21]CCCCCC)CC)[H] 21=20;20,10=10"
"[H][O:10]C(C)C(C8=CC=CC=C8)[O][C:20]([O][H])=[O+:21]C.[Cl-]>>[Cl-].[H][O+:10](C(C)C(C8=CC=CC=C8)[O]1)[C:20]1([O:21]C)[O][H] 10=20;20,21=21"
"C[NH+:21]=[C:20]2[O][CH](C)[CH]([H])C([H])[NH]2.CC[NH:10][H].[Cl-]>>[Cl-].CC[NH+:10]([H])[C:20]1([NH:21]C)[O][CH](C)C([H])[CH]([H])[NH]1 10=20;20,21=21"
"[H][O:10]C(CC)C([H])C(C)[S][C:20]([O]C7=CC=CC=C7)=[O+:21]C.[Cl-]>>[Cl-].[H][O+:10](C(CC)C([H])C(C)[S]1)[C:20]1([O:21]C)[O]C7=CC=CC=C7 10=20;20,21=21"
"C9=CC=CC=C9[O:10][H].C6=CC=CC=C6[NH+:21]=[C:20]([NH]C)[O]CC.[Cl-]>>[Cl-].C9=CC=CC=C9[O+:10]([H])[C:20]([NH:21]C6=CC=CC=C6)([NH]C)[O]CC 10=20;20,21=21"
"[H][O:10]C(C)C([H])[NH][C:20]([O]C7=CC=CC=C7)=[NH+:21]C6=CC=CC=C6.[Cl-]>>[Cl-].[H][O+:10](C(C)C([H])[NH]1)[C:20]1([NH:21]C6=CC=CC=C6)[O]C7=CC=CC=C7 10=20;20,21=21"
"[O:10]([Na])C(CC)C(C)C([H])C([H])[C:20](OC)=[O:21]>>[O-:21][C:20]1(OC)C([H])C([H])C(C)C(CC)[O+:10]1([Na]) 10=20;20,21=21"
"[H][O+:10](C(C)C([H])C(C8=CC=CC=C8)[NH]1)[C:20]1([NH:21]CC)[NH][H].[Cl-]>>[Cl-].[H][O:10]C(C)C([H])C(C8=CC=CC=C8)[NH][C:20]([NH][H])=[NH+:21]CC 21=20;20,10=10"
"[H][O+:21]=[C:20]2[S][CH](CC)[CH]([H])C(C)[O]2.[H][S:10][H].[Cl-]>>[Cl-].[H][S+:10]([H])[C:20]1([O:21][H])[S][CH](CC)C([H])[CH](C)[O]1 10=20;20,21=21"
"[H][O:10]C(CC)C(C8=CC=CC=C8)[NH][C:20]([O]CC)=[NH+:21]C.[Cl-]>>[Cl-].[H][O+:10](C(CC)C(C8=CC=CC=C8)[NH]1)[C:20]1([NH:21]C)[O]CC 10=20;20,21=21"
"[H][O+:10](C(C)C([H])[NH]1)[C:20]1([NH:21]CC)[O]C.[Cl-]>>[Cl-].[H][O:10]C(C)C([H])[NH][C:20]([O]C)=[NH+:21]CC 21=20;20,10=10"
"C[NH+:21]=[C:20]2[O][CH]([H])[CH](C)C(C)[NH]2.C9=CC=CC=C9[O:10][H].[Cl-]>>[Cl-].C9=CC=CC=C9[O+:10]([H])[C:20]1([NH:21]C)[O][CH]([H])C(C)[CH](C)[NH]1 10=20;20,21=21"
"[O:10]([Na])C(CC)C(C)C([C:20](OC)=[O:21])O>>[O-:21][C:20]1(OC)[O+:10]([Na])C(CC)C(C)C1O 10=20;20,21=21"
"CC[O+:10]([H])[C:20]([NH:21]CC)([NH]C8=CC=CC=C8)[O][H].[Cl-]>>[Cl-].CC[O:10][H].CC[NH+:21]=[C:20]([NH]C8=CC=CC=C8)[O][H] 21=20;20,10=10"
"[O:21]=[C:20](OCC)O[H].[O-:10][H]>>[H][O:10][C:20]([O-:21])(OCC)O[H] 10=20;20,21=21"
"C9=CC=CC=C9[NH+:10]([H])[C:20]1([NH:21]C6=CC=CC=C6)[NH][CH](C)C(C)[CH](C8=CC=CC=C8)[NH]1.[Cl-]>>[Cl-].C6=CC=CC=C6[NH+:21]=[C:20]2[NH][CH](C)[CH](C)C(C8=CC=CC=C8)[NH]2.C9=CC=CC=C9[NH:10][H] 21=20;20,10=10"
"C6=CC=CC=C6[NH+:21]=[C:20]2[NH]C(C7=CC=CC=C7)C(C)[NH]2.C9=CC=CC=C9[NH:10][H].[Cl-]>>[Cl-].C9=CC=CC=C9[NH+:10]([H])[C:20]1([NH:21]C6=CC=CC=C6)[NH]C(C7=CC=CC=C7)C(C)[NH]1 10=20;20,21=21"
"[H][S+:10](C(C)C(C)C(C8=CC=CC=C8)[O]1)[C:20]1([O:21][H])[S][H].[Cl-]>>[Cl-].[H][S:10]C(C)C(C)C(C8=CC=CC=C8)[O][C:20]([S][H])=[O+:21][H] 21=20;20,10=10"
"C6=CC=CC=C6[NH+:21]=[C:20]2[NH][CH](CC)[CH](C)C(CC)[NH]2.[H][NH:10][H].[Cl-]>>[Cl-].[H][NH+:10]([H])[C:20]1([NH:21]C6=CC=CC=C6)[NH][CH](CC)C(C)[CH](CC)[NH]1 10=20;20,21=21"
"[O-:21][C:20]1(OCC)C([H])=C(C)C([H])C(CC)[NH+:10]1([H])>>[NH:10]([H])C(CC)C([H])/C(C)=C([H])\[C:20](OCC)=[O:21] 21=20;20,10=10"
"C1=CC=CC=C1N([C:20](=[O:10])OC1=CC=CC=C1)C.[O-:21][H]>>C1=CC=CC=C1N([C:20]([O-:10])(OC1=CC=CC=C1)[O:21][H])C 21=20;20,10=10"
"[H][O+:10](C([H])C([H])[NH]1)[C:20]1([NH:21][H])[O]C.[Cl-]>>[Cl-].[H][O:10]C([H])C([H])[NH][C:20]([O]C)=[NH+:21][H] 21=20;20,10=10"
"CCN([C:20](=[O:10])OC(C(C([O-:21])CCCCCC)[H])CCCCCC)CCCCCC>>CCN([C:20]1(OC(C(C([O:21]1)CCCCCC)[H])CCCCCC)[O-:10])CCCCCC 21=20;20,10=10"
"[H][NH+:10](C(CC)C(C)C(C)[O]1)[C:20]1([NH:21][H])[O]C7=CC=CC=C7.[Cl-]>>[Cl-].[H][NH:10]C(CC)C(C)C(C)[O][C:20]([O]C7=CC=CC=C7)=[NH+:21][H] 21=20;20,10=10"
"[H][S:10]C(C)C(C)C(C8=CC=CC=C8)[S][C:20]([S][H])=[O+:21][H].[Cl-]>>[Cl-].[H][S+:10](C(C)C(C)C(C8=CC=CC=C8)[S]1)[C:20]1([O:21][H])[S][H] 10=20;20,21=21"
"[H][NH+:21]=[C:20]2[NH][CH](C7=CC=CC=C7)[CH](C)C(C8=CC=CC=C8)[NH]2.[H][O:10][H].[Cl-]>>[Cl-].[H][O+:10]([H])[C:20]1([NH:21][H])[NH][CH](C7=CC=CC=C7)C(C)[CH](C8=CC=CC=C8)[NH]1 10=20;20,21=21"
"[O-:10]C(CC)/C([H])=C([C:20](OCC)=[O:21])/[H]>>[O-:21][C:20]1(OCC)[O:10]C(CC)C([H])=C1[H] 10=20;20,21=21"
"[H][S+:10](C(C)C(C)C([H])[S]1)[C:20]1([O:21]C)[S][H].[Cl-]>>[Cl-].[H][S:10]C(C)C(C)C([H])[S][C:20]([S][H])=[O+:21]C 21=20;20,10=10"
"C(C([O-:21])CCCCCC)(C(O[C:20](=[O:10])OC)CCCCCC)C1=CC=CC=C1>>C1(C(O[C:20]([O-:10])([O:21]C1CCCCCC)OC)CCCCCC)C1=CC=CC=C1 21=20;20,10=10"
"[OH:10]C([H])C(C)/C(C)=C([H])\[C:20]([H])=[OH+:21]>>[OH:21][C:20]1([H])C([H])=C(C)C(C)C([H])[OH+:10]1 10=20;20,21=21"
"[H][O+:10](C([H])C([H])C(C8=CC=CC=C8)[O]1)[C:20]1([NH:21][H])[O]C7=CC=CC=C7.[Cl-]>>[Cl-].[H][O:10]C([H])C([H])C(C8=CC=CC=C8)[O][C:20]([O]C7=CC=CC=C7)=[NH+:21][H] 21=20;20,10=10"
"C1=CC=CC=C1C1C(O[C:20](N1CCCCCC)([O-:10])[O:21]CCCCCC)CC>>C1=CC=CC=C1C1C(O[C:20](=[O:10])N1CCCCCC)CC.[O-:21]CCCCCC 10=20;20,21=21"
"[OH:21][C:20]1(C)[OH+:10]C(C)C(C)N1[H]>>[OH:10]C(C)C(C)N([C:20](C)=[OH+:21])[H] 21=20;20,10=10"
"[H][NH+:21]=[C:20]2[O][CH](C7=CC=CC=C7)[CH]([H])C(CC)[NH]2.[H][NH:10][H].[Cl-]>>[Cl-].[H][NH+:10]([H])[C:20]1([NH:21][H])[O][CH](C7=CC=CC=C7)C([H])[CH](CC)[NH]1 10=20;20,21=21"
"C[O+:21]=[C:20]2[S][CH](C)[CH](C)C(C)[O]2.CC[O:10][H].[Cl-]>>[Cl-].CC[O+:10]([H])[C:20]1([O:21]C)[S][CH](C)C(C)[CH](C)[O]1 10=20;20,21=21"
"[H][O:10]C(C9=CC=CC=C9)C(CC)[NH][C:20]([O][H])=[NH+:21][H].[Cl-]>>[Cl-].[H][O+:10](C(C9=CC=CC=C9)C(CC)[NH]1)[C:20]1([NH:21][H])[O][H] 10=20;20,21=21"
"C9=CC=CC=C9[O+:10]([H])[C:20]([O:21][H])([O]C8=CC=CC=C8)[O]C7=CC=CC=C7.[Cl-]>>[Cl-].C9=CC=CC=C9[O:10][H].[H][O+:21]=[C:20]([O]C8=CC=CC=C8)[O]C7=CC=CC=C7 21=20;20,10=10"
"C1=CC=CC=C1N([C:20](=[O:10])OCCCCCC)C.[O-:21][H]>>C1=CC=CC=C1N([C:20]([O-:10])(OCCCCCC)[O:21][H])C 21=20;20,10=10"
"CCN([C:20](=[O:10])OC(C(C([O-:21])CC)CC)C)C>>CCN([C:20]1(OC(C(C([O:21]1)CC)CC)C)[O-:10])C 21=20;20,10=10"
"CC[NH+:21]=[C:20]2[O][CH]([H])[CH](C)C(C)[NH]2.C[NH:10][H].[Cl-]>>[Cl-].C[NH+:10]([H])[C:20]1([NH:21]CC)[O][CH]([H])C(C)[CH](C)[NH]1 10=20;20,21=21"
"C1=CC=CC=C1C1C(C(O[C:20](N1C1=CC=CC=C1)([O-:10])[Cl:21])C)CCCCCC>>C1=CC=CC=C1C1C(C(O[C:20](=[O:10])N1C1=CC=CC=C1)C)CCCCCC.[Cl-:21] 10=20;20,21=21"
"CC[O:10][C:20]([O-:21])(OC1=CC=CC=C1)OCCCCCC>>[O:21]=[C:20](OC1=CC=CC=C1)OCCCCCC.[O-:10]CC 21=20;20,10=10"
"CC[S:10][H].[H][O+:21]=[C:20]([O]C)[O]CC.[Cl-]>>[Cl-].CC[S+:10]([H])[C:20]([O:21][H])([O]C)[O]CC 10=20;20,21=21"
"C9=CC=CC=C9[S+:10]([H])[C:20]([O:21]C)([O]CC)[S]CC.[Cl-]>>[Cl-].C9=CC=CC=C9[S:10][H].C[O+:21]=[C:20]([O]CC)[S]CC 21=20;20,10=10"
"C[NH+:21]=[C:20]2[O]C(C)C(C8=CC=CC=C8)[O]2.C[NH:10][H].[Cl-]>>[Cl-].C[NH+:10]([H])[C:20]1([NH:21]C)[O]C(C)C(C8=CC=CC=C8)[O]1 10=20;20,21=21"
"C9=CC=CC=C9[NH+:10]([H])[C:20]1([NH:21]C6=CC=CC=C6)[NH]C([H])C(C8=CC=CC=C8)[NH]1.[Cl-]>>[Cl-].C6=CC=CC=C6[NH+:21]=[C:20]2[NH]C([H])C(C8=CC=CC=C8)[NH]2.C9=CC=CC=C9[NH:10][H] 21=20;20,10=10"
"[H][NH+:10](C(CC)C([H])C(CC)[O]1)[C:20]1([NH:21]C)[NH]C7=CC=CC=C7.[Cl-]>>[Cl-].[H][NH:10]C(CC)C([H])C(CC)[O][C:20]([NH]C7=CC=CC=C7)=[NH+:21]C 21=20;20,10=10"
"[O-:10]C(C(C1=C(C=CC=C1)[CH:20](OC)=[O:21])O)[H]>>[O-:21][CH:20]2(OC)C3=C(C(C([O:10]2)[H])O)C=CC=C3  10=20;20,21=21"
"CCN([C:20]1(OC(C(C([O:21]1)C)CC)CCCCCC)[O-:10])C1=CC=CC=C1>>CCN([C:20](=[O:10])OC(C(C([O-:21])C)CC)CCCCCC)C1=CC=CC=C1 10=20;20,21=21"
"C1=CC=CC=C1N([C:20](=[O:10])OC(C(C([O-:21])CC)C)CC)C1=CC=CC=C1>>C1=CC=CC=C1N([C:20]1(OC(C(C([O:21]1)CC)C)CC)[O-:10])C1=CC=CC=C1 21=20;20,10=10"
"[H][NH+:21]=[C:20]2[NH]C([H])C(C8=CC=CC=C8)[O]2.C[O:10][H].[Cl-]>>[Cl-].C[O+:10]([H])[C:20]1([NH:21][H])[NH]C([H])C(C8=CC=CC=C8)[O]1 10=20;20,21=21"
"CC[NH+:10]([H])[C:20]1([NH:21]C6=CC=CC=C6)[O]C(C)C(CC)[NH]1.[Cl-]>>[Cl-].C6=CC=CC=C6[NH+:21]=[C:20]2[O]C(C)C(CC)[NH]2.CC[NH:10][H] 21=20;20,10=10"
"[H][S:10]C([H])C(C)C(CC)[O][C:20]([O]C)=[O+:21]C.[Cl-]>>[Cl-].[H][S+:10](C([H])C(C)C(CC)[O]1)[C:20]1([O:21]C)[O]C 10=20;20,21=21"
"C[NH+:21]=[C:20]2[O][CH](C)[CH]([H])C(C8=CC=CC=C8)[O]2.[H][O:10][H].[Cl-]>>[Cl-].[H][O+:10]([H])[C:20]1([NH:21]C)[O][CH](C)C([H])[CH](C8=CC=CC=C8)[O]1 10=20;20,21=21"
"[H][O:10]C(CC)C(C)C(CC)[NH][C:20]([O]C)=[NH+:21]C6=CC=CC=C6.[Cl-]>>[Cl-].[H][O+:10](C(CC)C(C)C(CC)[NH]1)[C:20]1([NH:21]C6=CC=CC=C6)[O]C 10=20;20,21=21"
"[H][O:10][H].[Si](C)(C)(C)[O+:21]=[C:20]([S]C)[O]C.[Cl-]>>[Cl-].[H][O+:10]([H])[C:20]([O:21][Si](C)(C)(C))([S]C)[O]C 10=20;20,21=21"
"CC[NH+:21]=[C:20]2[O][CH](C)[CH](C)C(CC)[O]2.C9=CC=CC=C9[O:10][H].[Cl-]>>[Cl-].C9=CC=CC=C9[O+:10]([H])[C:20]1([NH:21]CC)[O][CH](C)C(C)[CH](CC)[O]1 10=20;20,21=21"
"[H][O:10]C(C9=CC=CC=C9)C(C)C(C8=CC=CC=C8)[S][C:20]([S]CC)=[O+:21]C.[Cl-]>>[Cl-].[H][O+:10](C(C9=CC=CC=C9)C(C)C(C8=CC=CC=C8)[S]1)[C:20]1([O:21]C)[S]CC 10=20;20,21=21"
"[H][NH+:21]=[C:20]2[NH][CH](CC)[CH](C)C(C)[O]2.[H][O:10][H].[Cl-]>>[Cl-].[H][O+:10]([H])[C:20]1([NH:21][H])[NH][CH](CC)C(C)[CH](C)[O]1 10=20;20,21=21"
"[H][NH+:10](C(C9=CC=CC=C9)C(CC)[NH]1)[C:20]1([NH:21]C6=CC=CC=C6)[NH]CC.[Cl-]>>[Cl-].[H][NH:10]C(C9=CC=CC=C9)C(CC)[NH][C:20]([NH]CC)=[NH+:21]C6=CC=CC=C6 21=20;20,10=10"
"[H][O+:10](C(C9=CC=CC=C9)C(C)C(C8=CC=CC=C8)[O]1)[C:20]1([O:21][H])[O][H].[Cl-]>>[Cl-].[H][O:10]C(C9=CC=CC=C9)C(C)C(C8=CC=CC=C8)[O][C:20]([O][H])=[O+:21][H] 21=20;20,10=10"
"[H][NH+:10](C(C9=CC=CC=C9)C(C)C(CC)[O]1)[C:20]1([NH:21][H])[O]C7=CC=CC=C7.[Cl-]>>[Cl-].[H][NH:10]C(C9=CC=CC=C9)C(C)C(CC)[O][C:20]([O]C7=CC=CC=C7)=[NH+:21][H] 21=20;20,10=10"
"CCCCCCN([C:20]1(OC(C([O:21]1)C)CC)[O-:10])[H]>>CCCCCCN([C:20](=[O:10])OC(C([O-:21])C)CC)[H] 10=20;20,21=21"
"CCC1C(O[C:20](=[O:10])N1C1=CC=CC=C1)CCCCCC.[O-:21]CC>>CCC1C(O[C:20](N1C1=CC=CC=C1)([O-:10])[O:21]CC)CCCCCC 21=20;20,10=10"
"[O-:21][C:20]1(C)C(O)C(C)C(C)C([H])[NH+:10]1([H])>>[NH:10]([H])C([H])C(C)C(C)C(O)[C:20](C)=[O:21] 21=20;20,10=10"
"[H][O+:10]([H])[C:20]([O:21][H])([O]C)[S]CC.[Cl-]>>[Cl-].[H][O:10][H].[H][O+:21]=[C:20]([O]C)[S]CC 21=20;20,10=10"
"[H][NH:10]C(C9=CC=CC=C9)C([H])C(C)[NH][C:20]([O]C)=[NH+:21][H].[Cl-]>>[Cl-].[H][NH+:10](C(C9=CC=CC=C9)C([H])C(C)[NH]1)[C:20]1([NH:21][H])[O]C 10=20;20,21=21"
"[NH:10]([H])C([H])C([H])C([C:20](OCC)=[O:21])[H]>>[O-:21][C:20]1(OCC)[NH+:10]([H])C([H])C([H])C1[H] 10=20;20,21=21"
"C9=CC=CC=C9[O+:10]([H])[C:20]1([NH:21][H])[NH][CH]([H])C(C)[CH]([H])[NH]1.[Cl-]>>[Cl-].[H][NH+:21]=[C:20]2[NH][CH]([H])[CH](C)C([H])[NH]2.C9=CC=CC=C9[O:10][H] 21=20;20,10=10"
"[H][NH+:10](C(C9=CC=CC=C9)C([H])[O]1)[C:20]1([NH:21]C)[NH]CC.[Cl-]>>[Cl-].[H][NH:10]C(C9=CC=CC=C9)C([H])[O][C:20]([NH]CC)=[NH+:21]C 21=20;20,10=10"
"[H][S:10]C(C9=CC=CC=C9)C(C)[O][C:20]([O]C)=[O+:21][Si](C)(C)(C).[Cl-]>>[Cl-].[H][S+:10](C(C9=CC=CC=C9)C(C)[O]1)[C:20]1([O:21][Si](C)(C)(C))[O]C 10=20;20,21=21"
"[H][NH:10]C(C)C(CC)[O][C:20]([NH]C7=CC=CC=C7)=[NH+:21][H].[Cl-]>>[Cl-].[H][NH+:10](C(C)C(CC)[O]1)[C:20]1([NH:21][H])[NH]C7=CC=CC=C7 10=20;20,21=21"
"[H][NH+:21]=[C:20]2[NH][CH](C)[CH]([H])C(C)[O]2.CC[O:10][H].[Cl-]>>[Cl-].CC[O+:10]([H])[C:20]1([NH:21][H])[NH][CH](C)C([H])[CH](C)[O]1 10=20;20,21=21"
"C6=CC=CC=C6[NH+:21]=[C:20]2[O][CH](C7=CC=CC=C7)[CH]([H])C(C)[O]2.C[NH:10][H].[Cl-]>>[Cl-].C[NH+:10]([H])[C:20]1([NH:21]C6=CC=CC=C6)[O][CH](C7=CC=CC=C7)C([H])[CH](C)[O]1 10=20;20,21=21"
"C[O:10][H].CC[NH+:21]=[C:20]([O]C)[NH]C7=CC=CC=C7.[Cl-]>>[Cl-].C[O+:10]([H])[C:20]([NH:21]CC)([O]C)[NH]C7=CC=CC=C7 10=20;20,21=21"
"C9=CC=CC=C9[S+:10]([H])[C:20]([O:21][H])([S]C)[S]C7=CC=CC=C7.[Cl-]>>[Cl-].C9=CC=CC=C9[S:10][H].[H][O+:21]=[C:20]([S]C)[S]C7=CC=CC=C7 21=20;20,10=10"
"[H][S:10]C(C9=CC=CC=C9)C([H])C(CC)[S][C:20]([S][H])=[O+:21][H].[Cl-]>>[Cl-].[H][S+:10](C(C9=CC=CC=C9)C([H])C(CC)[S]1)[C:20]1([O:21][H])[S][H] 10=20;20,21=21"
"C9=CC=CC=C9[O+:10]([H])[C:20]1([NH:21]CC)[NH]C(C7=CC=CC=C7)C(C)[NH]1.[Cl-]>>[Cl-].CC[NH+:21]=[C:20]2[NH]C(C7=CC=CC=C7)C(C)[NH]2.C9=CC=CC=C9[O:10][H] 21=20;20,10=10"
"[H][NH:10]C([H])C(C8=CC=CC=C8)[O][C:20]([O]C7=CC=CC=C7)=[NH+:21]CC.[Cl-]>>[Cl-].[H][NH+:10](C([H])C(C8=CC=CC=C8)[O]1)[C:20]1([NH:21]CC)[O]C7=CC=CC=C7 10=20;20,21=21"
"[H][O+:10](C(CC)C([H])C(CC)[NH]1)[C:20]1([NH:21]C)[NH]C7=CC=CC=C7.[Cl-]>>[Cl-].[H][O:10]C(CC)C([H])C(CC)[NH][C:20]([NH]C7=CC=CC=C7)=[NH+:21]C 21=20;20,10=10"
"[H][S+:10](C(C9=CC=CC=C9)C([H])[O]1)[C:20]1([O:21][Si](C)(C)(C))[O]C.[Cl-]>>[Cl-].[H][S:10]C(C9=CC=CC=C9)C([H])[O][C:20]([O]C)=[O+:21][Si](C)(C)(C) 21=20;20,10=10"
"[H]C1C(C(O[C:20](=[O:10])N1CCCCCC)C)[H].[O-:21][H]>>[H]C1C(C(O[C:20](N1CCCCCC)([O-:10])[O:21][H])C)[H] 21=20;20,10=10"
"CCC1C(C(O[C:20](N1CC)([O-:10])[Cl:21])CCCCCC)CCCCCC>>CCC1C(C(O[C:20](=[O:10])N1CC)CCCCCC)CCCCCC.[Cl-:21] 10=20;20,21=21"
"C1=CC=CC=C1C1C(C(O[C:20](N1C)([O-:10])[O:21]C)C1=CC=CC=C1)C>>C1=CC=CC=C1C1C(C(O[C:20](=[O:10])N1C)C1=CC=CC=C1)C.[O-:21]C 10=20;20,21=21"
"C1=CC=CC=C1C1C(O[C:20](N1CC)([O-:10])[O:21][H])C>>C1=CC=CC=C1C1C(O[C:20](=[O:10])N1CC)C.[O-:21][H] 10=20;20,21=21"
"[H][O+:10](C([H])C(C)C(C)[O]1)[C:20]1([NH:21]CC)[NH]CC.[Cl-]>>[Cl-].[H][O:10]C([H])C(C)C(C)[O][C:20]([NH]CC)=[NH+:21]CC 21=20;20,10=10"
"C9=CC=CC=C9[O+:10]([H])[C:20]1([NH:21]CC)[O][CH](CC)C(C)[CH]([H])[NH]1.[Cl-]>>[Cl-].CC[NH+:21]=[C:20]2[O][CH](CC)[CH](C)C([H])[NH]2.C9=CC=CC=C9[O:10][H] 21=20;20,10=10"
"[H][NH:10]C(C)C([H])[O][C:20]([O]C7=CC=CC=C7)=[NH+:21]C6=CC=CC=C6.[Cl-]>>[Cl-].[H][NH+:10](C(C)C([H])[O]1)[C:20]1([NH:21]C6=CC=CC=C6)[O]C7=CC=CC=C7 10=20;20,21=21"
"[H][O+:10](C(C)C(C)[S]1)[C:20]1([O:21]C)[O]C7=CC=CC=C7.[Cl-]>>[Cl-].[H][O:10]C(C)C(C)[S][C:20]([O]C7=CC=CC=C7)=[O+:21]C 21=20;20,10=10"
"CCCCCCN([C:20]1(OC(C(C([O:21]1)CC)C)C1=CC=CC=C1)[O-:10])[H]>>CCCCCCN([C:20](=[O:10])OC(C(C([O-:21])CC)C)C1=CC=CC=C1)[H] 10=20;20,21=21"
"[H][S:10][H].C[O+:21]=[C:20]([O]C8=CC=CC=C8)[O]C.[Cl-]>>[Cl-].[H][S+:10]([H])[C:20]([O:21]C)([O]C8=CC=CC=C8)[O]C 10=20;20,21=21"
"[H][NH+:10](C(C)C([H])C(CC)[O]1)[C:20]1([NH:21]CC)[O]C.[Cl-]>>[Cl-].[H][NH:10]C(C)C([H])C(CC)[O][C:20]([O]C)=[NH+:21]CC 21=20;20,10=10"
"C[NH+:21]=[C:20]2[NH][CH](C)[CH]([H])C(CC)[O]2.CC[NH:10][H].[Cl-]>>[Cl-].CC[NH+:10]([H])[C:20]1([NH:21]C)[NH][CH](C)C([H])[CH](CC)[O]1 10=20;20,21=21"
"[H][S+:10](C([H])C([H])C(C)[S]1)[C:20]1([O:21]C)[S][H].[Cl-]>>[Cl-].[H][S:10]C([H])C([H])C(C)[S][C:20]([S][H])=[O+:21]C 21=20;20,10=10"
"CC[O+:10]([H])[C:20]1([NH:21]CC)[O][CH]([H])C(C)[CH](C8=CC=CC=C8)[O]1.[Cl-]>>[Cl-].CC[NH+:21]=[C:20]2[O][CH]([H])[CH](C)C(C8=CC=CC=C8)[O]2.CC[O:10][H] 21=20;20,10=10"
"[OH:21][CH:20]2(OCC)C(C3=C(C([OH+:10]2)C)C=CC=C3)[H]>>[OH:10]C(C1=C(C([CH:20](OCC)=[OH+:21])[H])C=CC=C1)C 21=20;20,10=10"
"[H][S+:10]([H])[C:20]1([O:21]C)[O][CH](C)C(C)[CH]([H])[S]1.[Cl-]>>[Cl-].C[O+:21]=[C:20]2[O][CH](C)[CH](C)C([H])[S]2.[H][S:10][H] 21=20;20,10=10"
"C1=CC=CC=C1N([C:20]1(OC(C(C([O:21]1)[H])CC)CCCCCC)[O-:10])C1=CC=CC=C1>>C1=CC=CC=C1N([C:20](=[O:10])OC(C(C([O-:21])[H])CC)CCCCCC)C1=CC=CC=C1 10=20;20,21=21"
"CN([C:20]1(OC(C(C([O:21]1)C)CC)C1=CC=CC=C1)[O-:10])C>>CN([C:20](=[O:10])OC(C(C([O-:21])C)CC)C1=CC=CC=C1)C 10=20;20,21=21"
"[H][O:10]C(CC)C(C)C([H])[NH][C:20]([O]C)=[NH+:21][H].[Cl-]>>[Cl-].[H][O+:10](C(CC)C(C)C([H])[NH]1)[C:20]1([NH:21][H])[O]C 10=20;20,21=21"
"[O-:10]C(CCC)/C(O)=C([C:20]([H])=[O:21])/O>>[O-:21][C:20]1([H])[O:10]C(CCC)C(O)=C1O 10=20;20,21=21"
"C6=CC=CC=C6[NH+:21]=[C:20]2[NH][CH](C)[CH](C)C([H])[NH]2.C[NH:10][H].[Cl-]>>[Cl-].C[NH+:10]([H])[C:20]1([NH:21]C6=CC=CC=C6)[NH][CH](C)C(C)[CH]([H])[NH]1 10=20;20,21=21"
"[H][NH+:10]([H])[C:20]1([NH:21]C)[NH][CH]([H])C([H])[CH](C)[NH]1.[Cl-]>>[Cl-].C[NH+:21]=[C:20]2[NH][CH]([H])[CH]([H])C(C)[NH]2.[H][NH:10][H] 21=20;20,10=10"
"CC1C(C(O[C:20](=[O:10])N1CC)C)C.[O-:21]C1=CC=CC=C1>>CC1C(C(O[C:20](N1CC)([O-:10])[O:21]C1=CC=CC=C1)C)C 21=20;20,10=10"
"C(C([O-:21])C)(C(O[C:20](=[O:10])OC1=CC=CC=C1)C)CC>>C1(C(O[C:20]([O-:10])([O:21]C1C)OC1=CC=CC=C1)C)CC 21=20;20,10=10"
"C[O+:21]=[C:20]2[S][CH](C)[CH]([H])C(C8=CC=CC=C8)[O]2.C[O:10][H].[Cl-]>>[Cl-].C[O+:10]([H])[C:20]1([O:21]C)[S][CH](C)C([H])[CH](C8=CC=CC=C8)[O]1 10=20;20,21=21"
"[H][O+:10](C([H])C(C)C(C8=CC=CC=C8)[O]1)[C:20]1([NH:21]C6=CC=CC=C6)[O][H].[Cl-]>>[Cl-].[H][O:10]C([H])C(C)C(C8=CC=CC=C8)[O][C:20]([O][H])=[NH+:21]C6=CC=CC=C6 21=20;20,10=10"
"C9=CC=CC=C9[NH+:10]([H])[C:20]1([NH:21]C6=CC=CC=C6)[O][CH](C)C([H])[CH](C8=CC=CC=C8)[O]1.[Cl-]>>[Cl-].C6=CC=CC=C6[NH+:21]=[C:20]2[O][CH](C)[CH]([H])C(C8=CC=CC=C8)[O]2.C9=CC=CC=C9[NH:10][H] 21=20;20,10=10"
"C1=CC=CC=C1C1C(C(O[C:20](N1[H])([O-:10])[O:21][H])CC)CCCCCC>>C1=CC=CC=C1C1C(C(O[C:20](=[O:10])N1[H])CC)CCCCCC.[O-:21][H] 10=20;20,21=21"
"CC[O+:10]([Li])[C:21]([O-:20])(OCCCCCC)OC1=CC=CC=C1>>[O:20]=[C:21](OCCCCCC)OC1=CC=CC=C1.CC[O:10][Li] 20=21;21,10=10"
"CN([C:20]1(OC(C(C([O:21]1)CC)C)CC)[O-:10])C>>CN([C:20](=[O:10])OC(C(C([O-:21])CC)C)CC)C 10=20;20,21=21"
"C6=CC=CC=C6[NH+:21]=[C:20]2[O][CH](C)[CH]([H])C(CC)[NH]2.[H][NH:10][H].[Cl-]>>[Cl-].[H][NH+:10]([H])[C:20]1([NH:21]C6=CC=CC=C6)[O][CH](C)C([H])[CH](CC)[NH]1 10=20;20,21=21"
"[H][NH+:10]([H])[C:20]1([NH:21]C6=CC=CC=C6)[O]C([H])C([H])[O]1.[Cl-]>>[Cl-].C6=CC=CC=C6[NH+:21]=[C:20]2[O]C([H])C([H])[O]2.[H][NH:10][H] 21=20;20,10=10"
"[H][S+:10](C(CC)C([H])C([H])[O]1)[C:20]1([O:21]C)[O][H].[Cl-]>>[Cl-].[H][S:10]C(CC)C([H])C([H])[O][C:20]([O][H])=[O+:21]C 21=20;20,10=10"
"[NH:10]([H])C(CC)C([H])/C(C)=C(C)\[C:20](OCC)=[O:21]>>[O-:21][C:20]1(OCC)C(C)=C(C)C([H])C(CC)[NH+:10]1([H]) 10=20;20,21=21"
"CCCCCCN([C:20](=[O:10])OC(C(C([O-:21])CCCCCC)CCCCCC)C1=CC=CC=C1)[H]>>CCCCCCN([C:20]1(OC(C(C([O:21]1)CCCCCC)CCCCCC)C1=CC=CC=C1)[O-:10])[H] 21=20;20,10=10"
"CN([C:20]1(OC(C(C([O:21]1)C)CCCCCC)[H])[O-:10])[H]>>CN([C:20](=[O:10])OC(C(C([O-:21])C)CCCCCC)[H])[H] 10=20;20,21=21"
"[H][S+:10](C(C9=CC=CC=C9)C(CC)[S]1)[C:20]1([O:21][Si](C)(C)(C))[S]C7=CC=CC=C7.[Cl-]>>[Cl-].[H][S:10]C(C9=CC=CC=C9)C(CC)[S][C:20]([S]C7=CC=CC=C7)=[O+:21][Si](C)(C)(C) 21=20;20,10=10"
"CC[NH:10][H].C1CC(=O)N(C1=O)O[C:20](=[O:21])C>>CC[NH+:10]([C:20]([O-:21])(ON1C(=O)CCC1=O)C)[H] 10=20;20,21=21"
"C1=CC=CC=C1N([C:20]1(OC(C([O:21]1)CCCCCC)CCCCCC)[O-:10])C>>C1=CC=CC=C1N([C:20](=[O:10])OC(C([O-:21])CCCCCC)CCCCCC)C 10=20;20,21=21"
"C1=CC=CC=C1C1C(C(O[C:20](=[O:10])N1C)C)[H].[O-:21]CCCCCC>>C1=CC=CC=C1C1C(C(O[C:20](N1C)([O-:10])[O:21]CCCCCC)C)[H] 21=20;20,10=10"
"[H][O+:21]=[C:20]2[S][CH](C)[CH](C)C([H])[O]2.CC[S:10][H].[Cl-]>>[Cl-].CC[S+:10]([H])[C:20]1([O:21][H])[S][CH](C)C(C)[CH]([H])[O]1 10=20;20,21=21"
"C9=CC=CC=C9[S+:10]([H])[C:20]1([O:21]C)[S][CH](CC)C(C)[CH](C8=CC=CC=C8)[S]1.[Cl-]>>[Cl-].C[O+:21]=[C:20]2[S][CH](CC)[CH](C)C(C8=CC=CC=C8)[S]2.C9=CC=CC=C9[S:10][H] 21=20;20,10=10"
"[H][S+:10]([H])[C:20]([O:21]C)([O]C8=CC=CC=C8)[S]C.[Cl-]>>[Cl-].[H][S:10][H].C[O+:21]=[C:20]([O]C8=CC=CC=C8)[S]C 21=20;20,10=10"
"C9=CC=CC=C9[O+:10]([H])[C:20]1([O:21]C)[O][CH](C7=CC=CC=C7)C(C)[CH](C8=CC=CC=C8)[S]1.[Cl-]>>[Cl-].C[O+:21]=[C:20]2[O][CH](C7=CC=CC=C7)[CH](C)C(C8=CC=CC=C8)[S]2.C9=CC=CC=C9[O:10][H] 21=20;20,10=10"
"C[NH+:10]([H])[C:20]1([NH:21]C)[O][CH]([H])C([H])[CH](CC)[NH]1.[Cl-]>>[Cl-].C[NH+:21]=[C:20]2[O][CH]([H])[CH]([H])C(CC)[NH]2.C[NH:10][H] 21=20;20,10=10"
"[H][O:10]C(C)C(C)C([H])[S][C:20]([S]C)=[O+:21]C.[Cl-]>>[Cl-].[H][O+:10](C(C)C(C)C([H])[S]1)[C:20]1([O:21]C)[S]C 10=20;20,21=21"
"[H][S+:10](C(C)C(C)C(C8=CC=CC=C8)[S]1)[C:20]1([O:21]C)[S][H].[Cl-]>>[Cl-].[H][S:10]C(C)C(C)C(C8=CC=CC=C8)[S][C:20]([S][H])=[O+:21]C 21=20;20,10=10"
"[H][S:10]C(C)C(CC)[O][C:20]([O]CC)=[O+:21][Si](C)(C)(C).[Cl-]>>[Cl-].[H][S+:10](C(C)C(CC)[O]1)[C:20]1([O:21][Si](C)(C)(C))[O]CC 10=20;20,21=21"
"CC[O+:10]([H])[C:20]1([O:21][H])[O][CH]([H])C(C)[CH]([H])[S]1.[Cl-]>>[Cl-].[H][O+:21]=[C:20]2[O][CH]([H])[CH](C)C([H])[S]2.CC[O:10][H] 21=20;20,10=10"
"C9=CC=CC=C9[O+:10]([H])[C:20]1([NH:21]C)[O][CH](CC)C([H])[CH](C)[O]1.[Cl-]>>[Cl-].C[NH+:21]=[C:20]2[O][CH](CC)[CH]([H])C(C)[O]2.C9=CC=CC=C9[O:10][H] 21=20;20,10=10"
"[H][NH:10][H].C6=CC=CC=C6[NH+:21]=[C:20]([NH]C8=CC=CC=C8)[O][H].[Cl-]>>[Cl-].[H][NH+:10]([H])[C:20]([NH:21]C6=CC=CC=C6)([NH]C8=CC=CC=C8)[O][H] 10=20;20,21=21"
"C[O+:10]([H])[C:20]([O:21][H])([O]C8=CC=CC=C8)[O][H].[Cl-]>>[Cl-].C[O:10][H].[H][O+:21]=[C:20]([O]C8=CC=CC=C8)[O][H] 21=20;20,10=10"
"[H]N([C:20](=[O:10])OC(C(C([O-:21])[H])CCCCCC)C)CCCCCC>>[H]N([C:20]1(OC(C(C([O:21]1)[H])CCCCCC)C)[O-:10])CCCCCC 21=20;20,10=10"
"C(C([O-:21])[H])(C(O[C:20](=[O:10])OCCCCCC)C)[H]>>C1(C(O[C:20]([O-:10])([O:21]C1[H])OCCCCCC)C)[H] 21=20;20,10=10"
"[H][O+:10](C([H])C(C)C(C8=CC=CC=C8)[NH]1)[C:20]1([NH:21][H])[O]C7=CC=CC=C7.[Cl-]>>[Cl-].[H][O:10]C([H])C(C)C(C8=CC=CC=C8)[NH][C:20]([O]C7=CC=CC=C7)=[NH+:21][H] 21=20;20,10=10"
"C[O+:10]([H])[C:20]1([NH:21]C6=CC=CC=C6)[NH]C([H])C(C)[NH]1.[Cl-]>>[Cl-].C6=CC=CC=C6[NH+:21]=[C:20]2[NH]C([H])C(C)[NH]2.C[O:10][H] 21=20;20,10=10"
"CCN([C:20](=[O:10])OC(C(C([O-:21])[H])C)C1=CC=CC=C1)C1=CC=CC=C1>>CCN([C:20]1(OC(C(C([O:21]1)[H])C)C1=CC=CC=C1)[O-:10])C1=CC=CC=C1 21=20;20,10=10"
"[O-:21][C:20]1([H])C([H])=C([H])C([H])C(CCC)[O+:10]1([K])>>[O:10]([K])C(CCC)C([H])/C([H])=C([H])\[C:20]([H])=[O:21] 21=20;20,10=10"
"CC[NH+:21]=[C:20]2[O][CH]([H])[CH]([H])C(C8=CC=CC=C8)[NH]2.[H][O:10][H].[Cl-]>>[Cl-].[H][O+:10]([H])[C:20]1([NH:21]CC)[O][CH]([H])C([H])[CH](C8=CC=CC=C8)[NH]1 10=20;20,21=21"
"[H][NH:10]C(CC)C(C)C(C8=CC=CC=C8)[NH][C:20]([NH]C7=CC=CC=C7)=[NH+:21]C6=CC=CC=C6.[Cl-]>>[Cl-].[H][NH+:10](C(CC)C(C)C(C8=CC=CC=C8)[NH]1)[C:20]1([NH:21]C6=CC=CC=C6)[NH]C7=CC=CC=C7 10=20;20,21=21"
"C[O+:21]=[C:20]2[O][CH](C)[CH](C)C(CC)[O]2.CC[O:10][H].[Cl-]>>[Cl-].CC[O+:10]([H])[C:20]1([O:21]C)[O][CH](C)C(C)[CH](CC)[O]1 10=20;20,21=21"
"[O-:21][C:20]1(OC)C(C)C(C)=C(C)C(C)[NH+:10]1(C)>>[NH:10](C)C(C)/C(C)=C(C)\C(C)[C:20](OC)=[O:21] 21=20;20,10=10"
"[H][S+:10]([H])[C:20]([O:21]C)([S]C)[S]C7=CC=CC=C7.[Cl-]>>[Cl-].[H][S:10][H].C[O+:21]=[C:20]([S]C)[S]C7=CC=CC=C7 21=20;20,10=10"
"C9=CC=CC=C9[S:10][H].[H][O+:21]=[C:20]([O]C)[S]C.[Cl-]>>[Cl-].C9=CC=CC=C9[S+:10]([H])[C:20]([O:21][H])([O]C)[S]C 10=20;20,21=21"
"CN([C:20]([O-:10])([O:21]N1C(=O)CCC1=O)CCCCCC)C>>CN([C:20](=[O:10])CCCCCC)C.C1CC(=O)N(C1=O)[O-:21] 10=20;20,21=21"
"C1=CC=CC=C1C1C(C(O[C:20](=[O:10])N1[H])C1=CC=CC=C1)CCCCCC.[O-:21][H]>>C1=CC=CC=C1C1C(C(O[C:20](N1[H])([O-:10])[O:21][H])C1=CC=CC=C1)CCCCCC 21=20;20,10=10"
"[H][O+:10](C(CC)C([H])C(CC)[S]1)[C:20]1([O:21][H])[S]C.[Cl-]>>[Cl-].[H][O:10]C(CC)C([H])C(CC)[S][C:20]([S]C)=[O+:21][H] 21=20;20,10=10"
"[H][NH+:10](C([H])C(CC)[NH]1)[C:20]1([NH:21]C)[NH][H].[Cl-]>>[Cl-].[H][NH:10]C([H])C(CC)[NH][C:20]([NH][H])=[NH+:21]C 21=20;20,10=10"
"CC[S+:10]([H])[C:20]([O:21][H])([O][H])[O]CC.[Cl-]>>[Cl-].CC[S:10][H].[H][O+:21]=[C:20]([O][H])[O]CC 21=20;20,10=10"
"[H][O+:10](C(C9=CC=CC=C9)C(C8=CC=CC=C8)[NH]1)[C:20]1([NH:21][H])[O]C7=CC=CC=C7.[Cl-]>>[Cl-].[H][O:10]C(C9=CC=CC=C9)C(C8=CC=CC=C8)[NH][C:20]([O]C7=CC=CC=C7)=[NH+:21][H] 21=20;20,10=10"
"C1=CC=CC=C1C1C(O[C:20](N1CC)([O-:10])[O:21]C)CC>>C1=CC=CC=C1C1C(O[C:20](=[O:10])N1CC)CC.[O-:21]C 10=20;20,21=21"
"CC[S+:10]([H])[C:20]1([O:21][Si](C)(C)(C))[S]C(C)C(CC)[S]1.[Cl-]>>[Cl-].[Si](C)(C)(C)[O+:21]=[C:20]2[S]C(C)C(CC)[S]2.CC[S:10][H] 21=20;20,10=10"
"[O-:21][C:20]1([H])C([H])C(C)C(C)C([H])[O+:10]1([K])>>[O:10]([K])C([H])C(C)C(C)C([H])[C:20]([H])=[O:21] 21=20;20,10=10"
"[OH:10]C([H])C([H])C(O)C(C)[C:20]([H])=[OH+:21]>>[OH:21][C:20]1([H])C(C)C(O)C([H])C([H])[OH+:10]1 10=20;20,21=21"
"C6=CC=CC=C6[NH+:21]=[C:20]2[O]C(CC)C(CC)[O]2.[H][O:10][H].[Cl-]>>[Cl-].[H][O+:10]([H])[C:20]1([NH:21]C6=CC=CC=C6)[O]C(CC)C(CC)[O]1 10=20;20,21=21"
"CCC1C(C(O[C:20](N1C)([O-:10])[O:21]C1=CC=CC=C1)C1=CC=CC=C1)[H]>>CCC1C(C(O[C:20](=[O:10])N1C)C1=CC=CC=C1)[H].[O-:21]C1=CC=CC=C1 10=20;20,21=21"
"C[NH+:21]=[C:20]2[O][CH](C7=CC=CC=C7)[CH](C)C(CC)[O]2.C9=CC=CC=C9[NH:10][H].[Cl-]>>[Cl-].C9=CC=CC=C9[NH+:10]([H])[C:20]1([NH:21]C)[O][CH](C7=CC=CC=C7)C(C)[CH](CC)[O]1 10=20;20,21=21"
"C[S:10][H].C[O+:21]=[C:20]([O][H])[S]C.[Cl-]>>[Cl-].C[S+:10]([H])[C:20]([O:21]C)([O][H])[S]C 10=20;20,21=21"
"C1(C(O[C:20]([O-:10])([O:21]C1C)OC)[H])[H]>>C(C([O-:21])C)(C(O[C:20](=[O:10])OC)[H])[H] 10=20;20,21=21"
"C9=CC=CC=C9[O:10][H].[H][O+:21]=[C:20]([S]C)[O][H].[Cl-]>>[Cl-].C9=CC=CC=C9[O+:10]([H])[C:20]([O:21][H])([S]C)[O][H] 10=20;20,21=21"
"[H][O+:10]([H])[C:20]1([NH:21]C)[O][CH](C)C([H])[CH]([H])[NH]1.[Cl-]>>[Cl-].C[NH+:21]=[C:20]2[O][CH](C)[CH]([H])C([H])[NH]2.[H][O:10][H] 21=20;20,10=10"
"C9=CC=CC=C9[O+:10]([H])[C:20]1([NH:21]C)[O]C(C7=CC=CC=C7)C([H])[O]1.[Cl-]>>[Cl-].C[NH+:21]=[C:20]2[O]C(C7=CC=CC=C7)C([H])[O]2.C9=CC=CC=C9[O:10][H] 21=20;20,10=10"
"CC1C(C(O[C:20](N1C)([O-:10])[O:21]C)CC)[H]>>CC1C(C(O[C:20](=[O:10])N1C)CC)[H].[O-:21]C 10=20;20,21=21"
"CN([C:20](=[O:10])OC(C(C([O-:21])CC)CC)C)CC>>CN([C:20]1(OC(C(C([O:21]1)CC)CC)C)[O-:10])CC 21=20;20,10=10"
"[H][NH+:10](C(C)C([H])C(CC)[O]1)[C:20]1([NH:21][H])[O]CC.[Cl-]>>[Cl-].[H][NH:10]C(C)C([H])C(CC)[O][C:20]([O]CC)=[NH+:21][H] 21=20;20,10=10"
"C6=CC=CC=C6[NH+:21]=[C:20]2[NH]C([H])C(CC)[NH]2.C[NH:10][H].[Cl-]>>[Cl-].C[NH+:10]([H])[C:20]1([NH:21]C6=CC=CC=C6)[NH]C([H])C(CC)[NH]1 10=20;20,21=21"
"C[O+:21]=[C:20]2[O]C(C)C(CC)[S]2.CC[S:10][H].[Cl-]>>[Cl-].CC[S+:10]([H])[C:20]1([O:21]C)[O]C(C)C(CC)[S]1 10=20;20,21=21"
"CC[O+:10]([K])[C:21]([O-:20])(OCC)OC1=CC=CC=C1>>[O:20]=[C:21](OCC)OC1=CC=CC=C1.CC[O:10][K] 20=21;21,10=10"
"[H][NH:10]C(C9=CC=CC=C9)C([H])C([H])[NH][C:20]([NH]C7=CC=CC=C7)=[NH+:21]CC.[Cl-]>>[Cl-].[H][NH+:10](C(C9=CC=CC=C9)C([H])C([H])[NH]1)[C:20]1([NH:21]CC)[NH]C7=CC=CC=C7 10=20;20,21=21"
"[Si](C)(C)(C)[O+:21]=[C:20]2[O]C(CC)C(CC)[S]2.C[O:10][H].[Cl-]>>[Cl-].C[O+:10]([H])[C:20]1([O:21][Si](C)(C)(C))[O]C(CC)C(CC)[S]1 10=20;20,21=21"
"C[O+:10]([H])[C:20]([O:21][H])([O]C)[O]C7=CC=CC=C7.[Cl-]>>[Cl-].C[O:10][H].[H][O+:21]=[C:20]([O]C)[O]C7=CC=CC=C7 21=20;20,10=10"
"[H][O+:10]([H])[C:20]1([O:21][H])[O][CH](CC)C([H])[CH](C)[S]1.[Cl-]>>[Cl-].[H][O+:21]=[C:20]2[O][CH](CC)[CH]([H])C(C)[S]2.[H][O:10][H] 21=20;20,10=10"
"[H][NH+:21]=[C:20]2[O]C(C)C(C)[O]2.CC[NH:10][H].[Cl-]>>[Cl-].CC[NH+:10]([H])[C:20]1([NH:21][H])[O]C(C)C(C)[O]1 10=20;20,21=21"
"C[O+:21]=[C:20]2[O][CH](C7=CC=CC=C7)[CH](C)C(CC)[S]2.CC[S:10][H].[Cl-]>>[Cl-].CC[S+:10]([H])[C:20]1([O:21]C)[O][CH](C7=CC=CC=C7)C(C)[CH](CC)[S]1 10=20;20,21=21"
"CCCCCCC1C(C(O[C:20](N1CCCCCC)([O-:10])[Cl:21])CCCCCC)C1=CC=CC=C1>>CCCCCCC1C(C(O[C:20](=[O:10])N1CCCCCC)CCCCCC)C1=CC=CC=C1.[Cl-:21] 10=20;20,21=21"
"C6=CC=CC=C6[NH+:21]=[C:20]2[O][CH](C7=CC=CC=C7)[CH](C)C([H])[O]2.[H][NH:10][H].[Cl-]>>[Cl-].[H][NH+:10]([H])[C:20]1([NH:21]C6=CC=CC=C6)[O][CH](C7=CC=CC=C7)C(C)[CH]([H])[O]1 10=20;20,21=21"
"CCCCCCN([C:20](=[O:10])OC(C(C([O-:21])CC)CC)C1=CC=CC=C1)[H]>>CCCCCCN([C:20]1(OC(C(C([O:21]1)CC)CC)C1=CC=CC=C1)[O-:10])[H] 21=20;20,10=10"
"C1=CC=CC=C1C1C(O[C:20](N1C1=CC=CC=C1)([O-:10])[O:21]CC)C>>C1=CC=CC=C1C1C(O[C:20](=[O:10])N1C1=CC=CC=C1)C.[O-:21]CC 10=20;20,21=21"
"[H][S:10]C(C)C([H])C(C)[S][C:20]([S][H])=[O+:21]C.[Cl-]>>[Cl-].[H][S+:10](C(C)C([H])C(C)[S]1)[C:20]1([O:21]C)[S][H] 10=20;20,21=21"
"[H][O+:10]([H])[C:20]([NH:21]CC)([O]CC)[O]C.[Cl-]>>[Cl-].[H][O:10][H].CC[NH+:21]=[C:20]([O]CC)[O]C 21=20;20,10=10"
"[H][NH+:10](C(C9=CC=CC=C9)C(C)C([H])[O]1)[C:20]1([NH:21]C)[O]CC.[Cl-]>>[Cl-].[H][NH:10]C(C9=CC=CC=C9)C(C)C([H])[O][C:20]([O]CC)=[NH+:21]C 21=20;20,10=10"
"C(C([O-:21])C1=CC=CC=C1)(C(O[C:20](=[O:10])OC1=CC=CC=C1)CCCCCC)[H]>>C1(C(O[C:20]([O-:10])([O:21]C1C1=CC=CC=C1)OC1=CC=CC=C1)CCCCCC)[H] 21=20;20,10=10"
"CCN([C:20]1(OC(C([O:21]1)C1=CC=CC=C1)CC)[O-:10])CC>>CCN([C:20](=[O:10])OC(C([O-:21])C1=CC=CC=C1)CC)CC 10=20;20,21=21"
"[H][S:10]C([H])C(C)[S][C:20]([S]C7=CC=CC=C7)=[O+:21]C.[Cl-]>>[Cl-].[H][S+:10](C([H])C(C)[S]1)[C:20]1([O:21]C)[S]C7=CC=CC=C7 10=20;20,21=21"
"[O:10]([K])C([H])C(C)/C(C)=C(C)\[C:20](OCC)=[O:21]>>[O-:21][C:20]1(OCC)C(C)=C(C)C(C)C([H])[O+:10]1([K]) 10=20;20,21=21"
"[H][S+:10](C(CC)C([H])C(C8=CC=CC=C8)[O]1)[C:20]1([O:21][H])[O][H].[Cl-]>>[Cl-].[H][S:10]C(CC)C([H])C(C8=CC=CC=C8)[O][C:20]([O][H])=[O+:21][H] 21=20;20,10=10"
"[O-:21][C:20]1([H])[O+:10]([Na])C(CC)C([H])=C1C>>[O:10]([Na])C(CC)/C([H])=C([C:20]([H])=[O:21])/C 21=20;20,10=10"
"CCN([C:20]1(OC(C(C([O:21]1)[H])CC)CC)[O-:10])[H]>>CCN([C:20](=[O:10])OC(C(C([O-:21])[H])CC)CC)[H] 10=20;20,21=21"
"[O-:21][C:20]1(C)C([H])C([H])C(O)C(C)[NH+:10]1([H])>>[NH:10]([H])C(C)C(O)C([H])C([H])[C:20](C)=[O:21] 21=20;20,10=10"
"CN([C:20]([O-:10])(OCC)[O:21]CC)CC>>CN([C:20](=[O:10])OCC)CC.[O-:21]CC 10=20;20,21=21"
"[H][O:10]C(C)C(C)[NH][C:20]([NH][H])=[NH+:21]C.[Cl-]>>[Cl-].[H][O+:10](C(C)C(C)[NH]1)[C:20]1([NH:21]C)[NH][H] 10=20;20,21=21"
"[H][S:10][H].[Si](C)(C)(C)[O+:21]=[C:20]([S]C8=CC=CC=C8)[S]CC.[Cl-]>>[Cl-].[H][S+:10]([H])[C:20]([O:21][Si](C)(C)(C))([S]C8=CC=CC=C8)[S]CC 10=20;20,21=21"
"[O:10]([Na])C([H])/C([H])=C([H])\C([H])[C:20](OCC)=[O:21]>>[O-:21][C:20]1(OCC)C([H])C([H])=C([H])C([H])[O+:10]1([Na]) 10=20;20,21=21"
"[H][NH+:10](C(C)C(C)C([H])[NH]1)[C:20]1([NH:21]C)[O]CC.[Cl-]>>[Cl-].[H][NH:10]C(C)C(C)C([H])[NH][C:20]([O]CC)=[NH+:21]C 21=20;20,10=10"
"[H][O:10]C(C)C(C)C(CC)[NH][C:20]([O]C)=[NH+:21][H].[Cl-]>>[Cl-].[H][O+:10](C(C)C(C)C(CC)[NH]1)[C:20]1([NH:21][H])[O]C 10=20;20,21=21"
"CN([C:20](=[O:10])OC(C(C([O-:21])C)C)C1=CC=CC=C1)CC>>CN([C:20]1(OC(C(C([O:21]1)C)C)C1=CC=CC=C1)[O-:10])CC 21=20;20,10=10"
"CN([C:20](=[O:10])OC(C(C([O-:21])C)CC)C)[H]>>CN([C:20]1(OC(C(C([O:21]1)C)CC)C)[O-:10])[H] 21=20;20,10=10"
"[OH:10]C([H])/C(C)=C([H])\C([H])[C:20](OCC)=[OH+:21]>>[OH:21][C:20]1(OCC)C([H])C([H])=C(C)C([H])[OH+:10]1 10=20;20,21=21"
"C[NH+:10]([H])[C:20]1([NH:21][H])[NH][CH](CC)C([H])[CH](C8=CC=CC=C8)[O]1.[Cl-]>>[Cl-].[H][NH+:21]=[C:20]2[NH][CH](CC)[CH]([H])C(C8=CC=CC=C8)[O]2.C[NH:10][H] 21=20;20,10=10"
"[H][O:10]C([H])C(C)C([H])[S][C:20]([S]C7=CC=CC=C7)=[O+:21]C.[Cl-]>>[Cl-].[H][O+:10](C([H])C(C)C([H])[S]1)[C:20]1([O:21]C)[S]C7=CC=CC=C7 10=20;20,21=21"
"CCN([C:20]1(OC(C(C([O:21]1)[H])CCCCCC)C1=CC=CC=C1)[O-:10])CC>>CCN([C:20](=[O:10])OC(C(C([O-:21])[H])CCCCCC)C1=CC=CC=C1)CC 10=20;20,21=21"
"C9=CC=CC=C9[O+:10]([H])[C:20]1([NH:21]CC)[O]C(C7=CC=CC=C7)C(C)[NH]1.[Cl-]>>[Cl-].CC[NH+:21]=[C:20]2[O]C(C7=CC=CC=C7)C(C)[NH]2.C9=CC=CC=C9[O:10][H] 21=20;20,10=10"
"[H][O+:10](C(C9=CC=CC=C9)C([H])C([H])[S]1)[C:20]1([O:21][H])[O]CC.[Cl-]>>[Cl-].[H][O:10]C(C9=CC=CC=C9)C([H])C([H])[S][C:20]([O]CC)=[O+:21][H] 21=20;20,10=10"
"C6=CC=CC=C6[NH+:21]=[C:20]2[O][CH](C)[CH](C)C(C)[O]2.C[NH:10][H].[Cl-]>>[Cl-].C[NH+:10]([H])[C:20]1([NH:21]C6=CC=CC=C6)[O][CH](C)C(C)[CH](C)[O]1 10=20;20,21=21"
"[H][S+:10](C(CC)C([H])C([H])[S]1)[C:20]1([O:21][H])[S]C.[Cl-]>>[Cl-].[H][S:10]C(CC)C([H])C([H])[S][C:20]([S]C)=[O+:21][H] 21=20;20,10=10"
"C[O+:10]([H])[C:20]1([NH:21]C)[NH][CH](C7=CC=CC=C7)C(C)[CH](CC)[NH]1.[Cl-]>>[Cl-].C[NH+:21]=[C:20]2[NH][CH](C7=CC=CC=C7)[CH](C)C(CC)[NH]2.C[O:10][H] 21=20;20,10=10"
"[H][NH:10]C(C)C([H])C(C)[O][C:20]([NH][H])=[NH+:21][H].[Cl-]>>[Cl-].[H][NH+:10](C(C)C([H])C(C)[O]1)[C:20]1([NH:21][H])[NH][H] 10=20;20,21=21"
"CC[O+:10]([H])[C:20]1([O:21][Si](C)(C)(C))[S]C(C7=CC=CC=C7)C(CC)[O]1.[Cl-]>>[Cl-].[Si](C)(C)(C)[O+:21]=[C:20]2[S]C(C7=CC=CC=C7)C(CC)[O]2.CC[O:10][H] 21=20;20,10=10"
"[H][NH+:21]=[C:20]2[NH]C(CC)C(CC)[NH]2.C[O:10][H].[Cl-]>>[Cl-].C[O+:10]([H])[C:20]1([NH:21][H])[NH]C(CC)C(CC)[NH]1 10=20;20,21=21"
"[H][O:10]C(CC)C(C)C([H])[O][C:20]([O]C)=[NH+:21]C6=CC=CC=C6.[Cl-]>>[Cl-].[H][O+:10](C(CC)C(C)C([H])[O]1)[C:20]1([NH:21]C6=CC=CC=C6)[O]C 10=20;20,21=21"
"[H][O:10]C(C)C(C)[S][C:20]([S]C7=CC=CC=C7)=[O+:21]C.[Cl-]>>[Cl-].[H][O+:10](C(C)C(C)[S]1)[C:20]1([O:21]C)[S]C7=CC=CC=C7 10=20;20,21=21"
"[H][NH+:10](C(C9=CC=CC=C9)C(C)C(CC)[NH]1)[C:20]1([NH:21]C6=CC=CC=C6)[O]CC.[Cl-]>>[Cl-].[H][NH:10]C(C9=CC=CC=C9)C(C)C(CC)[NH][C:20]([O]CC)=[NH+:21]C6=CC=CC=C6 21=20;20,10=10"
"C9=CC=CC=C9[S+:10]([H])[C:20]1([O:21][H])[O][CH]([H])C([H])[CH](CC)[S]1.[Cl-]>>[Cl-].[H][O+:21]=[C:20]2[O][CH]([H])[CH]([H])C(CC)[S]2.C9=CC=CC=C9[S:10][H] 21=20;20,10=10"
"C[NH+:10]([H])[C:20]1([NH:21]C)[NH]C([H])C(CC)[O]1.[Cl-]>>[Cl-].C[NH+:21]=[C:20]2[NH]C([H])C(CC)[O]2.C[NH:10][H] 21=20;20,10=10"
"[NH:10]([H])C(CC)C(C)C([H])C([H])[C:20]([H])=[O:21]>>[O-:21][C:20]1([H])C([H])C([H])C(C)C(CC)[NH+:10]1([H]) 10=20;20,21=21"
"CCCCCCC1C(C(O[C:20](=[O:10])N1[H])[H])[H].[O-:21][H]>>CCCCCCC1C(C(O[C:20](N1[H])([O-:10])[O:21][H])[H])[H] 21=20;20,10=10"
"[H][S+:10](C(C)C(C)C(C)[S]1)[C:20]1([O:21]C)[O]C7=CC=CC=C7.[Cl-]>>[Cl-].[H][S:10]C(C)C(C)C(C)[S][C:20]([O]C7=CC=CC=C7)=[O+:21]C 21=20;20,10=10"
"CCN([C:20]1(OC(C([O:21]1)C1=CC=CC=C1)[H])[O-:10])CCCCCC>>CCN([C:20](=[O:10])OC(C([O-:21])C1=CC=CC=C1)[H])CCCCCC 10=20;20,21=21"
"[H][O+:10](C(C9=CC=CC=C9)C([H])C(C8=CC=CC=C8)[NH]1)[C:20]1([NH:21]C)[O]C7=CC=CC=C7.[Cl-]>>[Cl-].[H][O:10]C(C9=CC=CC=C9)C([H])C(C8=CC=CC=C8)[NH][C:20]([O]C7=CC=CC=C7)=[NH+:21]C 21=20;20,10=10"
"CC1C(C(O[C:20](N1CCCCCC)([O-:10])[O:21]CCCCCC)C1=CC=CC=C1)[H]>>CC1C(C(O[C:20](=[O:10])N1CCCCCC)C1=CC=CC=C1)[H].[O-:21]CCCCCC 10=20;20,21=21"
"CC[NH+:10]([H])[C:20]1([NH:21]C6=CC=CC=C6)[O][CH]([H])C([H])[CH](C8=CC=CC=C8)[NH]1.[Cl-]>>[Cl-].C6=CC=CC=C6[NH+:21]=[C:20]2[O][CH]([H])[CH]([H])C(C8=CC=CC=C8)[NH]2.CC[NH:10][H] 21=20;20,10=10"
"[H][NH:10]C(C)C(C)C([H])[NH][C:20]([O][H])=[NH+:21]C.[Cl-]>>[Cl-].[H][NH+:10](C(C)C(C)C([H])[NH]1)[C:20]1([NH:21]C)[O][H] 10=20;20,21=21"
"[H][O+:10]([H])[C:20]1([NH:21][H])[NH][CH](C7=CC=CC=C7)C([H])[CH](C8=CC=CC=C8)[NH]1.[Cl-]>>[Cl-].[H][NH+:21]=[C:20]2[NH][CH](C7=CC=CC=C7)[CH]([H])C(C8=CC=CC=C8)[NH]2.[H][O:10][H] 21=20;20,10=10"
"[H][O+:10](C(CC)C([H])C(CC)[NH]1)[C:20]1([NH:21]C6=CC=CC=C6)[NH]C7=CC=CC=C7.[Cl-]>>[Cl-].[H][O:10]C(CC)C([H])C(CC)[NH][C:20]([NH]C7=CC=CC=C7)=[NH+:21]C6=CC=CC=C6 21=20;20,10=10"
"[H][NH+:10](C(C9=CC=CC=C9)C(C)C(C)[O]1)[C:20]1([NH:21][H])[NH]CC.[Cl-]>>[Cl-].[H][NH:10]C(C9=CC=CC=C9)C(C)C(C)[O][C:20]([NH]CC)=[NH+:21][H] 21=20;20,10=10"
"CC[O+:10]([H])[C:20]([NH:21]CC)([NH][H])[O]C7=CC=CC=C7.[Cl-]>>[Cl-].CC[O:10][H].CC[NH+:21]=[C:20]([NH][H])[O]C7=CC=CC=C7 21=20;20,10=10"
"[H][NH+:10]([H])[C:20]1([NH:21]C6=CC=CC=C6)[O][CH]([H])C(C)[CH](C)[NH]1.[Cl-]>>[Cl-].C6=CC=CC=C6[NH+:21]=[C:20]2[O][CH]([H])[CH](C)C(C)[NH]2.[H][NH:10][H] 21=20;20,10=10"
"C[O:10][H].[H][NH+:21]=[C:20]([O]C)[NH]C.[Cl-]>>[Cl-].C[O+:10]([H])[C:20]([NH:21][H])([O]C)[NH]C 10=20;20,21=21"
"CC[O+:10]([H])[C:20]1([NH:21][H])[NH][CH](C)C(C)[CH](C)[O]1.[Cl-]>>[Cl-].[H][NH+:21]=[C:20]2[NH][CH](C)[CH](C)C(C)[O]2.CC[O:10][H] 21=20;20,10=10"
"[H][NH+:21]=[C:20]2[NH][CH]([H])[CH]([H])C(CC)[O]2.C9=CC=CC=C9[O:10][H].[Cl-]>>[Cl-].C9=CC=CC=C9[O+:10]([H])[C:20]1([NH:21][H])[NH][CH]([H])C([H])[CH](CC)[O]1 10=20;20,21=21"
"C9=CC=CC=C9[NH+:10]([H])[C:20]([NH:21]C)([NH][H])[NH]C7=CC=CC=C7.[Cl-]>>[Cl-].C9=CC=CC=C9[NH:10][H].C[NH+:21]=[C:20]([NH][H])[NH]C7=CC=CC=C7 21=20;20,10=10"
"[H][O+:10]([H])[C:20]([O:21][Si](C)(C)(C))([O]C)[O]CC.[Cl-]>>[Cl-].[H][O:10][H].[Si](C)(C)(C)[O+:21]=[C:20]([O]C)[O]CC 21=20;20,10=10"
"[Li][O:21]CCCCCC.[C:20](=[O:10])(OC)OC1=CC=CC=C1>>[Li][O+:21]([C:20]([O-:10])(OC)OC1=CC=CC=C1)CCCCCC 21=20;20,10=10"
"[H][NH:10]C(CC)C([H])C(CC)[NH][C:20]([NH]CC)=[NH+:21][H].[Cl-]>>[Cl-].[H][NH+:10](C(CC)C([H])C(CC)[NH]1)[C:20]1([NH:21][H])[NH]CC 10=20;20,21=21"
"[H]N([C:20](=[O:10])OC(C([O-:21])CC)C)[H]>>[H]N([C:20]1(OC(C([O:21]1)CC)C)[O-:10])[H] 21=20;20,10=10"
"CN([C:20](=[O:10])OCC)CCCCCC.[O-:21]CC>>CN([C:20]([O-:10])(OCC)[O:21]CC)CCCCCC 21=20;20,10=10"
"[H][O+:10](C(C9=CC=CC=C9)C(C)C(C)[O]1)[C:20]1([NH:21]C)[O]C.[Cl-]>>[Cl-].[H][O:10]C(C9=CC=CC=C9)C(C)C(C)[O][C:20]([O]C)=[NH+:21]C 21=20;20,10=10"
"[H][O+:10](C(CC)C([H])C(CC)[NH]1)[C:20]1([NH:21]C)[NH]C.[Cl-]>>[Cl-].[H][O:10]C(CC)C([H])C(CC)[NH][C:20]([NH]C)=[NH+:21]C 21=20;20,10=10"
"[H][NH+:21]=[C:20]2[NH][CH](CC)[CH](C)C([H])[NH]2.C[NH:10][H].[Cl-]>>[Cl-].C[NH+:10]([H])[C:20]1([NH:21][H])[NH][CH](CC)C(C)[CH]([H])[NH]1 10=20;20,21=21"
"CCCCCCN([C:20]1(OC(C([O:21]1)C1=CC=CC=C1)CC)[O-:10])C1=CC=CC=C1>>CCCCCCN([C:20](=[O:10])OC(C([O-:21])C1=CC=CC=C1)CC)C1=CC=CC=C1 10=20;20,21=21"
"[H][NH+:21]=[C:20]2[O]C(CC)C([H])[O]2.C[NH:10][H].[Cl-]>>[Cl-].C[NH+:10]([H])[C:20]1([NH:21][H])[O]C(CC)C([H])[O]1 10=20;20,21=21"
"C9=CC=CC=C9[O+:10]([H])[C:20]1([NH:21][H])[NH][CH]([H])C(C)[CH](C)[O]1.[Cl-]>>[Cl-].[H][NH+:21]=[C:20]2[NH][CH]([H])[CH](C)C(C)[O]2.C9=CC=CC=C9[O:10][H] 21=20;20,10=10"
"[O:10]([Na])C([H])C(C)C(O)C([H])[C:20]([H])=[O:21]>>[O-:21][C:20]1([H])C([H])C(O)C(C)C([H])[O+:10]1([Na]) 10=20;20,21=21"
"[H][S:10]C([H])C(C)[O][C:20]([O]C)=[O+:21]C.[Cl-]>>[Cl-].[H][S+:10](C([H])C(C)[O]1)[C:20]1([O:21]C)[O]C 10=20;20,21=21"
"CCCCCCN([C:20](=[O:10])OC(C(C([O-:21])C)C)CCCCCC)C1=CC=CC=C1>>CCCCCCN([C:20]1(OC(C(C([O:21]1)C)C)CCCCCC)[O-:10])C1=CC=CC=C1 21=20;20,10=10"
"[OH:21][C:20]1(OC)[OH+:10]C(C)C([H])C1C>>[OH:10]C(C)C([H])C([C:20](OC)=[OH+:21])C 21=20;20,10=10"
"C9=CC=CC=C9[NH+:10]([H])[C:20]([NH:21]C)([NH][H])[O]C.[Cl-]>>[Cl-].C9=CC=CC=C9[NH:10][H].C[NH+:21]=[C:20]([NH][H])[O]C 21=20;20,10=10"
"[H][O+:10]([H])[C:20]1([NH:21]CC)[O]C(C7=CC=CC=C7)C(C8=CC=CC=C8)[O]1.[Cl-]>>[Cl-].CC[NH+:21]=[C:20]2[O]C(C7=CC=CC=C7)C(C8=CC=CC=C8)[O]2.[H][O:10][H] 21=20;20,10=10"
"[H][NH:10][H].[H][NH+:21]=[C:20]([O]CC)[O][H].[Cl-]>>[Cl-].[H][NH+:10]([H])[C:20]([NH:21][H])([O]CC)[O][H] 10=20;20,21=21"
"[H][NH+:10](C(C)C(C)[NH]1)[C:20]1([NH:21][H])[O]C.[Cl-]>>[Cl-].[H][NH:10]C(C)C(C)[NH][C:20]([O]C)=[NH+:21][H] 21=20;20,10=10"
"[H][NH:10]C.C1CC(=O)N(C1=O)O[C:20](=[O:21])[H]>>[H][NH+:10]([C:20]([O-:21])(ON1C(=O)CCC1=O)[H])C 10=20;20,21=21"
"C9=CC=CC=C9[O+:10]([H])[C:20]1([O:21]C)[S][CH]([H])C(C)[CH](C)[S]1.[Cl-]>>[Cl-].C[O+:21]=[C:20]2[S][CH]([H])[CH](C)C(C)[S]2.C9=CC=CC=C9[O:10][H] 21=20;20,10=10"
"C1(C(O[C:20]([O-:10])([O:21]C1CCCCCC)O[H])CCCCCC)CCCCCC>>C(C([O-:21])CCCCCC)(C(O[C:20](=[O:10])O[H])CCCCCC)CCCCCC 10=20;20,21=21"
"[H][S+:10](C([H])C([H])C(C)[O]1)[C:20]1([O:21][H])[O][H].[Cl-]>>[Cl-].[H][S:10]C([H])C([H])C(C)[O][C:20]([O][H])=[O+:21][H] 21=20;20,10=10"
"CC[O+:10]([H])[C:20]1([NH:21]C)[O]C(CC)C(C)[NH]1.[Cl-]>>[Cl-].C[NH+:21]=[C:20]2[O]C(CC)C(C)[NH]2.CC[O:10][H] 21=20;20,10=10"
"C[O+:10]([H])[C:20]1([NH:21]C)[NH]C(C7=CC=CC=C7)C(CC)[NH]1.[Cl-]>>[Cl-].C[NH+:21]=[C:20]2[NH]C(C7=CC=CC=C7)C(CC)[NH]2.C[O:10][H] 21=20;20,10=10"
"C9=CC=CC=C9[O+:10]([H])[C:20]([O:21][H])([S][H])[O]C7=CC=CC=C7.[Cl-]>>[Cl-].C9=CC=CC=C9[O:10][H].[H][O+:21]=[C:20]([S][H])[O]C7=CC=CC=C7 21=20;20,10=10"
"[H][O+:10]([H])[C:20]1([NH:21][H])[O][CH](CC)C([H])[CH](C)[O]1.[Cl-]>>[Cl-].[H][NH+:21]=[C:20]2[O][CH](CC)[CH]([H])C(C)[O]2.[H][O:10][H] 21=20;20,10=10"
"[H][O:10]C(CC)C(C8=CC=CC=C8)[NH][C:20]([NH]CC)=[NH+:21]C6=CC=CC=C6.[Cl-]>>[Cl-].[H][O+:10](C(CC)C(C8=CC=CC=C8)[NH]1)[C:20]1([NH:21]C6=CC=CC=C6)[NH]CC 10=20;20,21=21"
"[H][NH:10]C(CC)C([H])C([H])[O][C:20]([O]C7=CC=CC=C7)=[NH+:21][H].[Cl-]>>[Cl-].[H][NH+:10](C(CC)C([H])C([H])[O]1)[C:20]1([NH:21][H])[O]C7=CC=CC=C7 10=20;20,21=21"
"C1=CC=CC=C1C1C(C(O[C:20](=[O:10])N1C1=CC=CC=C1)C)C.[O-:21]CCCCCC>>C1=CC=CC=C1C1C(C(O[C:20](N1C1=CC=CC=C1)([O-:10])[O:21]CCCCCC)C)C 21=20;20,10=10"
"[H][O+:21]=[C:20]2[S][CH]([H])[CH]([H])C(C8=CC=CC=C8)[S]2.C[O:10][H].[Cl-]>>[Cl-].C[O+:10]([H])[C:20]1([O:21][H])[S][CH]([H])C([H])[CH](C8=CC=CC=C8)[S]1 10=20;20,21=21"
"CCC1C(C(O[C:20](=[O:10])N1C)[H])[H].[O-:21]CC>>CCC1C(C(O[C:20](N1C)([O-:10])[O:21]CC)[H])[H] 21=20;20,10=10"
"[OH:21][C:20]1([H])[OH+:10]C([H])C([H])C1O>>[OH:10]C([H])C([H])C([C:20]([H])=[OH+:21])O 21=20;20,10=10"
"C[O+:21]=[C:20]2[O]C(CC)C(C)[S]2.CC[S:10][H].[Cl-]>>[Cl-].CC[S+:10]([H])[C:20]1([O:21]C)[O]C(CC)C(C)[S]1 10=20;20,21=21"
"[O-:21][C:20]1(OC)[NH+:10](C)C(C)C([H])N1[H]>>[NH:10](C)C(C)C([H])N([C:20](OC)=[O:21])[H] 21=20;20,10=10"
"[H][NH+:21]=[C:20]2[NH]C([H])C([H])[O]2.C9=CC=CC=C9[O:10][H].[Cl-]>>[Cl-].C9=CC=CC=C9[O+:10]([H])[C:20]1([NH:21][H])[NH]C([H])C([H])[O]1 10=20;20,21=21"
"[O-:21][C:20]1(OCC)[NH+:10](C)C([H])C(O)C1O>>[NH:10](C)C([H])C(O)C([C:20](OCC)=[O:21])O 21=20;20,10=10"
"[OH:10]C([H])C([H])/C(C)=C(C)\[C:20](OC)=[OH+:21]>>[OH:21][C:20]1(OC)C(C)=C(C)C([H])C([H])[OH+:10]1 10=20;20,21=21"
"CC[O+:10]([H])[C:20]([NH:21]CC)([O]C8=CC=CC=C8)[O]C.[Cl-]>>[Cl-].CC[O:10][H].CC[NH+:21]=[C:20]([O]C8=CC=CC=C8)[O]C 21=20;20,10=10"
"C1=CC=CC=C1N([C:20](=[O:10])OC(C(C([O-:21])C1=CC=CC=C1)[H])C)CC>>C1=CC=CC=C1N([C:20]1(OC(C(C([O:21]1)C1=CC=CC=C1)[H])C)[O-:10])CC 21=20;20,10=10"
"[H][O+:10](C(CC)C(C)C([H])[S]1)[C:20]1([O:21][H])[O]CC.[Cl-]>>[Cl-].[H][O:10]C(CC)C(C)C([H])[S][C:20]([O]CC)=[O+:21][H] 21=20;20,10=10"
"[H][O+:10](C(CC)C(CC)[O]1)[C:20]1([O:21][Si](C)(C)(C))[O]C7=CC=CC=C7.[Cl-]>>[Cl-].[H][O:10]C(CC)C(CC)[O][C:20]([O]C7=CC=CC=C7)=[O+:21][Si](C)(C)(C) 21=20;20,10=10"
"CC[O+:10]([H])[C:20]([O:21][H])([O]CC)[S][H].[Cl-]>>[Cl-].CC[O:10][H].[H][O+:21]=[C:20]([O]CC)[S][H] 21=20;20,10=10"
"[H][NH:10]C(C)C(C)C(CC)[O][C:20]([NH]CC)=[NH+:21]CC.[Cl-]>>[Cl-].[H][NH+:10](C(C)C(C)C(CC)[O]1)[C:20]1([NH:21]CC)[NH]CC 10=20;20,21=21"
"[O-:21][C:20]1(OC)C([H])C(C)=C(C)C(CC)[NH+:10]1([H])>>[NH:10]([H])C(CC)/C(C)=C(C)\C([H])[C:20](OC)=[O:21] 21=20;20,10=10"
"[H][O:10][H].C6=CC=CC=C6[NH+:21]=[C:20]([O][H])[NH][H].[Cl-]>>[Cl-].[H][O+:10]([H])[C:20]([NH:21]C6=CC=CC=C6)([O][H])[NH][H] 10=20;20,21=21"
"[H][O:10]C(CC)C(CC)[NH][C:20]([O]C)=[NH+:21]CC.[Cl-]>>[Cl-].[H][O+:10](C(CC)C(CC)[NH]1)[C:20]1([NH:21]CC)[O]C 10=20;20,21=21"
"C[NH+:21]=[C:20]2[O]C(C)C([H])[O]2.C9=CC=CC=C9[O:10][H].[Cl-]>>[Cl-].C9=CC=CC=C9[O+:10]([H])[C:20]1([NH:21]C)[O]C(C)C([H])[O]1 10=20;20,21=21"
"[H][NH:10]C([H])C(C8=CC=CC=C8)[NH][C:20]([O]CC)=[NH+:21]CC.[Cl-]>>[Cl-].[H][NH+:10](C([H])C(C8=CC=CC=C8)[NH]1)[C:20]1([NH:21]CC)[O]CC 10=20;20,21=21"
"[H][O:10]C([H])C(CC)[NH][C:20]([O]C7=CC=CC=C7)=[NH+:21]CC.[Cl-]>>[Cl-].[H][O+:10](C([H])C(CC)[NH]1)[C:20]1([NH:21]CC)[O]C7=CC=CC=C7 10=20;20,21=21"
"[O:20]=[C:21](OC)O[H].CC[O:10][K]>>CC[O+:10]([K])[C:21]([O-:20])(OC)O[H] 10=21;21,20=20"
"CCC1C(C(O[C:20](=[O:10])N1C)C1=CC=CC=C1)CCCCCC.[O-:21]CC>>CCC1C(C(O[C:20](N1C)([O-:10])[O:21]CC)C1=CC=CC=C1)CCCCCC 21=20;20,10=10"
"[H]C1C(O[C:20](N1CC)([O-:10])[O:21]C)CCCCCC>>[H]C1C(O[C:20](=[O:10])N1CC)CCCCCC.[O-:21]C 10=20;20,21=21"
"[O-:21][C:20]1(OCC)[NH+:10](C)C([H])C([H])=C1[H]>>[NH:10](C)C([H])/C([H])=C([C:20](OCC)=[O:21])/[H] 21=20;20,10=10"
"[H][NH+:10](C(C9=CC=CC=C9)C([H])[NH]1)[C:20]1([NH:21]CC)[NH]C7=CC=CC=C7.[Cl-]>>[Cl-].[H][NH:10]C(C9=CC=CC=C9)C([H])[NH][C:20]([NH]C7=CC=CC=C7)=[NH+:21]CC 21=20;20,10=10"
"C(C([O-:21])C)(C(O[C:20](=[O:10])OCCCCCC)C1=CC=CC=C1)CC>>C1(C(O[C:20]([O-:10])([O:21]C1C)OCCCCCC)C1=CC=CC=C1)CC 21=20;20,10=10"
"C9=CC=CC=C9[NH+:10]([H])[C:20]1([NH:21]C)[NH]C([H])C(C)[O]1.[Cl-]>>[Cl-].C[NH+:21]=[C:20]2[NH]C([H])C(C)[O]2.C9=CC=CC=C9[NH:10][H] 21=20;20,10=10"
"[H][O+:10](C(C)C([H])C([H])[S]1)[C:20]1([O:21]C)[S]C7=CC=CC=C7.[Cl-]>>[Cl-].[H][O:10]C(C)C([H])C([H])[S][C:20]([S]C7=CC=CC=C7)=[O+:21]C 21=20;20,10=10"
"[H][NH:10]C(CC)C(C)C([H])[NH][C:20]([O]C)=[NH+:21]C.[Cl-]>>[Cl-].[H][NH+:10](C(CC)C(C)C([H])[NH]1)[C:20]1([NH:21]C)[O]C 10=20;20,21=21"
"[NH:10]([H])C(C)C(C)C(C)C(C)[C:20](OCC)=[O:21]>>[O-:21][C:20]1(OCC)C(C)C(C)C(C)C(C)[NH+:10]1([H]) 10=20;20,21=21"
"[O:10]([K])C(CC)/C([H])=C([C:20](C)=[O:21])/C>>[O-:21][C:20]1(C)[O+:10]([K])C(CC)C([H])=C1C 10=20;20,21=21"
"[H][NH+:10](C(CC)C(C)C(C8=CC=CC=C8)[NH]1)[C:20]1([NH:21]C)[O][H].[Cl-]>>[Cl-].[H][NH:10]C(CC)C(C)C(C8=CC=CC=C8)[NH][C:20]([O][H])=[NH+:21]C 21=20;20,10=10"
"[O-:10]C(C)C([H])/C(C)=C([H])\[C:20](OC)=[O:21]>>[O-:21][C:20]1(OC)C([H])=C(C)C([H])C(C)[O:10]1 10=20;20,21=21"
"[O-:21][C:20]1(OCC)C([H])C(O)C([H])C(CC)[O+:10]1([Na])>>[O:10]([Na])C(CC)C([H])C(O)C([H])[C:20](OCC)=[O:21] 21=20;20,10=10"
"C[O+:10]([H])[C:20]1([NH:21]C6=CC=CC=C6)[O][CH](CC)C(C)[CH](CC)[O]1.[Cl-]>>[Cl-].C6=CC=CC=C6[NH+:21]=[C:20]2[O][CH](CC)[CH](C)C(CC)[O]2.C[O:10][H] 21=20;20,10=10"
"CCCCCCN([C:20](=[O:10])OC(C([O-:21])CC)CCCCCC)[H]>>CCCCCCN([C:20]1(OC(C([O:21]1)CC)CCCCCC)[O-:10])[H] 21=20;20,10=10"
"[OH:21][C:20]1(OCC)C(C)=C(C)C(C)C([H])[OH+:10]1>>[OH:10]C([H])C(C)/C(C)=C(C)\[C:20](OCC)=[OH+:21] 21=20;20,10=10"
"C9=CC=CC=C9[NH+:10]([H])[C:20]([NH:21]C)([NH]C8=CC=CC=C8)[NH]C7=CC=CC=C7.[Cl-]>>[Cl-].C9=CC=CC=C9[NH:10][H].C[NH+:21]=[C:20]([NH]C8=CC=CC=C8)[NH]C7=CC=CC=C7 21=20;20,10=10"
"[H][NH+:10](C([H])C(C)C(C8=CC=CC=C8)[O]1)[C:20]1([NH:21]C)[O]C.[Cl-]>>[Cl-].[H][NH:10]C([H])C(C)C(C8=CC=CC=C8)[O][C:20]([O]C)=[NH+:21]C 21=20;20,10=10"
"[H][NH+:10](C(C9=CC=CC=C9)C([H])C(CC)[NH]1)[C:20]1([NH:21]C)[O][H].[Cl-]>>[Cl-].[H][NH:10]C(C9=CC=CC=C9)C([H])C(CC)[NH][C:20]([O][H])=[NH+:21]C 21=20;20,10=10"
"C[NH+:21]=[C:20]2[NH][CH](CC)[CH](C)C([H])[O]2.CC[NH:10][H].[Cl-]>>[Cl-].CC[NH+:10]([H])[C:20]1([NH:21]C)[NH][CH](CC)C(C)[CH]([H])[O]1 10=20;20,21=21"
"[H][S:10]C(CC)C(CC)[S][C:20]([O]CC)=[O+:21][H].[Cl-]>>[Cl-].[H][S+:10](C(CC)C(CC)[S]1)[C:20]1([O:21][H])[O]CC 10=20;20,21=21"
"C[O+:21]=[C:20]2[S][CH]([H])[CH](C)C(CC)[O]2.CC[S:10][H].[Cl-]>>[Cl-].CC[S+:10]([H])[C:20]1([O:21]C)[S][CH]([H])C(C)[CH](CC)[O]1 10=20;20,21=21"
"CC[NH+:10]([H])[C:20]1([NH:21]C)[O][CH](C)C([H])[CH](CC)[O]1.[Cl-]>>[Cl-].C[NH+:21]=[C:20]2[O][CH](C)[CH]([H])C(CC)[O]2.CC[NH:10][H] 21=20;20,10=10"
"[H][O+:10](C(C9=CC=CC=C9)C(C8=CC=CC=C8)[S]1)[C:20]1([O:21][H])[S][H].[Cl-]>>[Cl-].[H][O:10]C(C9=CC=CC=C9)C(C8=CC=CC=C8)[S][C:20]([S][H])=[O+:21][H] 21=20;20,10=10"
"[H][NH+:21]=[C:20]2[NH][CH](C)[CH]([H])C([H])[NH]2.CC[NH:10][H].[Cl-]>>[Cl-].CC[NH+:10]([H])[C:20]1([NH:21][H])[NH][CH](C)C([H])[CH]([H])[NH]1 10=20;20,21=21"
"[H]N([C:20](=[O:10])OC(C([O-:21])C)CCCCCC)CCCCCC>>[H]N([C:20]1(OC(C([O:21]1)C)CCCCCC)[O-:10])CCCCCC 21=20;20,10=10"
"[H][S:10]C([H])C(C)C(C)[S][C:20]([O][H])=[O+:21][H].[Cl-]>>[Cl-].[H][S+:10](C([H])C(C)C(C)[S]1)[C:20]1([O:21][H])[O][H] 10=20;20,21=21"
"[H][S:10]C(CC)C(C)C(C8=CC=CC=C8)[S][C:20]([S]C)=[O+:21][H].[Cl-]>>[Cl-].[H][S+:10](C(CC)C(C)C(C8=CC=CC=C8)[S]1)[C:20]1([O:21][H])[S]C 10=20;20,21=21"
"CN([C:20]1(OC(C(C([O:21]1)CCCCCC)CC)CC)[O-:10])CC>>CN([C:20](=[O:10])OC(C(C([O-:21])CCCCCC)CC)CC)CC 10=20;20,21=21"
"[O-:21][C:20]1(OC)C([H])C([H])=C(C)C(C)[NH+:10]1(C)>>[NH:10](C)C(C)/C(C)=C([H])\C([H])[C:20](OC)=[O:21] 21=20;20,10=10"
"[H][O:10]C(C)C(C)C(C8=CC=CC=C8)[O][C:20]([S]CC)=[O+:21]C.[Cl-]>>[Cl-].[H][O+:10](C(C)C(C)C(C8=CC=CC=C8)[O]1)[C:20]1([O:21]C)[S]CC 10=20;20,21=21"
"C1=CC=CC=C1N([C:20]1(OC(C(C([O:21]1)C)CCCCCC)CCCCCC)[O-:10])[H]>>C1=CC=CC=C1N([C:20](=[O:10])OC(C(C([O-:21])C)CCCCCC)CCCCCC)[H] 10=20;20,21=21"
"[O-:21][C:20]1(C)C(O)C(C)C([H])C(CCC)[O:10]1>>[O-:10]C(CCC)C([H])C(C)C(O)[C:20](C)=[O:21] 21=20;20,10=10"
"[H][O:10]C(CC)C(CC)[O][C:20]([O]C)=[O+:21][Si](C)(C)(C).[Cl-]>>[Cl-].[H][O+:10](C(CC)C(CC)[O]1)[C:20]1([O:21][Si](C)(C)(C))[O]C 10=20;20,21=21"
"C6=CC=CC=C6[NH+:21]=[C:20]2[NH][CH](C)[CH](C)C(C8=CC=CC=C8)[O]2.[H][NH:10][H].[Cl-]>>[Cl-].[H][NH+:10]([H])[C:20]1([NH:21]C6=CC=CC=C6)[NH][CH](C)C(C)[CH](C8=CC=CC=C8)[O]1 10=20;20,21=21"
"CC[NH+:21]=[C:20]2[O][CH](CC)[CH]([H])C([H])[O]2.CC[O:10][H].[Cl-]>>[Cl-].CC[O+:10]([H])[C:20]1([NH:21]CC)[O][CH](CC)C([H])[CH]([H])[O]1 10=20;20,21=21"
"[O-:21][C:20]1(OC)C(O)C(O)C([H])C(CCC)[O+:10]1([Na])>>[O:10]([Na])C(CCC)C([H])C(O)C(O)[C:20](OC)=[O:21] 21=20;20,10=10"
"[H][O+:10]([H])[C:20]1([NH:21]C6=CC=CC=C6)[NH][CH](CC)C([H])[CH](CC)[NH]1.[Cl-]>>[Cl-].C6=CC=CC=C6[NH+:21]=[C:20]2[NH][CH](CC)[CH]([H])C(CC)[NH]2.[H][O:10][H] 21=20;20,10=10"
"[H][O:10]C(C9=CC=CC=C9)C(C8=CC=CC=C8)[O][C:20]([O]CC)=[NH+:21][H].[Cl-]>>[Cl-].[H][O+:10](C(C9=CC=CC=C9)C(C8=CC=CC=C8)[O]1)[C:20]1([NH:21][H])[O]CC 10=20;20,21=21"
"C[O+:21]=[C:20]2[O][CH](C7=CC=CC=C7)[CH]([H])C(C8=CC=CC=C8)[S]2.C9=CC=CC=C9[S:10][H].[Cl-]>>[Cl-].C9=CC=CC=C9[S+:10]([H])[C:20]1([O:21]C)[O][CH](C7=CC=CC=C7)C([H])[CH](C8=CC=CC=C8)[S]1 10=20;20,21=21"
"[O-:21][C:20]1(OCC)C([H])C([H])C(C)C([H])[O+:10]1([Na])>>[O:10]([Na])C([H])C(C)C([H])C([H])[C:20](OCC)=[O:21] 21=20;20,10=10"
"CCC1C(C(O[C:20](=[O:10])N1CCCCCC)[H])CC.[O-:21]C1=CC=CC=C1>>CCC1C(C(O[C:20](N1CCCCCC)([O-:10])[O:21]C1=CC=CC=C1)[H])CC 21=20;20,10=10"
"C1=CC=CC=C1N([C:20]1(OC(C(C([O:21]1)C)C)C1=CC=CC=C1)[O-:10])C>>C1=CC=CC=C1N([C:20](=[O:10])OC(C(C([O-:21])C)C)C1=CC=CC=C1)C 10=20;20,21=21"
"[H][NH:10][H].C[NH+:21]=[C:20]([O][H])[O][H].[Cl-]>>[Cl-].[H][NH+:10]([H])[C:20]([NH:21]C)([O][H])[O][H] 10=20;20,21=21"
"[H][O+:21]=[C:20]2[O][CH](CC)[CH]([H])C(CC)[S]2.C9=CC=CC=C9[O:10][H].[Cl-]>>[Cl-].C9=CC=CC=C9[O+:10]([H])[C:20]1([O:21][H])[O][CH](CC)C([H])[CH](CC)[S]1 10=20;20,21=21"
"[H][S+:10](C(C)C(C)C(C)[S]1)[C:20]1([O:21]C)[O]CC.[Cl-]>>[Cl-].[H][S:10]C(C)C(C)C(C)[S][C:20]([O]CC)=[O+:21]C 21=20;20,10=10"
"[O-:21][C:20]1(OC)C(C)C(C)C(C)C(CC)[O+:10]1([Na])>>[O:10]([Na])C(CC)C(C)C(C)C(C)[C:20](OC)=[O:21] 21=20;20,10=10"
"C[O+:10]([H])[C:20]1([NH:21]CC)[O]C(C)C([H])[O]1.[Cl-]>>[Cl-].CC[NH+:21]=[C:20]2[O]C(C)C([H])[O]2.C[O:10][H] 21=20;20,10=10"
"C9=CC=CC=C9[O+:10]([H])[C:20]1([NH:21]CC)[NH][CH](C)C(C)[CH](CC)[NH]1.[Cl-]>>[Cl-].CC[NH+:21]=[C:20]2[NH][CH](C)[CH](C)C(CC)[NH]2.C9=CC=CC=C9[O:10][H] 21=20;20,10=10"
"CN([C:20]1(OC(C(C([O:21]1)CCCCCC)CCCCCC)CC)[O-:10])C1=CC=CC=C1>>CN([C:20](=[O:10])OC(C(C([O-:21])CCCCCC)CCCCCC)CC)C1=CC=CC=C1 10=20;20,21=21"
"CC[NH+:21]=[C:20]2[O][CH](CC)[CH](C)C([H])[NH]2.[H][NH:10][H].[Cl-]>>[Cl-].[H][NH+:10]([H])[C:20]1([NH:21]CC)[O][CH](CC)C(C)[CH]([H])[NH]1 10=20;20,21=21"
"CC1C(C(O[C:20](=[O:10])N1CC)[H])[H].[O-:21]CCCCCC>>CC1C(C(O[C:20](N1CC)([O-:10])[O:21]CCCCCC)[H])[H] 21=20;20,10=10"
"[NH:10](C)C(C(C1=C(C=CC=C1)[CH:20](C)=[O:21])[H])[H]>>[O-:21][CH:20]2(C)C3=C(C(C([NH+:10]2(C))[H])[H])C=CC=C3  10=20;20,21=21"
"[H][NH+:21]=[C:20]2[NH][CH](CC)[CH]([H])C(C8=CC=CC=C8)[O]2.CC[O:10][H].[Cl-]>>[Cl-].CC[O+:10]([H])[C:20]1([NH:21][H])[NH][CH](CC)C([H])[CH](C8=CC=CC=C8)[O]1 10=20;20,21=21"
"CN([C:20](=[O:10])OC(C(C([O-:21])CC)C)[H])C1=CC=CC=C1>>CN([C:20]1(OC(C(C([O:21]1)CC)C)[H])[O-:10])C1=CC=CC=C1 21=20;20,10=10"
"[H][S:10]C([H])C(C)[O][C:20]([S]C7=CC=CC=C7)=[O+:21][H].[Cl-]>>[Cl-].[H][S+:10](C([H])C(C)[O]1)[C:20]1([O:21][H])[S]C7=CC=CC=C7 10=20;20,21=21"
"[H][NH:10]C([H])C(C8=CC=CC=C8)[NH][C:20]([O]C)=[NH+:21]C6=CC=CC=C6.[Cl-]>>[Cl-].[H][NH+:10](C([H])C(C8=CC=CC=C8)[NH]1)[C:20]1([NH:21]C6=CC=CC=C6)[O]C 10=20;20,21=21"
"C[O+:10]([H])[C:20]([NH:21]C6=CC=CC=C6)([O]C)[NH][H].[Cl-]>>[Cl-].C[O:10][H].C6=CC=CC=C6[NH+:21]=[C:20]([O]C)[NH][H] 21=20;20,10=10"
"CC[NH:10][H].[H][NH+:21]=[C:20]([O][H])[NH]CC.[Cl-]>>[Cl-].CC[NH+:10]([H])[C:20]([NH:21][H])([O][H])[NH]CC 10=20;20,21=21"
"[H][O:10]C(C9=CC=CC=C9)C([H])[O][C:20]([NH][H])=[NH+:21][H].[Cl-]>>[Cl-].[H][O+:10](C(C9=CC=CC=C9)C([H])[O]1)[C:20]1([NH:21][H])[NH][H] 10=20;20,21=21"
"[H][O:10]C(C9=CC=CC=C9)C([H])C(C)[NH][C:20]([NH]C7=CC=CC=C7)=[NH+:21]C.[Cl-]>>[Cl-].[H][O+:10](C(C9=CC=CC=C9)C([H])C(C)[NH]1)[C:20]1([NH:21]C)[NH]C7=CC=CC=C7 10=20;20,21=21"
"C9=CC=CC=C9[O+:10]([H])[C:20]([O:21][Si](C)(C)(C))([O]C8=CC=CC=C8)[S]C.[Cl-]>>[Cl-].C9=CC=CC=C9[O:10][H].[Si](C)(C)(C)[O+:21]=[C:20]([O]C8=CC=CC=C8)[S]C 21=20;20,10=10"
"[H][O+:10](C(C9=CC=CC=C9)C([H])C(CC)[O]1)[C:20]1([NH:21]CC)[O][H].[Cl-]>>[Cl-].[H][O:10]C(C9=CC=CC=C9)C([H])C(CC)[O][C:20]([O][H])=[NH+:21]CC 21=20;20,10=10"
"[H][S:10]C(CC)C([H])C(C)[S][C:20]([S]C7=CC=CC=C7)=[O+:21]C.[Cl-]>>[Cl-].[H][S+:10](C(CC)C([H])C(C)[S]1)[C:20]1([O:21]C)[S]C7=CC=CC=C7 10=20;20,21=21"
"CN([C:20]1(OC(C(C([O:21]1)C)CC)C1=CC=CC=C1)[O-:10])CCCCCC>>CN([C:20](=[O:10])OC(C(C([O-:21])C)CC)C1=CC=CC=C1)CCCCCC 10=20;20,21=21"
"[H][O+:10]([H])[C:20]1([NH:21]CC)[NH][CH]([H])C([H])[CH](C8=CC=CC=C8)[NH]1.[Cl-]>>[Cl-].CC[NH+:21]=[C:20]2[NH][CH]([H])[CH]([H])C(C8=CC=CC=C8)[NH]2.[H][O:10][H] 21=20;20,10=10"
"[H]C1C(C(O[C:20](=[O:10])N1CC)CC)C.[O-:21]CC>>[H]C1C(C(O[C:20](N1CC)([O-:10])[O:21]CC)CC)C 21=20;20,10=10"
"[O-:21][C:20]1([H])C(C)=C(C)C(C)C(CCC)[O+:10]1([Na])>>[O:10]([Na])C(CCC)C(C)/C(C)=C(C)\[C:20]([H])=[O:21] 21=20;20,10=10"
"[H][S+:10](C([H])C(C)C(C8=CC=CC=C8)[S]1)[C:20]1([O:21]C)[S][H].[Cl-]>>[Cl-].[H][S:10]C([H])C(C)C(C8=CC=CC=C8)[S][C:20]([S][H])=[O+:21]C 21=20;20,10=10"
"CCN([C:20](=[O:10])OC(C(C([O-:21])CCCCCC)C)C)[H]>>CCN([C:20]1(OC(C(C([O:21]1)CCCCCC)C)C)[O-:10])[H] 21=20;20,10=10"
"[H]C1C(C(O[C:20](N1[H])([O-:10])[O:21]C1=CC=CC=C1)CCCCCC)CC>>[H]C1C(C(O[C:20](=[O:10])N1[H])CCCCCC)CC.[O-:21]C1=CC=CC=C1 10=20;20,21=21"
"C1(C(O[C:20]([O-:10])([O:21]C1CCCCCC)O[H])CC)CCCCCC>>C(C([O-:21])CCCCCC)(C(O[C:20](=[O:10])O[H])CC)CCCCCC 10=20;20,21=21"
"C9=CC=CC=C9[O+:10]([H])[C:20]1([NH:21]C)[NH][CH](C)C([H])[CH](C8=CC=CC=C8)[O]1.[Cl-]>>[Cl-].C[NH+:21]=[C:20]2[NH][CH](C)[CH]([H])C(C8=CC=CC=C8)[O]2.C9=CC=CC=C9[O:10][H] 21=20;20,10=10"
"[H]C1C(C(O[C:20](N1CC)([O-:10])[O:21][H])CC)C>>[H]C1C(C(O[C:20](=[O:10])N1CC)CC)C.[O-:21][H] 10=20;20,21=21"
"[H][NH+:10](C(CC)C(C8=CC=CC=C8)[O]1)[C:20]1([NH:21]C)[NH]C7=CC=CC=C7.[Cl-]>>[Cl-].[H][NH:10]C(CC)C(C8=CC=CC=C8)[O][C:20]([NH]C7=CC=CC=C7)=[NH+:21]C 21=20;20,10=10"
"[H][O:10]C([H])C([H])C(C8=CC=CC=C8)[O][C:20]([S]C)=[O+:21]C.[Cl-]>>[Cl-].[H][O+:10](C([H])C([H])C(C8=CC=CC=C8)[O]1)[C:20]1([O:21]C)[S]C 10=20;20,21=21"
"[H][NH+:10](C(CC)C(C8=CC=CC=C8)[NH]1)[C:20]1([NH:21]C6=CC=CC=C6)[NH][H].[Cl-]>>[Cl-].[H][NH:10]C(CC)C(C8=CC=CC=C8)[NH][C:20]([NH][H])=[NH+:21]C6=CC=CC=C6 21=20;20,10=10"
"[H][NH+:10]([H])[C:20]1([NH:21]CC)[NH][CH]([H])C([H])[CH](CC)[O]1.[Cl-]>>[Cl-].CC[NH+:21]=[C:20]2[NH][CH]([H])[CH]([H])C(CC)[O]2.[H][NH:10][H] 21=20;20,10=10"
"[H][S:10]C(CC)C(C8=CC=CC=C8)[O][C:20]([S][H])=[O+:21][Si](C)(C)(C).[Cl-]>>[Cl-].[H][S+:10](C(CC)C(C8=CC=CC=C8)[O]1)[C:20]1([O:21][Si](C)(C)(C))[S][H] 10=20;20,21=21"
"[O-:21][C:20]1(C)C([H])C([H])C(C)C(CC)[O+:10]1([Na])>>[O:10]([Na])C(CC)C(C)C([H])C([H])[C:20](C)=[O:21] 21=20;20,10=10"
"CCCCCCC1C(C(O[C:20](N1CCCCCC)([O-:10])[O:21]CCCCCC)CCCCCC)CC>>CCCCCCC1C(C(O[C:20](=[O:10])N1CCCCCC)CCCCCC)CC.[O-:21]CCCCCC 10=20;20,21=21"
"CC[NH+:10]([H])[C:20]1([NH:21]C6=CC=CC=C6)[NH][CH](CC)C(C)[CH](C)[NH]1.[Cl-]>>[Cl-].C6=CC=CC=C6[NH+:21]=[C:20]2[NH][CH](CC)[CH](C)C(C)[NH]2.CC[NH:10][H] 21=20;20,10=10"
"C1=CC=CC=C1C1C(C(O[C:20](=[O:10])N1C)C)CCCCCC.[O-:21]C1=CC=CC=C1>>C1=CC=CC=C1C1C(C(O[C:20](N1C)([O-:10])[O:21]C1=CC=CC=C1)C)CCCCCC 21=20;20,10=10"
"C[NH+:21]=[C:20]2[NH][CH](C7=CC=CC=C7)[CH](C)C([H])[O]2.C9=CC=CC=C9[NH:10][H].[Cl-]>>[Cl-].C9=CC=CC=C9[NH+:10]([H])[C:20]1([NH:21]C)[NH][CH](C7=CC=CC=C7)C(C)[CH]([H])[O]1 10=20;20,21=21"
"C1=CC=CC=C1N([C:20](=[O:10])OC(C(C([O-:21])CCCCCC)CC)[H])CC>>C1=CC=CC=C1N([C:20]1(OC(C(C([O:21]1)CCCCCC)CC)[H])[O-:10])CC 21=20;20,10=10"
"C[O+:21]=[C:20]2[S][CH](C)[CH](C)C([H])[O]2.C[S:10][H].[Cl-]>>[Cl-].C[S+:10]([H])[C:20]1([O:21]C)[S][CH](C)C(C)[CH]([H])[O]1 10=20;20,21=21"
"C9=CC=CC=C9[S+:10]([H])[C:20]1([O:21][H])[O][CH]([H])C([H])[CH]([H])[S]1.[Cl-]>>[Cl-].[H][O+:21]=[C:20]2[O][CH]([H])[CH]([H])C([H])[S]2.C9=CC=CC=C9[S:10][H] 21=20;20,10=10"
"[H][O:10]C(CC)C([H])C(C)[NH][C:20]([O]C7=CC=CC=C7)=[NH+:21]C6=CC=CC=C6.[Cl-]>>[Cl-].[H][O+:10](C(CC)C([H])C(C)[NH]1)[C:20]1([NH:21]C6=CC=CC=C6)[O]C7=CC=CC=C7 10=20;20,21=21"
"[H]C1C(O[C:20](N1[H])([O-:10])[O:21]C1=CC=CC=C1)CCCCCC>>[H]C1C(O[C:20](=[O:10])N1[H])CCCCCC.[O-:21]C1=CC=CC=C1 10=20;20,21=21"
"[H]N([C:20](=[O:10])OC(C(C([O-:21])[H])CCCCCC)[H])CC>>[H]N([C:20]1(OC(C(C([O:21]1)[H])CCCCCC)[H])[O-:10])CC 21=20;20,10=10"
"[O-:21][C:20]1(OC)C([H])C([H])C([H])C([H])[NH+:10]1(C)>>[NH:10](C)C([H])C([H])C([H])C([H])[C:20](OC)=[O:21] 21=20;20,10=10"
"[O:10]([Na])C(C)C(C)N([C:20](OCC)=[O:21])C>>[O-:21][C:20]1(OCC)[O+:10]([Na])C(C)C(C)N1C 10=20;20,21=21"
"C[O+:10]([H])[C:20]1([NH:21]C6=CC=CC=C6)[O][CH](CC)C(C)[CH](C8=CC=CC=C8)[O]1.[Cl-]>>[Cl-].C6=CC=CC=C6[NH+:21]=[C:20]2[O][CH](CC)[CH](C)C(C8=CC=CC=C8)[O]2.C[O:10][H] 21=20;20,10=10"
"CCCCCCC1C(C(O[C:20](=[O:10])N1CCCCCC)CC)[H].[O-:21]C1=CC=CC=C1>>CCCCCCC1C(C(O[C:20](N1CCCCCC)([O-:10])[O:21]C1=CC=CC=C1)CC)[H] 21=20;20,10=10"
"[O:20]=[C:21](OC1=CC=CC=C1)OC.C[O:10][K]>>C[O+:10]([K])[C:21]([O-:20])(OC1=CC=CC=C1)OC 10=21;21,20=20"
"[H][NH+:10](C(C)C([H])C([H])[NH]1)[C:20]1([NH:21][H])[NH]C.[Cl-]>>[Cl-].[H][NH:10]C(C)C([H])C([H])[NH][C:20]([NH]C)=[NH+:21][H] 21=20;20,10=10"
"[O:20]=[C:21](OCCCCCC)OC.[H][O:10][Na]>>[H][O+:10]([Na])[C:21]([O-:20])(OCCCCCC)OC 10=21;21,20=20"
"[OH:10]C(CC)C(C)C([H])C(C)[C:20](OC)=[OH+:21]>>[OH:21][C:20]1(OC)C(C)C([H])C(C)C(CC)[OH+:10]1 10=20;20,21=21"
"CCCCCCC1C(C(O[C:20](=[O:10])N1C1=CC=CC=C1)C)[H].[O-:21]CC>>CCCCCCC1C(C(O[C:20](N1C1=CC=CC=C1)([O-:10])[O:21]CC)C)[H] 21=20;20,10=10"
"C[NH+:21]=[C:20]2[NH][CH](C7=CC=CC=C7)[CH](C)C([H])[O]2.CC[O:10][H].[Cl-]>>[Cl-].CC[O+:10]([H])[C:20]1([NH:21]C)[NH][CH](C7=CC=CC=C7)C(C)[CH]([H])[O]1 10=20;20,21=21"
"C1=CC=CC=C1C1C(C(O[C:20](N1C)([O-:10])[O:21]C)CC)CCCCCC>>C1=CC=CC=C1C1C(C(O[C:20](=[O:10])N1C)CC)CCCCCC.[O-:21]C 10=20;20,21=21"
"[H][S+:10](C(C)C(C)[S]1)[C:20]1([O:21][Si](C)(C)(C))[O][H].[Cl-]>>[Cl-].[H][S:10]C(C)C(C)[S][C:20]([O][H])=[O+:21][Si](C)(C)(C) 21=20;20,10=10"
"CCCCCCN([C:20](=[O:10])OC)CCCCCC.[O-:21][H]>>CCCCCCN([C:20]([O-:10])(OC)[O:21][H])CCCCCC 21=20;20,10=10"
"CCC1C(C(O[C:20](N1CCCCCC)([O-:10])[Cl:21])[H])C>>CCC1C(C(O[C:20](=[O:10])N1CCCCCC)[H])C.[Cl-:21] 10=20;20,21=21"
"[H]C1C(C(O[C:20](=[O:10])N1[H])CCCCCC)CC.[O-:21]C>>[H]C1C(C(O[C:20](N1[H])([O-:10])[O:21]C)CCCCCC)CC 21=20;20,10=10"
"[H][NH:10]C([H])C(C)C(CC)[NH][C:20]([O]C7=CC=CC=C7)=[NH+:21]CC.[Cl-]>>[Cl-].[H][NH+:10](C([H])C(C)C(CC)[NH]1)[C:20]1([NH:21]CC)[O]C7=CC=CC=C7 10=20;20,21=21"
"C1(C(O[C:20]([O-:10])([O:21]C1CC)O[H])CCCCCC)C>>C(C([O-:21])CC)(C(O[C:20](=[O:10])O[H])CCCCCC)C 10=20;20,21=21"
"[NH:10](C)C([H])C(C)/C([H])=C(C)\[C:20](C)=[O:21]>>[O-:21][C:20]1(C)C(C)=C([H])C(C)C([H])[NH+:10]1(C) 10=20;20,21=21"
"CC1C(C(O[C:20](N1C1=CC=CC=C1)([O-:10])[O:21]CC)CC)[H]>>CC1C(C(O[C:20](=[O:10])N1C1=CC=CC=C1)CC)[H].[O-:21]CC 10=20;20,21=21"
"CC[NH+:21]=[C:20]2[O][CH](CC)[CH](C)C(C)[NH]2.C9=CC=CC=C9[O:10][H].[Cl-]>>[Cl-].C9=CC=CC=C9[O+:10]([H])[C:20]1([NH:21]CC)[O][CH](CC)C(C)[CH](C)[NH]1 10=20;20,21=21"
"C1(C(O[C:20]([O-:10])([O:21]C1[H])O[H])CC)C>>C(C([O-:21])[H])(C(O[C:20](=[O:10])O[H])CC)C 10=20;20,21=21"
"[H][O+:21]=[C:20]2[O][CH](C)[CH](C)C(C8=CC=CC=C8)[O]2.C9=CC=CC=C9[S:10][H].[Cl-]>>[Cl-].C9=CC=CC=C9[S+:10]([H])[C:20]1([O:21][H])[O][CH](C)C(C)[CH](C8=CC=CC=C8)[O]1 10=20;20,21=21"
"CCCCCCC1C(C(O[C:20](N1CC)([O-:10])[O:21][H])CC)C>>CCCCCCC1C(C(O[C:20](=[O:10])N1CC)CC)C.[O-:21][H] 10=20;20,21=21"
"[H][NH+:21]=[C:20]2[NH]C([H])C([H])[O]2.C[NH:10][H].[Cl-]>>[Cl-].C[NH+:10]([H])[C:20]1([NH:21][H])[NH]C([H])C([H])[O]1 10=20;20,21=21"
"CC[S+:10]([H])[C:20]([O:21][H])([O]CC)[S]C.[Cl-]>>[Cl-].CC[S:10][H].[H][O+:21]=[C:20]([O]CC)[S]C 21=20;20,10=10"
"C9=CC=CC=C9[O+:10]([H])[C:20]1([NH:21][H])[NH][CH](CC)C([H])[CH]([H])[NH]1.[Cl-]>>[Cl-].[H][NH+:21]=[C:20]2[NH][CH](CC)[CH]([H])C([H])[NH]2.C9=CC=CC=C9[O:10][H] 21=20;20,10=10"
"[H]N([C:20](=[O:10])OC(C(C([O-:21])C1=CC=CC=C1)[H])C)C>>[H]N([C:20]1(OC(C(C([O:21]1)C1=CC=CC=C1)[H])C)[O-:10])C 21=20;20,10=10"
"[H][NH+:10](C(CC)C(C8=CC=CC=C8)[NH]1)[C:20]1([NH:21]CC)[O][H].[Cl-]>>[Cl-].[H][NH:10]C(CC)C(C8=CC=CC=C8)[NH][C:20]([O][H])=[NH+:21]CC 21=20;20,10=10"
"C9=CC=CC=C9[NH+:10]([H])[C:20]1([NH:21]C6=CC=CC=C6)[NH][CH](C)C([H])[CH](C8=CC=CC=C8)[NH]1.[Cl-]>>[Cl-].C6=CC=CC=C6[NH+:21]=[C:20]2[NH][CH](C)[CH]([H])C(C8=CC=CC=C8)[NH]2.C9=CC=CC=C9[NH:10][H] 21=20;20,10=10"
"[H][O+:10](C(C)C(C)C(CC)[NH]1)[C:20]1([NH:21]CC)[O]CC.[Cl-]>>[Cl-].[H][O:10]C(C)C(C)C(CC)[NH][C:20]([O]CC)=[NH+:21]CC 21=20;20,10=10"
"C[NH+:10]([H])[C:20]([NH:21]C6=CC=CC=C6)([O]C8=CC=CC=C8)[NH][H].[Cl-]>>[Cl-].C[NH:10][H].C6=CC=CC=C6[NH+:21]=[C:20]([O]C8=CC=CC=C8)[NH][H] 21=20;20,10=10"
"C1=CC=CC=C1N([C:20](=[O:10])OC(C([O-:21])[H])CC)CCCCCC>>C1=CC=CC=C1N([C:20]1(OC(C([O:21]1)[H])CC)[O-:10])CCCCCC 21=20;20,10=10"
"CC[NH+:10]([H])[C:20]1([NH:21]C)[O][CH](CC)C([H])[CH](CC)[O]1.[Cl-]>>[Cl-].C[NH+:21]=[C:20]2[O][CH](CC)[CH]([H])C(CC)[O]2.CC[NH:10][H] 21=20;20,10=10"
"C[O:10][H].C[NH+:21]=[C:20]([NH][H])[O]C7=CC=CC=C7.[Cl-]>>[Cl-].C[O+:10]([H])[C:20]([NH:21]C)([NH][H])[O]C7=CC=CC=C7 10=20;20,21=21"
"CC1C(O[C:20](N1[H])([O-:10])[O:21]C1=CC=CC=C1)CC>>CC1C(O[C:20](=[O:10])N1[H])CC.[O-:21]C1=CC=CC=C1 10=20;20,21=21"
"[H][O+:10](C(CC)C([H])[O]1)[C:20]1([NH:21]CC)[NH]C7=CC=CC=C7.[Cl-]>>[Cl-].[H][O:10]C(CC)C([H])[O][C:20]([NH]C7=CC=CC=C7)=[NH+:21]CC 21=20;20,10=10"
"[H][NH:10]C(C9=CC=CC=C9)C([H])C(C)[O][C:20]([O]C7=CC=CC=C7)=[NH+:21]CC.[Cl-]>>[Cl-].[H][NH+:10](C(C9=CC=CC=C9)C([H])C(C)[O]1)[C:20]1([NH:21]CC)[O]C7=CC=CC=C7 10=20;20,21=21"
"[H][NH+:21]=[C:20]2[NH]C(CC)C(C)[NH]2.C[NH:10][H].[Cl-]>>[Cl-].C[NH+:10]([H])[C:20]1([NH:21][H])[NH]C(CC)C(C)[NH]1 10=20;20,21=21"
"CN([C:20](=[O:10])OC(C(C([O-:21])CCCCCC)CCCCCC)[H])[H]>>CN([C:20]1(OC(C(C([O:21]1)CCCCCC)CCCCCC)[H])[O-:10])[H] 21=20;20,10=10"
"C[NH+:21]=[C:20]2[NH][CH](C7=CC=CC=C7)[CH](C)C([H])[NH]2.C9=CC=CC=C9[NH:10][H].[Cl-]>>[Cl-].C9=CC=CC=C9[NH+:10]([H])[C:20]1([NH:21]C)[NH][CH](C7=CC=CC=C7)C(C)[CH]([H])[NH]1 10=20;20,21=21"
"[O-:10]C(C(C1=C(C=CC=C1)[CH:20](C)=[O:21])O)C>>[O-:21][CH:20]2(C)C3=C(C(C([O:10]2)C)O)C=CC=C3  10=20;20,21=21"
"[H][NH+:10]([H])[C:20]1([NH:21][H])[O]C(CC)C(C)[NH]1.[Cl-]>>[Cl-].[H][NH+:21]=[C:20]2[O]C(CC)C(C)[NH]2.[H][NH:10][H] 21=20;20,10=10"
"C1=CC=CC=C1N([C:20]1(OC(C(C([O:21]1)CC)CCCCCC)CC)[O-:10])[H]>>C1=CC=CC=C1N([C:20](=[O:10])OC(C(C([O-:21])CC)CCCCCC)CC)[H] 10=20;20,21=21"
"CC[O:10][H].[Si](C)(C)(C)[O+:21]=[C:20]([S]C8=CC=CC=C8)[O]CC.[Cl-]>>[Cl-].CC[O+:10]([H])[C:20]([O:21][Si](C)(C)(C))([S]C8=CC=CC=C8)[O]CC 10=20;20,21=21"
"C[NH+:10]([H])[C:20]([NH:21]CC)([NH]C8=CC=CC=C8)[O]C.[Cl-]>>[Cl-].C[NH:10][H].CC[NH+:21]=[C:20]([NH]C8=CC=CC=C8)[O]C 21=20;20,10=10"
"CC[O+:10]([H])[C:20]1([NH:21]CC)[O]C(C7=CC=CC=C7)C(C)[O]1.[Cl-]>>[Cl-].CC[NH+:21]=[C:20]2[O]C(C7=CC=CC=C7)C(C)[O]2.CC[O:10][H] 21=20;20,10=10"
"CCC1C(C(O[C:20](N1CCCCCC)([O-:10])[Cl:21])C1=CC=CC=C1)C>>CCC1C(C(O[C:20](=[O:10])N1CCCCCC)C1=CC=CC=C1)C.[Cl-:21] 10=20;20,21=21"
"[H][S:10]C(CC)C(C8=CC=CC=C8)[O][C:20]([S]C7=CC=CC=C7)=[O+:21]C.[Cl-]>>[Cl-].[H][S+:10](C(CC)C(C8=CC=CC=C8)[O]1)[C:20]1([O:21]C)[S]C7=CC=CC=C7 10=20;20,21=21"
"CC[O+:10]([H])[C:20]1([NH:21][H])[O][CH](C7=CC=CC=C7)C([H])[CH]([H])[NH]1.[Cl-]>>[Cl-].[H][NH+:21]=[C:20]2[O][CH](C7=CC=CC=C7)[CH]([H])C([H])[NH]2.CC[O:10][H] 21=20;20,10=10"
"C[NH+:21]=[C:20]2[NH][CH](C)[CH]([H])C(C8=CC=CC=C8)[NH]2.CC[NH:10][H].[Cl-]>>[Cl-].CC[NH+:10]([H])[C:20]1([NH:21]C)[NH][CH](C)C([H])[CH](C8=CC=CC=C8)[NH]1 10=20;20,21=21"
"[O-:10]C([H])C(C)C(C)C(C)[C:20](OC)=[O:21]>>[O-:21][C:20]1(OC)C(C)C(C)C(C)C([H])[O:10]1 10=20;20,21=21"
"CC[NH+:10]([H])[C:20]1([NH:21]C6=CC=CC=C6)[O][CH]([H])C(C)[CH](C)[O]1.[Cl-]>>[Cl-].C6=CC=CC=C6[NH+:21]=[C:20]2[O][CH]([H])[CH](C)C(C)[O]2.CC[NH:10][H] 21=20;20,10=10"
"[OH:10]C(CCC)C([H])C(O)C(O)[C:20](C)=[OH+:21]>>[OH:21][C:20]1(C)C(O)C(O)C([H])C(CCC)[OH+:10]1 10=20;20,21=21"
"CC[O:10][H].CC[NH+:21]=[C:20]([O]C)[NH]C7=CC=CC=C7.[Cl-]>>[Cl-].CC[O+:10]([H])[C:20]([NH:21]CC)([O]C)[NH]C7=CC=CC=C7 10=20;20,21=21"
"CCC1C(O[C:20](=[O:10])N1[H])CCCCCC.[O-:21]CCCCCC>>CCC1C(O[C:20](N1[H])([O-:10])[O:21]CCCCCC)CCCCCC 21=20;20,10=10"
"C9=CC=CC=C9[O+:10]([H])[C:20]1([NH:21]C)[O][CH](C)C([H])[CH](CC)[NH]1.[Cl-]>>[Cl-].C[NH+:21]=[C:20]2[O][CH](C)[CH]([H])C(CC)[NH]2.C9=CC=CC=C9[O:10][H] 21=20;20,10=10"
"CCN([C:20](=[O:10])OC(C(C([O-:21])CC)CCCCCC)CCCCCC)[H]>>CCN([C:20]1(OC(C(C([O:21]1)CC)CCCCCC)CCCCCC)[O-:10])[H] 21=20;20,10=10"
"[H][O+:10](C(C9=CC=CC=C9)C(C)C([H])[NH]1)[C:20]1([NH:21]CC)[O]C7=CC=CC=C7.[Cl-]>>[Cl-].[H][O:10]C(C9=CC=CC=C9)C(C)C([H])[NH][C:20]([O]C7=CC=CC=C7)=[NH+:21]CC 21=20;20,10=10"
"C[NH+:10]([H])[C:20]([NH:21]CC)([NH]C)[O]CC.[Cl-]>>[Cl-].C[NH:10][H].CC[NH+:21]=[C:20]([NH]C)[O]CC 21=20;20,10=10"
"C1=CC=CC=C1N([C:20]1(OC(C([O:21]1)C1=CC=CC=C1)[H])[O-:10])C>>C1=CC=CC=C1N([C:20](=[O:10])OC(C([O-:21])C1=CC=CC=C1)[H])C 10=20;20,21=21"
"C1=CC=CC=C1N([C:20]([O-:10])([O:21]N1C(=O)CCC1=O)O[H])C>>C1=CC=CC=C1N([C:20](=[O:10])O[H])C.C1CC(=O)N(C1=O)[O-:21] 10=20;20,21=21"
"CC[NH+:21]=[C:20]2[O][CH]([H])[CH]([H])C(CC)[NH]2.C[NH:10][H].[Cl-]>>[Cl-].C[NH+:10]([H])[C:20]1([NH:21]CC)[O][CH]([H])C([H])[CH](CC)[NH]1 10=20;20,21=21"
"CC[O+:10]([H])[C:20]1([NH:21][H])[NH][CH]([H])C([H])[CH](C)[NH]1.[Cl-]>>[Cl-].[H][NH+:21]=[C:20]2[NH][CH]([H])[CH]([H])C(C)[NH]2.CC[O:10][H] 21=20;20,10=10"
"C9=CC=CC=C9[NH+:10]([H])[C:20]1([NH:21][H])[O][CH](C7=CC=CC=C7)C([H])[CH]([H])[O]1.[Cl-]>>[Cl-].[H][NH+:21]=[C:20]2[O][CH](C7=CC=CC=C7)[CH]([H])C([H])[O]2.C9=CC=CC=C9[NH:10][H] 21=20;20,10=10"
"[O-:21][C:20]1(C)[O:10]C(C)C(C)N1[H]>>[O-:10]C(C)C(C)N([C:20](C)=[O:21])[H] 21=20;20,10=10"
"[H][O:10]C(C)C([H])C(CC)[NH][C:20]([NH]CC)=[NH+:21]C6=CC=CC=C6.[Cl-]>>[Cl-].[H][O+:10](C(C)C([H])C(CC)[NH]1)[C:20]1([NH:21]C6=CC=CC=C6)[NH]CC 10=20;20,21=21"
"[H][NH+:10](C([H])C(C)C([H])[NH]1)[C:20]1([NH:21]CC)[NH]C7=CC=CC=C7.[Cl-]>>[Cl-].[H][NH:10]C([H])C(C)C([H])[NH][C:20]([NH]C7=CC=CC=C7)=[NH+:21]CC 21=20;20,10=10"
"CC[NH:10][H].[H][NH+:21]=[C:20]([NH]C8=CC=CC=C8)[NH][H].[Cl-]>>[Cl-].CC[NH+:10]([H])[C:20]([NH:21][H])([NH]C8=CC=CC=C8)[NH][H] 10=20;20,21=21"
"CC1C(O[C:20](=[O:10])N1CC)C.[O-:21]CCCCCC>>CC1C(O[C:20](N1CC)([O-:10])[O:21]CCCCCC)C 21=20;20,10=10"
"[O-:21][C:20]1(OC)C(O)C(C)C(C)C([H])[O+:10]1([K])>>[O:10]([K])C([H])C(C)C(C)C(O)[C:20](OC)=[O:21] 21=20;20,10=10"
"C[NH:10][H].CC[NH+:21]=[C:20]([NH]C8=CC=CC=C8)[NH]C.[Cl-]>>[Cl-].C[NH+:10]([H])[C:20]([NH:21]CC)([NH]C8=CC=CC=C8)[NH]C 10=20;20,21=21"
"[H][NH+:10](C(C9=CC=CC=C9)C(CC)[O]1)[C:20]1([NH:21]C6=CC=CC=C6)[O][H].[Cl-]>>[Cl-].[H][NH:10]C(C9=CC=CC=C9)C(CC)[O][C:20]([O][H])=[NH+:21]C6=CC=CC=C6 21=20;20,10=10"
"[H]C1C(C(O[C:20](N1CC)([O-:10])[O:21]CCCCCC)[H])CC>>[H]C1C(C(O[C:20](=[O:10])N1CC)[H])CC.[O-:21]CCCCCC 10=20;20,21=21"
"[O-:21][C:20]1([H])C(C)=C([H])C(C)C(CCC)[O:10]1>>[O-:10]C(CCC)C(C)/C([H])=C(C)\[C:20]([H])=[O:21] 21=20;20,10=10"
"[OH:10]C(C)/C([H])=C([H])\C(C)[C:20](OCC)=[OH+:21]>>[OH:21][C:20]1(OCC)C(C)C([H])=C([H])C(C)[OH+:10]1 10=20;20,21=21"
"C6=CC=CC=C6[NH+:21]=[C:20]2[O]C(CC)C(C8=CC=CC=C8)[NH]2.[H][NH:10][H].[Cl-]>>[Cl-].[H][NH+:10]([H])[C:20]1([NH:21]C6=CC=CC=C6)[O]C(CC)C(C8=CC=CC=C8)[NH]1 10=20;20,21=21"
"[H][O+:10](C(CC)C(C8=CC=CC=C8)[O]1)[C:20]1([O:21][Si](C)(C)(C))[O][H].[Cl-]>>[Cl-].[H][O:10]C(CC)C(C8=CC=CC=C8)[O][C:20]([O][H])=[O+:21][Si](C)(C)(C) 21=20;20,10=10"
"CC[NH+:21]=[C:20]2[NH][CH]([H])[CH]([H])C([H])[NH]2.C9=CC=CC=C9[NH:10][H].[Cl-]>>[Cl-].C9=CC=CC=C9[NH+:10]([H])[C:20]1([NH:21]CC)[NH][CH]([H])C([H])[CH]([H])[NH]1 10=20;20,21=21"
"[OH:10]C(CCC)C(C)C(O)C(O)[C:20](C)=[OH+:21]>>[OH:21][C:20]1(C)C(O)C(O)C(C)C(CCC)[OH+:10]1 10=20;20,21=21"
"CC1C(C(O[C:20](N1C1=CC=CC=C1)([O-:10])[O:21][H])CC)CCCCCC>>CC1C(C(O[C:20](=[O:10])N1C1=CC=CC=C1)CC)CCCCCC.[O-:21][H] 10=20;20,21=21"
"[H][O+:10](C([H])C(C)C(CC)[NH]1)[C:20]1([NH:21][H])[O]CC.[Cl-]>>[Cl-].[H][O:10]C([H])C(C)C(CC)[NH][C:20]([O]CC)=[NH+:21][H] 21=20;20,10=10"
"C1=CC=CC=C1C1C(C(O[C:20](N1C1=CC=CC=C1)([O-:10])[O:21]C1=CC=CC=C1)[H])C>>C1=CC=CC=C1C1C(C(O[C:20](=[O:10])N1C1=CC=CC=C1)[H])C.[O-:21]C1=CC=CC=C1 10=20;20,21=21"
"C1=CC=CC=C1N([C:20](=[O:10])OC(C(C([O-:21])CC)C)CC)CC>>C1=CC=CC=C1N([C:20]1(OC(C(C([O:21]1)CC)C)CC)[O-:10])CC 21=20;20,10=10"
"CC[O+:10]([H])[C:20]1([NH:21][H])[NH][CH](CC)C(C)[CH](C8=CC=CC=C8)[NH]1.[Cl-]>>[Cl-].[H][NH+:21]=[C:20]2[NH][CH](CC)[CH](C)C(C8=CC=CC=C8)[NH]2.CC[O:10][H] 21=20;20,10=10"
"C9=CC=CC=C9[O:10][H].[H][NH+:21]=[C:20]([NH]C8=CC=CC=C8)[O]CC.[Cl-]>>[Cl-].C9=CC=CC=C9[O+:10]([H])[C:20]([NH:21][H])([NH]C8=CC=CC=C8)[O]CC 10=20;20,21=21"
"C[O+:21]=[C:20]2[S]C(C7=CC=CC=C7)C(CC)[S]2.[H][O:10][H].[Cl-]>>[Cl-].[H][O+:10]([H])[C:20]1([O:21]C)[S]C(C7=CC=CC=C7)C(CC)[S]1 10=20;20,21=21"
"C1=CC=CC=C1N([C:20](=[O:10])O[H])C1=CC=CC=C1.[O-:21]C>>C1=CC=CC=C1N([C:20]([O-:10])(O[H])[O:21]C)C1=CC=CC=C1 21=20;20,10=10"
"C[NH+:21]=[C:20]2[O]C(C)C(C)[O]2.C9=CC=CC=C9[O:10][H].[Cl-]>>[Cl-].C9=CC=CC=C9[O+:10]([H])[C:20]1([NH:21]C)[O]C(C)C(C)[O]1 10=20;20,21=21"
"[H][O+:10](C(C9=CC=CC=C9)C(C)C(C)[O]1)[C:20]1([O:21]C)[S]CC.[Cl-]>>[Cl-].[H][O:10]C(C9=CC=CC=C9)C(C)C(C)[O][C:20]([S]CC)=[O+:21]C 21=20;20,10=10"
"CC[NH+:10]([H])[C:20]([NH:21][H])([NH]CC)[NH][H].[Cl-]>>[Cl-].CC[NH:10][H].[H][NH+:21]=[C:20]([NH]CC)[NH][H] 21=20;20,10=10"
"C9=CC=CC=C9[O+:10]([H])[C:20]1([NH:21]C6=CC=CC=C6)[O][CH](C)C(C)[CH](CC)[O]1.[Cl-]>>[Cl-].C6=CC=CC=C6[NH+:21]=[C:20]2[O][CH](C)[CH](C)C(CC)[O]2.C9=CC=CC=C9[O:10][H] 21=20;20,10=10"
"CCCCCCC1C(O[C:20](=[O:10])N1CC)C.[O-:21]C1=CC=CC=C1>>CCCCCCC1C(O[C:20](N1CC)([O-:10])[O:21]C1=CC=CC=C1)C 21=20;20,10=10"
"[O-:21][C:20]1(OC)C(C)C(C)=C(C)C([H])[NH+:10]1(C)>>[NH:10](C)C([H])/C(C)=C(C)\C(C)[C:20](OC)=[O:21] 21=20;20,10=10"
"C1=CC=CC=C1C1C(C(O[C:20](N1CC)([O-:10])[O:21]CC)CCCCCC)[H]>>C1=CC=CC=C1C1C(C(O[C:20](=[O:10])N1CC)CCCCCC)[H].[O-:21]CC 10=20;20,21=21"
"C1(C(O[C:20]([O-:10])([O:21]C1[H])OC1=CC=CC=C1)CCCCCC)[H]>>C(C([O-:21])[H])(C(O[C:20](=[O:10])OC1=CC=CC=C1)CCCCCC)[H] 10=20;20,21=21"
"[H][O:10]C(C)C(C8=CC=CC=C8)[O][C:20]([O][H])=[O+:21][H].[Cl-]>>[Cl-].[H][O+:10](C(C)C(C8=CC=CC=C8)[O]1)[C:20]1([O:21][H])[O][H] 10=20;20,21=21"
"C1=CC=CC=C1N([C:20]1(OC(C(C([O:21]1)[H])C)C1=CC=CC=C1)[O-:10])C>>C1=CC=CC=C1N([C:20](=[O:10])OC(C(C([O-:21])[H])C)C1=CC=CC=C1)C 10=20;20,21=21"
"[H][NH:10]C(C)C([H])C([H])[NH][C:20]([NH]CC)=[NH+:21]C.[Cl-]>>[Cl-].[H][NH+:10](C(C)C([H])C([H])[NH]1)[C:20]1([NH:21]C)[NH]CC 10=20;20,21=21"
"[H][S:10]C(C)C([H])[O][C:20]([O]CC)=[O+:21][Si](C)(C)(C).[Cl-]>>[Cl-].[H][S+:10](C(C)C([H])[O]1)[C:20]1([O:21][Si](C)(C)(C))[O]CC 10=20;20,21=21"
"CCN([C:20]1(OC(C([O:21]1)[H])[H])[O-:10])C>>CCN([C:20](=[O:10])OC(C([O-:21])[H])[H])C 10=20;20,21=21"
"[H][NH+:21]=[C:20]2[NH][CH](CC)[CH]([H])C(C8=CC=CC=C8)[NH]2.C[NH:10][H].[Cl-]>>[Cl-].C[NH+:10]([H])[C:20]1([NH:21][H])[NH][CH](CC)C([H])[CH](C8=CC=CC=C8)[NH]1 10=20;20,21=21"
"CC[NH+:21]=[C:20]2[O][CH](C)[CH]([H])C(C8=CC=CC=C8)[NH]2.[H][NH:10][H].[Cl-]>>[Cl-].[H][NH+:10]([H])[C:20]1([NH:21]CC)[O][CH](C)C([H])[CH](C8=CC=CC=C8)[NH]1 10=20;20,21=21"
"[H][NH+:10]([H])[C:20]1([NH:21]CC)[NH]C(CC)C(C8=CC=CC=C8)[O]1.[Cl-]>>[Cl-].CC[NH+:21]=[C:20]2[NH]C(CC)C(C8=CC=CC=C8)[O]2.[H][NH:10][H] 21=20;20,10=10"
"CC[S:10][H].C[O+:21]=[C:20]([O]C)[S][H].[Cl-]>>[Cl-].CC[S+:10]([H])[C:20]([O:21]C)([O]C)[S][H] 10=20;20,21=21"
"[CH2:20]([O:10]C1=CC=CC=C1)[Cl:21]>>[CH2:20]=[O+:10]C1=CC=CC=C1.[Cl-:21] 10=20;20,21=21"
"C1=CC=CC=C1N([C:20](=[O:10])OC(C(C([O-:21])C)CC)C1=CC=CC=C1)C>>C1=CC=CC=C1N([C:20]1(OC(C(C([O:21]1)C)CC)C1=CC=CC=C1)[O-:10])C 21=20;20,10=10"
"C[NH:10][H].C6=CC=CC=C6[NH+:21]=[C:20]([O][H])[NH]C.[Cl-]>>[Cl-].C[NH+:10]([H])[C:20]([NH:21]C6=CC=CC=C6)([O][H])[NH]C 10=20;20,21=21"
"[O:10]([Na])C(CC)/C(C)=C([C:20](OCC)=[O:21])/[H]>>[O-:21][C:20]1(OCC)[O+:10]([Na])C(CC)C(C)=C1[H] 10=20;20,21=21"
"C6=CC=CC=C6[NH+:21]=[C:20]2[NH][CH](C7=CC=CC=C7)[CH]([H])C([H])[O]2.CC[O:10][H].[Cl-]>>[Cl-].CC[O+:10]([H])[C:20]1([NH:21]C6=CC=CC=C6)[NH][CH](C7=CC=CC=C7)C([H])[CH]([H])[O]1 10=20;20,21=21"
"CC[NH:10][H].[H][NH+:21]=[C:20]([NH]C8=CC=CC=C8)[NH]C.[Cl-]>>[Cl-].CC[NH+:10]([H])[C:20]([NH:21][H])([NH]C8=CC=CC=C8)[NH]C 10=20;20,21=21"
"[H][S+:10](C(CC)C(C)[S]1)[C:20]1([O:21][Si](C)(C)(C))[O]C.[Cl-]>>[Cl-].[H][S:10]C(CC)C(C)[S][C:20]([O]C)=[O+:21][Si](C)(C)(C) 21=20;20,10=10"
"[OH:10]C([H])/C(O)=C([C:20]([H])=[OH+:21])/[H]>>[OH:21][C:20]1([H])[OH+:10]C([H])C(O)=C1[H] 10=20;20,21=21"
"C1=CC=CC=C1C1C(O[C:20](N1CCCCCC)([O-:10])[O:21]C1=CC=CC=C1)C>>C1=CC=CC=C1C1C(O[C:20](=[O:10])N1CCCCCC)C.[O-:21]C1=CC=CC=C1 10=20;20,21=21"
"[H][NH+:10](C([H])C([H])C(C8=CC=CC=C8)[NH]1)[C:20]1([NH:21][H])[O]CC.[Cl-]>>[Cl-].[H][NH:10]C([H])C([H])C(C8=CC=CC=C8)[NH][C:20]([O]CC)=[NH+:21][H] 21=20;20,10=10"
"[H][O+:10](C(C)C([H])C(CC)[O]1)[C:20]1([O:21]C)[O]CC.[Cl-]>>[Cl-].[H][O:10]C(C)C([H])C(CC)[O][C:20]([O]CC)=[O+:21]C 21=20;20,10=10"
"CCCCCCC1C(C(O[C:20](N1CC)([O-:10])[Cl:21])C1=CC=CC=C1)C>>CCCCCCC1C(C(O[C:20](=[O:10])N1CC)C1=CC=CC=C1)C.[Cl-:21] 10=20;20,21=21"
"C[NH+:21]=[C:20]2[NH][CH](C)[CH](C)C(C8=CC=CC=C8)[O]2.C[NH:10][H].[Cl-]>>[Cl-].C[NH+:10]([H])[C:20]1([NH:21]C)[NH][CH](C)C(C)[CH](C8=CC=CC=C8)[O]1 10=20;20,21=21"
"C6=CC=CC=C6[NH+:21]=[C:20]2[O]C(C)C(CC)[O]2.C[NH:10][H].[Cl-]>>[Cl-].C[NH+:10]([H])[C:20]1([NH:21]C6=CC=CC=C6)[O]C(C)C(CC)[O]1 10=20;20,21=21"
"C[NH+:21]=[C:20]2[O][CH](C7=CC=CC=C7)[CH](C)C([H])[NH]2.[H][O:10][H].[Cl-]>>[Cl-].[H][O+:10]([H])[C:20]1([NH:21]C)[O][CH](C7=CC=CC=C7)C(C)[CH]([H])[NH]1 10=20;20,21=21"
"[H][O:10]C(CC)C(CC)[O][C:20]([O][H])=[O+:21]C.[Cl-]>>[Cl-].[H][O+:10](C(CC)C(CC)[O]1)[C:20]1([O:21]C)[O][H] 10=20;20,21=21"
"[O:20]=[C:21](OCCCCCC)OCC.[H][O:10][Li]>>[H][O+:10]([Li])[C:21]([O-:20])(OCCCCCC)OCC 10=21;21,20=20"
"[H][O:10]C(C9=CC=CC=C9)C([H])C(CC)[O][C:20]([NH][H])=[NH+:21]C6=CC=CC=C6.[Cl-]>>[Cl-].[H][O+:10](C(C9=CC=CC=C9)C([H])C(CC)[O]1)[C:20]1([NH:21]C6=CC=CC=C6)[NH][H] 10=20;20,21=21"
"[O:10]([Na])C(CCC)C([H])/C(C)=C([H])\[C:20]([H])=[O:21]>>[O-:21][C:20]1([H])C([H])=C(C)C([H])C(CCC)[O+:10]1([Na]) 10=20;20,21=21"
"C9=CC=CC=C9[S+:10]([H])[C:20]([O:21][H])([O]C)[S]CC.[Cl-]>>[Cl-].C9=CC=CC=C9[S:10][H].[H][O+:21]=[C:20]([O]C)[S]CC 21=20;20,10=10"
"[H][S+:10](C(C)C(C)C(C8=CC=CC=C8)[O]1)[C:20]1([O:21]C)[S]CC.[Cl-]>>[Cl-].[H][S:10]C(C)C(C)C(C8=CC=CC=C8)[O][C:20]([S]CC)=[O+:21]C 21=20;20,10=10"
"CCCCCCC1C(C(O[C:20](=[O:10])N1CCCCCC)[H])[H].[O-:21]C>>CCCCCCC1C(C(O[C:20](N1CCCCCC)([O-:10])[O:21]C)[H])[H] 21=20;20,10=10"
"[H]N([C:20]1(OC(C(C([O:21]1)[H])CCCCCC)CC)[O-:10])[H]>>[H]N([C:20](=[O:10])OC(C(C([O-:21])[H])CCCCCC)CC)[H] 10=20;20,21=21"
"[H][O:10]C(C9=CC=CC=C9)C(C)[O][C:20]([NH]CC)=[NH+:21]CC.[Cl-]>>[Cl-].[H][O+:10](C(C9=CC=CC=C9)C(C)[O]1)[C:20]1([NH:21]CC)[NH]CC 10=20;20,21=21"
"[O:20]=[C:21](OCC)O[H].[H][O:10][K]>>[H][O+:10]([K])[C:21]([O-:20])(OCC)O[H] 10=21;21,20=20"
"[H][NH+:10]([H])[C:20]([NH:21]CC)([O]C)[O]C.[Cl-]>>[Cl-].[H][NH:10][H].CC[NH+:21]=[C:20]([O]C)[O]C 21=20;20,10=10"
"C9=CC=CC=C9[O+:10]([H])[C:20]1([O:21]C)[O][CH](C7=CC=CC=C7)C([H])[CH]([H])[S]1.[Cl-]>>[Cl-].C[O+:21]=[C:20]2[O][CH](C7=CC=CC=C7)[CH]([H])C([H])[S]2.C9=CC=CC=C9[O:10][H] 21=20;20,10=10"
"CC1C(C(O[C:20](N1C)([O-:10])[O:21]CCCCCC)C1=CC=CC=C1)C>>CC1C(C(O[C:20](=[O:10])N1C)C1=CC=CC=C1)C.[O-:21]CCCCCC 10=20;20,21=21"
"CC[O+:10]([H])[C:20]1([O:21][H])[S]C([H])C(CC)[O]1.[Cl-]>>[Cl-].[H][O+:21]=[C:20]2[S]C([H])C(CC)[O]2.CC[O:10][H] 21=20;20,10=10"
"[H][S:10]C(CC)C(C)[S][C:20]([S]CC)=[O+:21]C.[Cl-]>>[Cl-].[H][S+:10](C(CC)C(C)[S]1)[C:20]1([O:21]C)[S]CC 10=20;20,21=21"
"C[S+:10]([H])[C:20]([O:21]C)([O]C)[O]C.[Cl-]>>[Cl-].C[S:10][H].C[O+:21]=[C:20]([O]C)[O]C 21=20;20,10=10"
"[H][O+:21]=[C:20]2[S][CH](C)[CH]([H])C([H])[S]2.C[S:10][H].[Cl-]>>[Cl-].C[S+:10]([H])[C:20]1([O:21][H])[S][CH](C)C([H])[CH]([H])[S]1 10=20;20,21=21"
"CC[NH+:21]=[C:20]2[NH][CH](C)[CH]([H])C(C8=CC=CC=C8)[NH]2.CC[O:10][H].[Cl-]>>[Cl-].CC[O+:10]([H])[C:20]1([NH:21]CC)[NH][CH](C)C([H])[CH](C8=CC=CC=C8)[NH]1 10=20;20,21=21"
"[H][O:10]C(C9=CC=CC=C9)C([H])C(CC)[O][C:20]([O]C7=CC=CC=C7)=[NH+:21][H].[Cl-]>>[Cl-].[H][O+:10](C(C9=CC=CC=C9)C([H])C(CC)[O]1)[C:20]1([NH:21][H])[O]C7=CC=CC=C7 10=20;20,21=21"
"[H]N([C:20]1(OC(C([O:21]1)CCCCCC)CCCCCC)[O-:10])CC>>[H]N([C:20](=[O:10])OC(C([O-:21])CCCCCC)CCCCCC)CC 10=20;20,21=21"
"[H][NH+:10](C(CC)C(C)C(CC)[NH]1)[C:20]1([NH:21]C6=CC=CC=C6)[NH]C.[Cl-]>>[Cl-].[H][NH:10]C(CC)C(C)C(CC)[NH][C:20]([NH]C)=[NH+:21]C6=CC=CC=C6 21=20;20,10=10"
"C[O+:21]=[C:20]2[O][CH]([H])[CH](C)C(C8=CC=CC=C8)[O]2.C[O:10][H].[Cl-]>>[Cl-].C[O+:10]([H])[C:20]1([O:21]C)[O][CH]([H])C(C)[CH](C8=CC=CC=C8)[O]1 10=20;20,21=21"
"CC[NH+:21]=[C:20]2[NH]C(C)C(C8=CC=CC=C8)[NH]2.[H][O:10][H].[Cl-]>>[Cl-].[H][O+:10]([H])[C:20]1([NH:21]CC)[NH]C(C)C(C8=CC=CC=C8)[NH]1 10=20;20,21=21"
"[H][O:10]C(C9=CC=CC=C9)C([H])C(C8=CC=CC=C8)[O][C:20]([S]CC)=[O+:21][H].[Cl-]>>[Cl-].[H][O+:10](C(C9=CC=CC=C9)C([H])C(C8=CC=CC=C8)[O]1)[C:20]1([O:21][H])[S]CC 10=20;20,21=21"
"[H][O:10]C(C9=CC=CC=C9)C(C)C(CC)[O][C:20]([NH]C)=[NH+:21]C6=CC=CC=C6.[Cl-]>>[Cl-].[H][O+:10](C(C9=CC=CC=C9)C(C)C(CC)[O]1)[C:20]1([NH:21]C6=CC=CC=C6)[NH]C 10=20;20,21=21"
"[O-:21][C:20]1(OCC)C(C)C([H])C([H])C(C)[O:10]1>>[O-:10]C(C)C([H])C([H])C(C)[C:20](OCC)=[O:21] 21=20;20,10=10"
"[H][O+:10](C(C9=CC=CC=C9)C(C)C(CC)[O]1)[C:20]1([NH:21]C)[NH]C.[Cl-]>>[Cl-].[H][O:10]C(C9=CC=CC=C9)C(C)C(CC)[O][C:20]([NH]C)=[NH+:21]C 21=20;20,10=10"
"[H]C1C(C(O[C:20](N1C)([O-:10])[Cl:21])[H])CC>>[H]C1C(C(O[C:20](=[O:10])N1C)[H])CC.[Cl-:21] 10=20;20,21=21"
"C6=CC=CC=C6[NH+:21]=[C:20]2[NH][CH](CC)[CH]([H])C(C8=CC=CC=C8)[O]2.CC[NH:10][H].[Cl-]>>[Cl-].CC[NH+:10]([H])[C:20]1([NH:21]C6=CC=CC=C6)[NH][CH](CC)C([H])[CH](C8=CC=CC=C8)[O]1 10=20;20,21=21"
"[O-:21][C:20]1(C)C(C)=C([H])C([H])C(C)[O:10]1>>[O-:10]C(C)C([H])/C([H])=C(C)\[C:20](C)=[O:21] 21=20;20,10=10"
"[H][NH+:10](C(C9=CC=CC=C9)C(C)C(C8=CC=CC=C8)[O]1)[C:20]1([NH:21][H])[NH]C7=CC=CC=C7.[Cl-]>>[Cl-].[H][NH:10]C(C9=CC=CC=C9)C(C)C(C8=CC=CC=C8)[O][C:20]([NH]C7=CC=CC=C7)=[NH+:21][H] 21=20;20,10=10"
"C9=CC=CC=C9[NH:10][H].C[NH+:21]=[C:20]([O]CC)[O]CC.[Cl-]>>[Cl-].C9=CC=CC=C9[NH+:10]([H])[C:20]([NH:21]C)([O]CC)[O]CC 10=20;20,21=21"
"[H][O:10]C([H])C(CC)[O][C:20]([NH][H])=[NH+:21]C.[Cl-]>>[Cl-].[H][O+:10](C([H])C(CC)[O]1)[C:20]1([NH:21]C)[NH][H] 10=20;20,21=21"
"[H][O+:21]=[C:20]2[S][CH](CC)[CH]([H])C(CC)[S]2.C[S:10][H].[Cl-]>>[Cl-].C[S+:10]([H])[C:20]1([O:21][H])[S][CH](CC)C([H])[CH](CC)[S]1 10=20;20,21=21"
"[OH:21][C:20]1(OCC)C(C)=C([H])C(C)C(C)[OH+:10]1>>[OH:10]C(C)C(C)/C([H])=C(C)\[C:20](OCC)=[OH+:21] 21=20;20,10=10"
"C1=CC=CC=C1N([C:20]1(OC(C(C([O:21]1)CC)CCCCCC)CC)[O-:10])C>>C1=CC=CC=C1N([C:20](=[O:10])OC(C(C([O-:21])CC)CCCCCC)CC)C 10=20;20,21=21"
"[H][S+:10]([H])[C:20]([O:21]C)([O]CC)[O][H].[Cl-]>>[Cl-].[H][S:10][H].C[O+:21]=[C:20]([O]CC)[O][H] 21=20;20,10=10"
"[NH:10](C)C(CC)C([H])C([H])C(C)[C:20]([H])=[O:21]>>[O-:21][C:20]1([H])C(C)C([H])C([H])C(CC)[NH+:10]1(C) 10=20;20,21=21"
"[H][NH+:21]=[C:20]2[NH][CH](CC)[CH](C)C(C)[NH]2.C[O:10][H].[Cl-]>>[Cl-].C[O+:10]([H])[C:20]1([NH:21][H])[NH][CH](CC)C(C)[CH](C)[NH]1 10=20;20,21=21"
"C[NH+:10]([H])[C:20]1([NH:21]CC)[NH]C(C7=CC=CC=C7)C(C)[O]1.[Cl-]>>[Cl-].CC[NH+:21]=[C:20]2[NH]C(C7=CC=CC=C7)C(C)[O]2.C[NH:10][H] 21=20;20,10=10"
"C[NH:10][H].CC[NH+:21]=[C:20]([NH]C8=CC=CC=C8)[O]C7=CC=CC=C7.[Cl-]>>[Cl-].C[NH+:10]([H])[C:20]([NH:21]CC)([NH]C8=CC=CC=C8)[O]C7=CC=CC=C7 10=20;20,21=21"
"[O-:21][C:20]2([H])C(C([H])C3=C([NH+:10]2([H]))C=CC=C3)[H]>>[NH:10]([H])C(C=CC=C1)=C1C([H])C([C:20]([H])=[O:21])[H] 21=20;20,10=10"
"[NH:10]([H])C(C)/C(C)=C([H])\C(C)[C:20]([H])=[O:21]>>[O-:21][C:20]1([H])C(C)C([H])=C(C)C(C)[NH+:10]1([H]) 10=20;20,21=21"
"[H][O:10]C([H])C(C)[O][C:20]([O][H])=[NH+:21][H].[Cl-]>>[Cl-].[H][O+:10](C([H])C(C)[O]1)[C:20]1([NH:21][H])[O][H] 10=20;20,21=21"
"CCCCCCC1C(C(O[C:20](N1CC)([O-:10])[O:21]C)C)[H]>>CCCCCCC1C(C(O[C:20](=[O:10])N1CC)C)[H].[O-:21]C 10=20;20,21=21"
"C[O+:21]=[C:20]2[S]C([H])C(C)[O]2.CC[S:10][H].[Cl-]>>[Cl-].CC[S+:10]([H])[C:20]1([O:21]C)[S]C([H])C(C)[O]1 10=20;20,21=21"
"[H][NH+:10](C(CC)C([H])C([H])[NH]1)[C:20]1([NH:21][H])[NH]CC.[Cl-]>>[Cl-].[H][NH:10]C(CC)C([H])C([H])[NH][C:20]([NH]CC)=[NH+:21][H] 21=20;20,10=10"
"C1=CC=CC=C1N([C:20]1(OC(C(C([O:21]1)C)[H])C1=CC=CC=C1)[O-:10])C1=CC=CC=C1>>C1=CC=CC=C1N([C:20](=[O:10])OC(C(C([O-:21])C)[H])C1=CC=CC=C1)C1=CC=CC=C1 10=20;20,21=21"
"[H][O:10]C(C9=CC=CC=C9)C(C)C(C8=CC=CC=C8)[S][C:20]([S][H])=[O+:21][H].[Cl-]>>[Cl-].[H][O+:10](C(C9=CC=CC=C9)C(C)C(C8=CC=CC=C8)[S]1)[C:20]1([O:21][H])[S][H] 10=20;20,21=21"
"[H][O+:10](C(C)C(C)C([H])[O]1)[C:20]1([O:21][H])[S][H].[Cl-]>>[Cl-].[H][O:10]C(C)C(C)C([H])[O][C:20]([S][H])=[O+:21][H] 21=20;20,10=10"
"[H][O+:10]([H])[C:20]1([O:21]C)[O]C(C7=CC=CC=C7)C([H])[O]1.[Cl-]>>[Cl-].C[O+:21]=[C:20]2[O]C(C7=CC=CC=C7)C([H])[O]2.[H][O:10][H] 21=20;20,10=10"
"C9=CC=CC=C9[NH+:10]([H])[C:20]1([NH:21]C)[NH][CH]([H])C([H])[CH](CC)[NH]1.[Cl-]>>[Cl-].C[NH+:21]=[C:20]2[NH][CH]([H])[CH]([H])C(CC)[NH]2.C9=CC=CC=C9[NH:10][H] 21=20;20,10=10"
"C9=CC=CC=C9[O:10][H].[H][O+:21]=[C:20]([O]C)[O]C.[Cl-]>>[Cl-].C9=CC=CC=C9[O+:10]([H])[C:20]([O:21][H])([O]C)[O]C 10=20;20,21=21"
"[H][O:10]C([H])C(C)C([H])[NH][C:20]([O]CC)=[NH+:21]C.[Cl-]>>[Cl-].[H][O+:10](C([H])C(C)C([H])[NH]1)[C:20]1([NH:21]C)[O]CC 10=20;20,21=21"
"[H][NH:10]C([H])C([H])C(CC)[O][C:20]([NH]CC)=[NH+:21]C.[Cl-]>>[Cl-].[H][NH+:10](C([H])C([H])C(CC)[O]1)[C:20]1([NH:21]C)[NH]CC 10=20;20,21=21"
"[H][O:10]C([H])C(C)[O][C:20]([S]C)=[O+:21]C.[Cl-]>>[Cl-].[H][O+:10](C([H])C(C)[O]1)[C:20]1([O:21]C)[S]C 10=20;20,21=21"
"[H][NH+:21]=[C:20]2[O][CH](C)[CH]([H])C(C)[O]2.[H][NH:10][H].[Cl-]>>[Cl-].[H][NH+:10]([H])[C:20]1([NH:21][H])[O][CH](C)C([H])[CH](C)[O]1 10=20;20,21=21"
"C[NH+:21]=[C:20]2[O][CH]([H])[CH]([H])C([H])[O]2.[H][O:10][H].[Cl-]>>[Cl-].[H][O+:10]([H])[C:20]1([NH:21]C)[O][CH]([H])C([H])[CH]([H])[O]1 10=20;20,21=21"
"[H][NH:10]C(C9=CC=CC=C9)C([H])[O][C:20]([O][H])=[NH+:21]CC.[Cl-]>>[Cl-].[H][NH+:10](C(C9=CC=CC=C9)C([H])[O]1)[C:20]1([NH:21]CC)[O][H] 10=20;20,21=21"
"[O-:10]C(C(C1=C(C=CC=C1)[CH:20](OCC)=[O:21])O)[H]>>[O-:21][CH:20]2(OCC)C3=C(C(C([O:10]2)[H])O)C=CC=C3  10=20;20,21=21"
"CC[O+:10]([H])[C:20]1([NH:21]C)[O][CH](C7=CC=CC=C7)C(C)[CH](CC)[NH]1.[Cl-]>>[Cl-].C[NH+:21]=[C:20]2[O][CH](C7=CC=CC=C7)[CH](C)C(CC)[NH]2.CC[O:10][H] 21=20;20,10=10"
"[H][NH:10]C(C9=CC=CC=C9)C(C)[NH][C:20]([NH]C)=[NH+:21]CC.[Cl-]>>[Cl-].[H][NH+:10](C(C9=CC=CC=C9)C(C)[NH]1)[C:20]1([NH:21]CC)[NH]C 10=20;20,21=21"
"[H][O:10][H].[H][NH+:21]=[C:20]([O][H])[NH]C.[Cl-]>>[Cl-].[H][O+:10]([H])[C:20]([NH:21][H])([O][H])[NH]C 10=20;20,21=21"
"[H][NH+:10](C(C9=CC=CC=C9)C(C)[O]1)[C:20]1([NH:21][H])[NH][H].[Cl-]>>[Cl-].[H][NH:10]C(C9=CC=CC=C9)C(C)[O][C:20]([NH][H])=[NH+:21][H] 21=20;20,10=10"
"C6=CC=CC=C6[NH+:21]=[C:20]2[NH]C(C7=CC=CC=C7)C(C)[O]2.CC[NH:10][H].[Cl-]>>[Cl-].CC[NH+:10]([H])[C:20]1([NH:21]C6=CC=CC=C6)[NH]C(C7=CC=CC=C7)C(C)[O]1 10=20;20,21=21"
"C9=CC=CC=C9[O:10][H].C6=CC=CC=C6[NH+:21]=[C:20]([O]C8=CC=CC=C8)[NH]CC.[Cl-]>>[Cl-].C9=CC=CC=C9[O+:10]([H])[C:20]([NH:21]C6=CC=CC=C6)([O]C8=CC=CC=C8)[NH]CC 10=20;20,21=21"
"[H][NH+:10]([H])[C:20]1([NH:21]C6=CC=CC=C6)[NH][CH]([H])C([H])[CH]([H])[O]1.[Cl-]>>[Cl-].C6=CC=CC=C6[NH+:21]=[C:20]2[NH][CH]([H])[CH]([H])C([H])[O]2.[H][NH:10][H] 21=20;20,10=10"
"CN([C:20](=[O:10])OC(C([O-:21])C1=CC=CC=C1)C1=CC=CC=C1)CCCCCC>>CN([C:20]1(OC(C([O:21]1)C1=CC=CC=C1)C1=CC=CC=C1)[O-:10])CCCCCC 21=20;20,10=10"
"[O-:10]C([H])C(C)/C(C)=C([H])\[C:20](OCC)=[O:21]>>[O-:21][C:20]1(OCC)C([H])=C(C)C(C)C([H])[O:10]1 10=20;20,21=21"
"[H][O:10]C(C)C(C)[S][C:20]([O]C7=CC=CC=C7)=[O+:21][Si](C)(C)(C).[Cl-]>>[Cl-].[H][O+:10](C(C)C(C)[S]1)[C:20]1([O:21][Si](C)(C)(C))[O]C7=CC=CC=C7 10=20;20,21=21"
"[NH:10](C)C(C)/C([H])=C([C:20](OC)=[O:21])/[H]>>[O-:21][C:20]1(OC)[NH+:10](C)C(C)C([H])=C1[H] 10=20;20,21=21"
"CC[NH+:21]=[C:20]2[O]C(C7=CC=CC=C7)C(C)[NH]2.C[NH:10][H].[Cl-]>>[Cl-].C[NH+:10]([H])[C:20]1([NH:21]CC)[O]C(C7=CC=CC=C7)C(C)[NH]1 10=20;20,21=21"
"CCCCCCN([C:20](=[O:10])OC(C(C([O-:21])[H])CC)C)C1=CC=CC=C1>>CCCCCCN([C:20]1(OC(C(C([O:21]1)[H])CC)C)[O-:10])C1=CC=CC=C1 21=20;20,10=10"
"CC[O+:10]([H])[C:20]([O:21][Si](C)(C)(C))([O]CC)[S]CC.[Cl-]>>[Cl-].CC[O:10][H].[Si](C)(C)(C)[O+:21]=[C:20]([O]CC)[S]CC 21=20;20,10=10"
"[H][O:10]C(C)C(C)C(CC)[O][C:20]([O]C7=CC=CC=C7)=[NH+:21][H].[Cl-]>>[Cl-].[H][O+:10](C(C)C(C)C(CC)[O]1)[C:20]1([NH:21][H])[O]C7=CC=CC=C7 10=20;20,21=21"
"[H][O+:21]=[C:20]2[O][CH](CC)[CH]([H])C(C)[S]2.C9=CC=CC=C9[O:10][H].[Cl-]>>[Cl-].C9=CC=CC=C9[O+:10]([H])[C:20]1([O:21][H])[O][CH](CC)C([H])[CH](C)[S]1 10=20;20,21=21"
"CCC1C(C(O[C:20](=[O:10])N1CC)C1=CC=CC=C1)CCCCCC.[O-:21]CCCCCC>>CCC1C(C(O[C:20](N1CC)([O-:10])[O:21]CCCCCC)C1=CC=CC=C1)CCCCCC 21=20;20,10=10"
"[H]N([C:20]1(OC(C(C([O:21]1)[H])CC)CC)[O-:10])[H]>>[H]N([C:20](=[O:10])OC(C(C([O-:21])[H])CC)CC)[H] 10=20;20,21=21"
"[H][S:10]C([H])C([H])C([H])[S][C:20]([S][H])=[O+:21][H].[Cl-]>>[Cl-].[H][S+:10](C([H])C([H])C([H])[S]1)[C:20]1([O:21][H])[S][H] 10=20;20,21=21"
"CC1C(C(O[C:20](N1CC)([O-:10])[O:21]C)CC)CCCCCC>>CC1C(C(O[C:20](=[O:10])N1CC)CC)CCCCCC.[O-:21]C 10=20;20,21=21"
"CC[NH+:21]=[C:20]2[NH][CH]([H])[CH](C)C(C8=CC=CC=C8)[NH]2.[H][NH:10][H].[Cl-]>>[Cl-].[H][NH+:10]([H])[C:20]1([NH:21]CC)[NH][CH]([H])C(C)[CH](C8=CC=CC=C8)[NH]1 10=20;20,21=21"
"CCN([C:20](=[O:10])O[H])C.[O-:21]CC>>CCN([C:20]([O-:10])(O[H])[O:21]CC)C 21=20;20,10=10"
"C6=CC=CC=C6[NH+:21]=[C:20]2[O]C(C7=CC=CC=C7)C(C8=CC=CC=C8)[NH]2.C9=CC=CC=C9[O:10][H].[Cl-]>>[Cl-].C9=CC=CC=C9[O+:10]([H])[C:20]1([NH:21]C6=CC=CC=C6)[O]C(C7=CC=CC=C7)C(C8=CC=CC=C8)[NH]1 10=20;20,21=21"
"[H][O:10]C(C9=CC=CC=C9)C(C)C(C)[NH][C:20]([NH][H])=[NH+:21]C.[Cl-]>>[Cl-].[H][O+:10](C(C9=CC=CC=C9)C(C)C(C)[NH]1)[C:20]1([NH:21]C)[NH][H] 10=20;20,21=21"
"[H][S:10]C(C)C(C)C(CC)[S][C:20]([S]C7=CC=CC=C7)=[O+:21]C.[Cl-]>>[Cl-].[H][S+:10](C(C)C(C)C(CC)[S]1)[C:20]1([O:21]C)[S]C7=CC=CC=C7 10=20;20,21=21"
"CN([C:20](=[O:10])OC(C([O-:21])[H])CC)CCCCCC>>CN([C:20]1(OC(C([O:21]1)[H])CC)[O-:10])CCCCCC 21=20;20,10=10"
"[H][NH+:10](C(C9=CC=CC=C9)C([H])C([H])[O]1)[C:20]1([NH:21]C6=CC=CC=C6)[O]CC.[Cl-]>>[Cl-].[H][NH:10]C(C9=CC=CC=C9)C([H])C([H])[O][C:20]([O]CC)=[NH+:21]C6=CC=CC=C6 21=20;20,10=10"
"[H][O+:10](C(C9=CC=CC=C9)C([H])C(CC)[S]1)[C:20]1([O:21][H])[S]CC.[Cl-]>>[Cl-].[H][O:10]C(C9=CC=CC=C9)C([H])C(CC)[S][C:20]([S]CC)=[O+:21][H] 21=20;20,10=10"
"[H][S+:10]([H])[C:20]1([O:21][H])[O][CH](CC)C(C)[CH]([H])[S]1.[Cl-]>>[Cl-].[H][O+:21]=[C:20]2[O][CH](CC)[CH](C)C([H])[S]2.[H][S:10][H] 21=20;20,10=10"
"[H][O:10]C([H])C([H])C(CC)[NH][C:20]([NH]C)=[NH+:21]C.[Cl-]>>[Cl-].[H][O+:10](C([H])C([H])C(CC)[NH]1)[C:20]1([NH:21]C)[NH]C 10=20;20,21=21"
"CC[NH+:21]=[C:20]2[NH][CH](C)[CH](C)C(C)[O]2.CC[NH:10][H].[Cl-]>>[Cl-].CC[NH+:10]([H])[C:20]1([NH:21]CC)[NH][CH](C)C(C)[CH](C)[O]1 10=20;20,21=21"
"[O-:21][C:20]1([H])C(O)C(O)C([H])C([H])[NH+:10]1([H])>>[NH:10]([H])C([H])C([H])C(O)C(O)[C:20]([H])=[O:21] 21=20;20,10=10"
"CCCCCCC1C(O[C:20](N1C)([O-:10])[O:21][H])CCCCCC>>CCCCCCC1C(O[C:20](=[O:10])N1C)CCCCCC.[O-:21][H] 10=20;20,21=21"
"[OH:10]C([H])/C(O)=C([C:20]([H])=[OH+:21])/C>>[OH:21][C:20]1([H])[OH+:10]C([H])C(O)=C1C 10=20;20,21=21"
"[H][NH+:10](C([H])C(C8=CC=CC=C8)[NH]1)[C:20]1([NH:21][H])[NH][H].[Cl-]>>[Cl-].[H][NH:10]C([H])C(C8=CC=CC=C8)[NH][C:20]([NH][H])=[NH+:21][H] 21=20;20,10=10"
"CCC1C(C(O[C:20](N1CCCCCC)([O-:10])[O:21]CC)CC)CC>>CCC1C(C(O[C:20](=[O:10])N1CCCCCC)CC)CC.[O-:21]CC 10=20;20,21=21"
"C[NH+:10]([H])[C:20]1([NH:21]C6=CC=CC=C6)[NH]C(C7=CC=CC=C7)C([H])[O]1.[Cl-]>>[Cl-].C6=CC=CC=C6[NH+:21]=[C:20]2[NH]C(C7=CC=CC=C7)C([H])[O]2.C[NH:10][H] 21=20;20,10=10"
"C6=CC=CC=C6[NH+:21]=[C:20]2[O]C(C7=CC=CC=C7)C(C)[O]2.[H][NH:10][H].[Cl-]>>[Cl-].[H][NH+:10]([H])[C:20]1([NH:21]C6=CC=CC=C6)[O]C(C7=CC=CC=C7)C(C)[O]1 10=20;20,21=21"
"[H][NH:10]C(CC)C(C)C([H])[O][C:20]([O]C7=CC=CC=C7)=[NH+:21]C.[Cl-]>>[Cl-].[H][NH+:10](C(CC)C(C)C([H])[O]1)[C:20]1([NH:21]C)[O]C7=CC=CC=C7 10=20;20,21=21"
"[H][O+:10](C([H])C(C)C(C8=CC=CC=C8)[NH]1)[C:20]1([NH:21]C)[O][H].[Cl-]>>[Cl-].[H][O:10]C([H])C(C)C(C8=CC=CC=C8)[NH][C:20]([O][H])=[NH+:21]C 21=20;20,10=10"
"[H][O:10]C(C)C([H])C(C8=CC=CC=C8)[NH][C:20]([NH]C7=CC=CC=C7)=[NH+:21]CC.[Cl-]>>[Cl-].[H][O+:10](C(C)C([H])C(C8=CC=CC=C8)[NH]1)[C:20]1([NH:21]CC)[NH]C7=CC=CC=C7 10=20;20,21=21"
"[H]N([C:20]1(OC(C(C([O:21]1)CC)[H])CCCCCC)[O-:10])C>>[H]N([C:20](=[O:10])OC(C(C([O-:21])CC)[H])CCCCCC)C 10=20;20,21=21"
"[O-:10]C(CCC)C([H])C(O)C(O)[C:20](C)=[O:21]>>[O-:21][C:20]1(C)C(O)C(O)C([H])C(CCC)[O:10]1 10=20;20,21=21"
"C6=CC=CC=C6[NH+:21]=[C:20]2[NH][CH](C)[CH]([H])C(CC)[NH]2.C[O:10][H].[Cl-]>>[Cl-].C[O+:10]([H])[C:20]1([NH:21]C6=CC=CC=C6)[NH][CH](C)C([H])[CH](CC)[NH]1 10=20;20,21=21"
"[H][NH+:21]=[C:20]2[NH][CH](C7=CC=CC=C7)[CH](C)C(CC)[O]2.CC[NH:10][H].[Cl-]>>[Cl-].CC[NH+:10]([H])[C:20]1([NH:21][H])[NH][CH](C7=CC=CC=C7)C(C)[CH](CC)[O]1 10=20;20,21=21"
"C(C(O[C:20](=[O:10])OCC)C)([O-:21])CCCCCC>>C1(C([O:21][C:20](O1)([O-:10])OCC)CCCCCC)C 21=20;20,10=10"
"CC[NH+:21]=[C:20]2[NH]C([H])C(C)[NH]2.C[NH:10][H].[Cl-]>>[Cl-].C[NH+:10]([H])[C:20]1([NH:21]CC)[NH]C([H])C(C)[NH]1 10=20;20,21=21"
"CC[S+:10]([H])[C:20]([O:21][H])([S]CC)[O]CC.[Cl-]>>[Cl-].CC[S:10][H].[H][O+:21]=[C:20]([S]CC)[O]CC 21=20;20,10=10"
"[H][S+:10](C(CC)C([H])[O]1)[C:20]1([O:21]C)[O]C.[Cl-]>>[Cl-].[H][S:10]C(CC)C([H])[O][C:20]([O]C)=[O+:21]C 21=20;20,10=10"
"C[O+:21]=[C:20]2[S]C([H])C(CC)[O]2.C[S:10][H].[Cl-]>>[Cl-].C[S+:10]([H])[C:20]1([O:21]C)[S]C([H])C(CC)[O]1 10=20;20,21=21"
"[H][O:10]C(C)C([H])[NH][C:20]([NH][H])=[NH+:21]CC.[Cl-]>>[Cl-].[H][O+:10](C(C)C([H])[NH]1)[C:20]1([NH:21]CC)[NH][H] 10=20;20,21=21"
"[H][O:10]C(C)C(C)C(CC)[S][C:20]([S]C7=CC=CC=C7)=[O+:21]C.[Cl-]>>[Cl-].[H][O+:10](C(C)C(C)C(CC)[S]1)[C:20]1([O:21]C)[S]C7=CC=CC=C7 10=20;20,21=21"
"[H][O:10]C([H])C(CC)[O][C:20]([O]CC)=[NH+:21]C6=CC=CC=C6.[Cl-]>>[Cl-].[H][O+:10](C([H])C(CC)[O]1)[C:20]1([NH:21]C6=CC=CC=C6)[O]CC 10=20;20,21=21"
"C1=CC=CC=C1N([C:20](=[O:10])O[H])CC.[O-:21]CCCCCC>>C1=CC=CC=C1N([C:20]([O-:10])(O[H])[O:21]CCCCCC)CC 21=20;20,10=10"
"C9=CC=CC=C9[S+:10]([H])[C:20]1([O:21]C)[O][CH](C7=CC=CC=C7)C([H])[CH]([H])[O]1.[Cl-]>>[Cl-].C[O+:21]=[C:20]2[O][CH](C7=CC=CC=C7)[CH]([H])C([H])[O]2.C9=CC=CC=C9[S:10][H] 21=20;20,10=10"
"[O-:21][C:20]1(C)C(C)C(C)C(O)C(CC)[NH+:10]1(C)>>[NH:10](C)C(CC)C(O)C(C)C(C)[C:20](C)=[O:21] 21=20;20,10=10"
"C9=CC=CC=C9[NH+:10]([H])[C:20]1([NH:21]C6=CC=CC=C6)[NH][CH]([H])C([H])[CH](C)[NH]1.[Cl-]>>[Cl-].C6=CC=CC=C6[NH+:21]=[C:20]2[NH][CH]([H])[CH]([H])C(C)[NH]2.C9=CC=CC=C9[NH:10][H] 21=20;20,10=10"
"[H]N([C:20](=[O:10])OC(C(C([O-:21])CCCCCC)C)C1=CC=CC=C1)C1=CC=CC=C1>>[H]N([C:20]1(OC(C(C([O:21]1)CCCCCC)C)C1=CC=CC=C1)[O-:10])C1=CC=CC=C1 21=20;20,10=10"
"CCCCCCN([C:20](=[O:10])OC(C(C([O-:21])[H])C)C)[H]>>CCCCCCN([C:20]1(OC(C(C([O:21]1)[H])C)C)[O-:10])[H] 21=20;20,10=10"
"[H][S+:10](C(C)C(C)C(C)[O]1)[C:20]1([O:21]C)[O]CC.[Cl-]>>[Cl-].[H][S:10]C(C)C(C)C(C)[O][C:20]([O]CC)=[O+:21]C 21=20;20,10=10"
"CCN([C:20]1(OC(C(C([O:21]1)CC)C)C)[O-:10])[H]>>CCN([C:20](=[O:10])OC(C(C([O-:21])CC)C)C)[H] 10=20;20,21=21"
"[H][S:10]C(CC)C(C)C(C)[S][C:20]([S]CC)=[O+:21]C.[Cl-]>>[Cl-].[H][S+:10](C(CC)C(C)C(C)[S]1)[C:20]1([O:21]C)[S]CC 10=20;20,21=21"
"[O-:21][C:20]1(OCC)[O+:10]([K])C([H])C(C)C1[H]>>[O:10]([K])C([H])C(C)C([C:20](OCC)=[O:21])[H] 21=20;20,10=10"
"C1=CC=CC=C1N([C:20](=[O:10])OC(C(C([O-:21])[H])CCCCCC)C1=CC=CC=C1)CCCCCC>>C1=CC=CC=C1N([C:20]1(OC(C(C([O:21]1)[H])CCCCCC)C1=CC=CC=C1)[O-:10])CCCCCC 21=20;20,10=10"
"C[O+:21]=[C:20]2[S][CH](CC)[CH](C)C([H])[S]2.C9=CC=CC=C9[O:10][H].[Cl-]>>[Cl-].C9=CC=CC=C9[O+:10]([H])[C:20]1([O:21]C)[S][CH](CC)C(C)[CH]([H])[S]1 10=20;20,21=21"
"[OH:10]C([H])C([H])N([C:20](OCC)=[OH+:21])C>>[OH:21][C:20]1(OCC)[OH+:10]C([H])C([H])N1C 10=20;20,21=21"
"C[O+:21]=[C:20]2[O]C(C7=CC=CC=C7)C(C)[O]2.C9=CC=CC=C9[S:10][H].[Cl-]>>[Cl-].C9=CC=CC=C9[S+:10]([H])[C:20]1([O:21]C)[O]C(C7=CC=CC=C7)C(C)[O]1 10=20;20,21=21"
"[O:10]([K])C(C)/C(C)=C(C)\C(C)[C:20](C)=[O:21]>>[O-:21][C:20]1(C)C(C)C(C)=C(C)C(C)[O+:10]1([K]) 10=20;20,21=21"
"CC[S:10][H].[Si](C)(C)(C)[O+:21]=[C:20]([S]C8=CC=CC=C8)[O]C7=CC=CC=C7.[Cl-]>>[Cl-].CC[S+:10]([H])[C:20]([O:21][Si](C)(C)(C))([S]C8=CC=CC=C8)[O]C7=CC=CC=C7 10=20;20,21=21"
"[H]C1C(C(O[C:20](=[O:10])N1[H])CCCCCC)CCCCCC.[O-:21]C>>[H]C1C(C(O[C:20](N1[H])([O-:10])[O:21]C)CCCCCC)CCCCCC 21=20;20,10=10"
"[H][O:10]C(C)C([H])C([H])[O][C:20]([O][H])=[O+:21][H].[Cl-]>>[Cl-].[H][O+:10](C(C)C([H])C([H])[O]1)[C:20]1([O:21][H])[O][H] 10=20;20,21=21"
"CC[O:10][H].C[NH+:21]=[C:20]([O][H])[NH][H].[Cl-]>>[Cl-].CC[O+:10]([H])[C:20]([NH:21]C)([O][H])[NH][H] 10=20;20,21=21"
"[H][O+:10]([H])[C:20]1([O:21]C)[S]C(C)C(C8=CC=CC=C8)[S]1.[Cl-]>>[Cl-].C[O+:21]=[C:20]2[S]C(C)C(C8=CC=CC=C8)[S]2.[H][O:10][H] 21=20;20,10=10"
"[H][O+:10]([H])[C:20]1([NH:21][H])[O][CH](CC)C(C)[CH]([H])[O]1.[Cl-]>>[Cl-].[H][NH+:21]=[C:20]2[O][CH](CC)[CH](C)C([H])[O]2.[H][O:10][H] 21=20;20,10=10"
"[H][O+:10](C(CC)C(C)C([H])[O]1)[C:20]1([NH:21][H])[NH]C7=CC=CC=C7.[Cl-]>>[Cl-].[H][O:10]C(CC)C(C)C([H])[O][C:20]([NH]C7=CC=CC=C7)=[NH+:21][H] 21=20;20,10=10"
"[H][O+:10]([H])[C:20]1([NH:21]C6=CC=CC=C6)[O][CH](CC)C(C)[CH]([H])[NH]1.[Cl-]>>[Cl-].C6=CC=CC=C6[NH+:21]=[C:20]2[O][CH](CC)[CH](C)C([H])[NH]2.[H][O:10][H] 21=20;20,10=10"
"[O-:21][C:20]1([H])C([H])C(C)=C([H])C(CCC)[O+:10]1([K])>>[O:10]([K])C(CCC)/C([H])=C(C)\C([H])[C:20]([H])=[O:21] 21=20;20,10=10"
"CC[O+:10]([H])[C:20]1([O:21][H])[S]C(C)C(C8=CC=CC=C8)[S]1.[Cl-]>>[Cl-].[H][O+:21]=[C:20]2[S]C(C)C(C8=CC=CC=C8)[S]2.CC[O:10][H] 21=20;20,10=10"
"C[O:10][H].[Si](C)(C)(C)[O+:21]=[C:20]([O]C8=CC=CC=C8)[O]C.[Cl-]>>[Cl-].C[O+:10]([H])[C:20]([O:21][Si](C)(C)(C))([O]C8=CC=CC=C8)[O]C 10=20;20,21=21"
"CCN([C:20]1(OC(C(C([O:21]1)[H])CC)C1=CC=CC=C1)[O-:10])C>>CCN([C:20](=[O:10])OC(C(C([O-:21])[H])CC)C1=CC=CC=C1)C 10=20;20,21=21"
"[Si](C)(C)(C)[O+:21]=[C:20]2[O]C(CC)C([H])[S]2.[H][S:10][H].[Cl-]>>[Cl-].[H][S+:10]([H])[C:20]1([O:21][Si](C)(C)(C))[O]C(CC)C([H])[S]1 10=20;20,21=21"
"CC[S+:10]([H])[C:20]([O:21][H])([S][H])[S]C.[Cl-]>>[Cl-].CC[S:10][H].[H][O+:21]=[C:20]([S][H])[S]C 21=20;20,10=10"
"[H][NH+:10](C(CC)C(C)C(C8=CC=CC=C8)[O]1)[C:20]1([NH:21]C6=CC=CC=C6)[NH]CC.[Cl-]>>[Cl-].[H][NH:10]C(CC)C(C)C(C8=CC=CC=C8)[O][C:20]([NH]CC)=[NH+:21]C6=CC=CC=C6 21=20;20,10=10"
"[O-:10]C([H])C(C)C([H])C(C)[C:20](OCC)=[O:21]>>[O-:21][C:20]1(OCC)C(C)C([H])C(C)C([H])[O:10]1 10=20;20,21=21"
"[O:10]([Na])C([H])/C(C)=C([C:20](OC)=[O:21])/C>>[O-:21][C:20]1(OC)[O+:10]([Na])C([H])C(C)=C1C 10=20;20,21=21"
"C(C(O[C:20](=[O:10])OCC)CCCCCC)([O-:21])C1=CC=CC=C1>>C1(C([O:21][C:20](O1)([O-:10])OCC)C1=CC=CC=C1)CCCCCC 21=20;20,10=10"
"CCCCCCN([C:20]1(OC(C(C([O:21]1)[H])C)CCCCCC)[O-:10])C>>CCCCCCN([C:20](=[O:10])OC(C(C([O-:21])[H])C)CCCCCC)C 10=20;20,21=21"
"CC[NH+:21]=[C:20]2[NH]C(C7=CC=CC=C7)C([H])[NH]2.CC[O:10][H].[Cl-]>>[Cl-].CC[O+:10]([H])[C:20]1([NH:21]CC)[NH]C(C7=CC=CC=C7)C([H])[NH]1 10=20;20,21=21"
"[Na][O+:21]([C:20]([O-:10])(OCCCCCC)OCC)[H]>>[Na][O:21][H].[C:20](=[O:10])(OCCCCCC)OCC 10=20;20,21=21"
"[H][O+:10](C([H])C(C)C(C)[O]1)[C:20]1([O:21]C)[S][H].[Cl-]>>[Cl-].[H][O:10]C([H])C(C)C(C)[O][C:20]([S][H])=[O+:21]C 21=20;20,10=10"
"CC[NH:10][H].C[NH+:21]=[C:20]([O]C)[NH]CC.[Cl-]>>[Cl-].CC[NH+:10]([H])[C:20]([NH:21]C)([O]C)[NH]CC 10=20;20,21=21"
"C9=CC=CC=C9[O+:10]([H])[C:20]1([O:21][H])[S]C(C)C(C8=CC=CC=C8)[O]1.[Cl-]>>[Cl-].[H][O+:21]=[C:20]2[S]C(C)C(C8=CC=CC=C8)[O]2.C9=CC=CC=C9[O:10][H] 21=20;20,10=10"
"[H][O+:21]=[C:20]2[S]C(C7=CC=CC=C7)C([H])[O]2.[H][S:10][H].[Cl-]>>[Cl-].[H][S+:10]([H])[C:20]1([O:21][H])[S]C(C7=CC=CC=C7)C([H])[O]1 10=20;20,21=21"
"C1=CC=CC=C1C1C(C(O[C:20](N1CCCCCC)([O-:10])[O:21]C1=CC=CC=C1)CCCCCC)[H]>>C1=CC=CC=C1C1C(C(O[C:20](=[O:10])N1CCCCCC)CCCCCC)[H].[O-:21]C1=CC=CC=C1 10=20;20,21=21"
"[H][O+:10]([H])[C:20]1([NH:21][H])[NH][CH](CC)C(C)[CH](CC)[O]1.[Cl-]>>[Cl-].[H][NH+:21]=[C:20]2[NH][CH](CC)[CH](C)C(CC)[O]2.[H][O:10][H] 21=20;20,10=10"
"C9=CC=CC=C9[S+:10]([H])[C:20]1([O:21][Si](C)(C)(C))[S]C(C)C(C8=CC=CC=C8)[S]1.[Cl-]>>[Cl-].[Si](C)(C)(C)[O+:21]=[C:20]2[S]C(C)C(C8=CC=CC=C8)[S]2.C9=CC=CC=C9[S:10][H] 21=20;20,10=10"
"[H][S+:10](C(C)C(C)[S]1)[C:20]1([O:21]C)[S]C7=CC=CC=C7.[Cl-]>>[Cl-].[H][S:10]C(C)C(C)[S][C:20]([S]C7=CC=CC=C7)=[O+:21]C 21=20;20,10=10"
"[OH:21][C:20]1(OCC)C([H])C(C)C([H])C(C)[OH+:10]1>>[OH:10]C(C)C([H])C(C)C([H])[C:20](OCC)=[OH+:21] 21=20;20,10=10"
"[OH:10]C(CC)C([H])C(C)C(O)[C:20]([H])=[OH+:21]>>[OH:21][C:20]1([H])C(O)C(C)C([H])C(CC)[OH+:10]1 10=20;20,21=21"
"[H][O+:10]([H])[C:20]1([NH:21][H])[O][CH](C7=CC=CC=C7)C([H])[CH](CC)[NH]1.[Cl-]>>[Cl-].[H][NH+:21]=[C:20]2[O][CH](C7=CC=CC=C7)[CH]([H])C(CC)[NH]2.[H][O:10][H] 21=20;20,10=10"
"CC[NH+:21]=[C:20]2[NH][CH](C)[CH](C)C([H])[NH]2.CC[NH:10][H].[Cl-]>>[Cl-].CC[NH+:10]([H])[C:20]1([NH:21]CC)[NH][CH](C)C(C)[CH]([H])[NH]1 10=20;20,21=21"
"[H][NH+:10](C(C)C(C)C([H])[NH]1)[C:20]1([NH:21]CC)[NH]CC.[Cl-]>>[Cl-].[H][NH:10]C(C)C(C)C([H])[NH][C:20]([NH]CC)=[NH+:21]CC 21=20;20,10=10"
"C[O+:21]=[C:20]2[O][CH](C7=CC=CC=C7)[CH]([H])C([H])[S]2.CC[S:10][H].[Cl-]>>[Cl-].CC[S+:10]([H])[C:20]1([O:21]C)[O][CH](C7=CC=CC=C7)C([H])[CH]([H])[S]1 10=20;20,21=21"
"CC[NH+:10]([H])[C:20]1([NH:21]C6=CC=CC=C6)[O][CH](CC)C(C)[CH]([H])[NH]1.[Cl-]>>[Cl-].C6=CC=CC=C6[NH+:21]=[C:20]2[O][CH](CC)[CH](C)C([H])[NH]2.CC[NH:10][H] 21=20;20,10=10"
"[H][S+:10](C(C)C(C)C([H])[S]1)[C:20]1([O:21]C)[S]CC.[Cl-]>>[Cl-].[H][S:10]C(C)C(C)C([H])[S][C:20]([S]CC)=[O+:21]C 21=20;20,10=10"
"CCCCCCN([C:20]1(OC(C(C([O:21]1)CC)CCCCCC)CCCCCC)[O-:10])C>>CCCCCCN([C:20](=[O:10])OC(C(C([O-:21])CC)CCCCCC)CCCCCC)C 10=20;20,21=21"
"CC[NH+:10]([H])[C:20]1([NH:21]C)[NH][CH](C)C(C)[CH](CC)[O]1.[Cl-]>>[Cl-].C[NH+:21]=[C:20]2[NH][CH](C)[CH](C)C(CC)[O]2.CC[NH:10][H] 21=20;20,10=10"
"[H][NH+:21]=[C:20]2[NH][CH](C7=CC=CC=C7)[CH]([H])C(CC)[O]2.CC[O:10][H].[Cl-]>>[Cl-].CC[O+:10]([H])[C:20]1([NH:21][H])[NH][CH](C7=CC=CC=C7)C([H])[CH](CC)[O]1 10=20;20,21=21"
"C9=CC=CC=C9[O+:10]([H])[C:20]1([O:21]C)[S]C([H])C(CC)[O]1.[Cl-]>>[Cl-].C[O+:21]=[C:20]2[S]C([H])C(CC)[O]2.C9=CC=CC=C9[O:10][H] 21=20;20,10=10"
"C6=CC=CC=C6[NH+:21]=[C:20]2[O]C(C7=CC=CC=C7)C(CC)[NH]2.CC[NH:10][H].[Cl-]>>[Cl-].CC[NH+:10]([H])[C:20]1([NH:21]C6=CC=CC=C6)[O]C(C7=CC=CC=C7)C(CC)[NH]1 10=20;20,21=21"
"C[S+:10]([H])[C:20]1([O:21][H])[S][CH](C7=CC=CC=C7)C(C)[CH](CC)[S]1.[Cl-]>>[Cl-].[H][O+:21]=[C:20]2[S][CH](C7=CC=CC=C7)[CH](C)C(CC)[S]2.C[S:10][H] 21=20;20,10=10"
"[H][NH:10]C([H])C([H])C(C)[NH][C:20]([NH][H])=[NH+:21]C6=CC=CC=C6.[Cl-]>>[Cl-].[H][NH+:10](C([H])C([H])C(C)[NH]1)[C:20]1([NH:21]C6=CC=CC=C6)[NH][H] 10=20;20,21=21"
"[H][O+:10]([H])[C:20]1([NH:21]C)[NH]C(C)C(C8=CC=CC=C8)[NH]1.[Cl-]>>[Cl-].C[NH+:21]=[C:20]2[NH]C(C)C(C8=CC=CC=C8)[NH]2.[H][O:10][H] 21=20;20,10=10"
"CC[O+:10]([H])[C:20]1([NH:21][H])[NH][CH](C7=CC=CC=C7)C([H])[CH](C)[O]1.[Cl-]>>[Cl-].[H][NH+:21]=[C:20]2[NH][CH](C7=CC=CC=C7)[CH]([H])C(C)[O]2.CC[O:10][H] 21=20;20,10=10"
"[H][S:10]C(CC)C([H])[O][C:20]([O][H])=[O+:21][H].[Cl-]>>[Cl-].[H][S+:10](C(CC)C([H])[O]1)[C:20]1([O:21][H])[O][H] 10=20;20,21=21"
"C1=CC=CC=C1C1C(C(O[C:20](=[O:10])N1[H])C1=CC=CC=C1)CCCCCC.[O-:21]C>>C1=CC=CC=C1C1C(C(O[C:20](N1[H])([O-:10])[O:21]C)C1=CC=CC=C1)CCCCCC 21=20;20,10=10"
"C[NH+:21]=[C:20]2[O][CH](CC)[CH]([H])C([H])[NH]2.C[NH:10][H].[Cl-]>>[Cl-].C[NH+:10]([H])[C:20]1([NH:21]C)[O][CH](CC)C([H])[CH]([H])[NH]1 10=20;20,21=21"
"[H]N([C:20]1(OC(C(C([O:21]1)C)CC)[H])[O-:10])C>>[H]N([C:20](=[O:10])OC(C(C([O-:21])C)CC)[H])C 10=20;20,21=21"
"[H]N([C:20]([O-:10])(OC)[O:21]C)[H]>>[H]N([C:20](=[O:10])OC)[H].[O-:21]C 10=20;20,21=21"
"[H][NH+:10](C(C)C([H])C(C)[O]1)[C:20]1([NH:21]C6=CC=CC=C6)[O]CC.[Cl-]>>[Cl-].[H][NH:10]C(C)C([H])C(C)[O][C:20]([O]CC)=[NH+:21]C6=CC=CC=C6 21=20;20,10=10"
"CN([C:20]1(OC(C(C([O:21]1)CCCCCC)CCCCCC)CCCCCC)[O-:10])CC>>CN([C:20](=[O:10])OC(C(C([O-:21])CCCCCC)CCCCCC)CCCCCC)CC 10=20;20,21=21"
"CCCCCCN([C:20]1(OC(C(C([O:21]1)[H])C)C1=CC=CC=C1)[O-:10])C1=CC=CC=C1>>CCCCCCN([C:20](=[O:10])OC(C(C([O-:21])[H])C)C1=CC=CC=C1)C1=CC=CC=C1 10=20;20,21=21"
"[H][O:10]C(C9=CC=CC=C9)C([H])[O][C:20]([O]C)=[O+:21][Si](C)(C)(C).[Cl-]>>[Cl-].[H][O+:10](C(C9=CC=CC=C9)C([H])[O]1)[C:20]1([O:21][Si](C)(C)(C))[O]C 10=20;20,21=21"
"[OH:10]C(CCC)/C(C)=C([C:20]([H])=[OH+:21])/C>>[OH:21][C:20]1([H])[OH+:10]C(CCC)C(C)=C1C 10=20;20,21=21"
"[H]C1C(C(O[C:20](=[O:10])N1C1=CC=CC=C1)C)[H].[O-:21][H]>>[H]C1C(C(O[C:20](N1C1=CC=CC=C1)([O-:10])[O:21][H])C)[H] 21=20;20,10=10"
"CC[NH+:21]=[C:20]2[O]C([H])C([H])[NH]2.C9=CC=CC=C9[O:10][H].[Cl-]>>[Cl-].C9=CC=CC=C9[O+:10]([H])[C:20]1([NH:21]CC)[O]C([H])C([H])[NH]1 10=20;20,21=21"
"[H][S+:10](C([H])C([H])C(CC)[S]1)[C:20]1([O:21]C)[O][H].[Cl-]>>[Cl-].[H][S:10]C([H])C([H])C(CC)[S][C:20]([O][H])=[O+:21]C 21=20;20,10=10"
"C[S+:10]([H])[C:20]1([O:21][H])[O]C(C7=CC=CC=C7)C([H])[O]1.[Cl-]>>[Cl-].[H][O+:21]=[C:20]2[O]C(C7=CC=CC=C7)C([H])[O]2.C[S:10][H] 21=20;20,10=10"
"[H][S:10]C(CC)C([H])C([H])[S][C:20]([O]C)=[O+:21][H].[Cl-]>>[Cl-].[H][S+:10](C(CC)C([H])C([H])[S]1)[C:20]1([O:21][H])[O]C 10=20;20,21=21"
"[H][O+:10](C([H])C(CC)[O]1)[C:20]1([O:21][Si](C)(C)(C))[O]CC.[Cl-]>>[Cl-].[H][O:10]C([H])C(CC)[O][C:20]([O]CC)=[O+:21][Si](C)(C)(C) 21=20;20,10=10"
"C1=CC=CC=C1N([C:20](=[O:10])OC1=CC=CC=C1)CCCCCC.[O-:21]CC>>C1=CC=CC=C1N([C:20]([O-:10])(OC1=CC=CC=C1)[O:21]CC)CCCCCC 21=20;20,10=10"
"[H][O+:10]([H])[C:20]1([NH:21]C6=CC=CC=C6)[NH][CH](CC)C(C)[CH](CC)[NH]1.[Cl-]>>[Cl-].C6=CC=CC=C6[NH+:21]=[C:20]2[NH][CH](CC)[CH](C)C(CC)[NH]2.[H][O:10][H] 21=20;20,10=10"
"[H][NH:10]C(C)C([H])[O][C:20]([O][H])=[NH+:21]CC.[Cl-]>>[Cl-].[H][NH+:10](C(C)C([H])[O]1)[C:20]1([NH:21]CC)[O][H] 10=20;20,21=21"
"[H][NH:10]C(C9=CC=CC=C9)C(C)C(CC)[NH][C:20]([O]CC)=[NH+:21]C6=CC=CC=C6.[Cl-]>>[Cl-].[H][NH+:10](C(C9=CC=CC=C9)C(C)C(CC)[NH]1)[C:20]1([NH:21]C6=CC=CC=C6)[O]CC 10=20;20,21=21"
"C9=CC=CC=C9[O:10][H].[H][O+:21]=[C:20]([O][H])[S][H].[Cl-]>>[Cl-].C9=CC=CC=C9[O+:10]([H])[C:20]([O:21][H])([O][H])[S][H] 10=20;20,21=21"
"C9=CC=CC=C9[NH:10][H].CC[NH+:21]=[C:20]([O]CC)[O]C7=CC=CC=C7.[Cl-]>>[Cl-].C9=CC=CC=C9[NH+:10]([H])[C:20]([NH:21]CC)([O]CC)[O]C7=CC=CC=C7 10=20;20,21=21"
"C9=CC=CC=C9[NH+:10]([H])[C:20]1([NH:21]CC)[O][CH]([H])C([H])[CH]([H])[O]1.[Cl-]>>[Cl-].CC[NH+:21]=[C:20]2[O][CH]([H])[CH]([H])C([H])[O]2.C9=CC=CC=C9[NH:10][H] 21=20;20,10=10"
"[H][NH+:10]([H])[C:20]1([NH:21][H])[O][CH](C)C(C)[CH](C)[O]1.[Cl-]>>[Cl-].[H][NH+:21]=[C:20]2[O][CH](C)[CH](C)C(C)[O]2.[H][NH:10][H] 21=20;20,10=10"
"C1=CC=CC=C1N([C:20](=[O:10])OC(C(C([O-:21])C)C)C)C1=CC=CC=C1>>C1=CC=CC=C1N([C:20]1(OC(C(C([O:21]1)C)C)C)[O-:10])C1=CC=CC=C1 21=20;20,10=10"
"C9=CC=CC=C9[S+:10]([H])[C:20]([O:21]C)([O][H])[S]C.[Cl-]>>[Cl-].C9=CC=CC=C9[S:10][H].C[O+:21]=[C:20]([O][H])[S]C 21=20;20,10=10"
"CC1C(C(O[C:20](N1CCCCCC)([O-:10])[O:21]C1=CC=CC=C1)C)CC>>CC1C(C(O[C:20](=[O:10])N1CCCCCC)C)CC.[O-:21]C1=CC=CC=C1 10=20;20,21=21"
"[NH:10](C)C([H])C(C)C([H])C(C)[C:20]([H])=[O:21]>>[O-:21][C:20]1([H])C(C)C([H])C(C)C([H])[NH+:10]1(C) 10=20;20,21=21"
"C9=CC=CC=C9[S+:10]([H])[C:20]1([O:21][H])[O][CH](C)C([H])[CH](C)[O]1.[Cl-]>>[Cl-].[H][O+:21]=[C:20]2[O][CH](C)[CH]([H])C(C)[O]2.C9=CC=CC=C9[S:10][H] 21=20;20,10=10"
"C[O+:10]([H])[C:20]([NH:21]C6=CC=CC=C6)([O]CC)[O][H].[Cl-]>>[Cl-].C[O:10][H].C6=CC=CC=C6[NH+:21]=[C:20]([O]CC)[O][H] 21=20;20,10=10"
"C9=CC=CC=C9[O+:10]([H])[C:20]1([NH:21][H])[NH][CH](CC)C(C)[CH](C)[O]1.[Cl-]>>[Cl-].[H][NH+:21]=[C:20]2[NH][CH](CC)[CH](C)C(C)[O]2.C9=CC=CC=C9[O:10][H] 21=20;20,10=10"
"C[O:10][H].C[O+:21]=[C:20]([O]CC)[O]C7=CC=CC=C7.[Cl-]>>[Cl-].C[O+:10]([H])[C:20]([O:21]C)([O]CC)[O]C7=CC=CC=C7 10=20;20,21=21"
"[H][NH+:10](C([H])C([H])C([H])[O]1)[C:20]1([NH:21]C)[O]C7=CC=CC=C7.[Cl-]>>[Cl-].[H][NH:10]C([H])C([H])C([H])[O][C:20]([O]C7=CC=CC=C7)=[NH+:21]C 21=20;20,10=10"
"[H][O+:10]([H])[C:20]1([O:21]C)[S][CH](C7=CC=CC=C7)C(C)[CH](C8=CC=CC=C8)[O]1.[Cl-]>>[Cl-].C[O+:21]=[C:20]2[S][CH](C7=CC=CC=C7)[CH](C)C(C8=CC=CC=C8)[O]2.[H][O:10][H] 21=20;20,10=10"
"[O-:21][C:20]1(C)C(O)C(C)C(C)C([H])[O+:10]1([Na])>>[O:10]([Na])C([H])C(C)C(C)C(O)[C:20](C)=[O:21] 21=20;20,10=10"
"C1=CC=CC=C1C1C(C(O[C:20](=[O:10])N1CCCCCC)[H])CCCCCC.[O-:21]CCCCCC>>C1=CC=CC=C1C1C(C(O[C:20](N1CCCCCC)([O-:10])[O:21]CCCCCC)[H])CCCCCC 21=20;20,10=10"
"[H][O+:10](C(CC)C(C)C([H])[O]1)[C:20]1([NH:21][H])[NH][H].[Cl-]>>[Cl-].[H][O:10]C(CC)C(C)C([H])[O][C:20]([NH][H])=[NH+:21][H] 21=20;20,10=10"
"CC[S:10][H].[H][O+:21]=[C:20]([O]C8=CC=CC=C8)[O]C.[Cl-]>>[Cl-].CC[S+:10]([H])[C:20]([O:21][H])([O]C8=CC=CC=C8)[O]C 10=20;20,21=21"
"CC[NH+:21]=[C:20]2[O]C(CC)C(C8=CC=CC=C8)[NH]2.CC[O:10][H].[Cl-]>>[Cl-].CC[O+:10]([H])[C:20]1([NH:21]CC)[O]C(CC)C(C8=CC=CC=C8)[NH]1 10=20;20,21=21"
"C[O+:21]=[C:20]2[S]C([H])C(C8=CC=CC=C8)[S]2.C9=CC=CC=C9[S:10][H].[Cl-]>>[Cl-].C9=CC=CC=C9[S+:10]([H])[C:20]1([O:21]C)[S]C([H])C(C8=CC=CC=C8)[S]1 10=20;20,21=21"
"CC[NH+:10]([H])[C:20]1([NH:21]CC)[O]C([H])C(C)[O]1.[Cl-]>>[Cl-].CC[NH+:21]=[C:20]2[O]C([H])C(C)[O]2.CC[NH:10][H] 21=20;20,10=10"
"C1=CC=CC=C1N([C:20]1(OC(C(C([O:21]1)CCCCCC)C)CC)[O-:10])C>>C1=CC=CC=C1N([C:20](=[O:10])OC(C(C([O-:21])CCCCCC)C)CC)C 10=20;20,21=21"
"[Si](C)(C)(C)[O+:21]=[C:20]2[O]C(CC)C(CC)[O]2.CC[S:10][H].[Cl-]>>[Cl-].CC[S+:10]([H])[C:20]1([O:21][Si](C)(C)(C))[O]C(CC)C(CC)[O]1 10=20;20,21=21"
"C1=CC=CC=C1N([C:20]([O-:10])(O[H])[O:21]C1=CC=CC=C1)CCCCCC>>C1=CC=CC=C1N([C:20](=[O:10])O[H])CCCCCC.[O-:21]C1=CC=CC=C1 10=20;20,21=21"
"[H][NH:10][H].C[NH+:21]=[C:20]([NH][H])[NH]CC.[Cl-]>>[Cl-].[H][NH+:10]([H])[C:20]([NH:21]C)([NH][H])[NH]CC 10=20;20,21=21"
"CC[O:10][H].[H][NH+:21]=[C:20]([O]C)[NH]CC.[Cl-]>>[Cl-].CC[O+:10]([H])[C:20]([NH:21][H])([O]C)[NH]CC 10=20;20,21=21"
"CN([C:20]1(OC(C(C([O:21]1)C1=CC=CC=C1)CCCCCC)[H])[O-:10])C1=CC=CC=C1>>CN([C:20](=[O:10])OC(C(C([O-:21])C1=CC=CC=C1)CCCCCC)[H])C1=CC=CC=C1 10=20;20,21=21"
"[H]N([C:20](=[O:10])OC1=CC=CC=C1)C.[O-:21]CC>>[H]N([C:20]([O-:10])(OC1=CC=CC=C1)[O:21]CC)C 21=20;20,10=10"
"[H][NH+:10]([H])[C:20]1([NH:21]CC)[NH][CH](CC)C([H])[CH](CC)[O]1.[Cl-]>>[Cl-].CC[NH+:21]=[C:20]2[NH][CH](CC)[CH]([H])C(CC)[O]2.[H][NH:10][H] 21=20;20,10=10"
"CCN([C:20]1(OC(C(C([O:21]1)C1=CC=CC=C1)CCCCCC)[H])[O-:10])CCCCCC>>CCN([C:20](=[O:10])OC(C(C([O-:21])C1=CC=CC=C1)CCCCCC)[H])CCCCCC 10=20;20,21=21"
"CCC1C(C(O[C:20](N1C)([O-:10])[Cl:21])[H])[H]>>CCC1C(C(O[C:20](=[O:10])N1C)[H])[H].[Cl-:21] 10=20;20,21=21"
"[H][O+:10](C(C)C(C8=CC=CC=C8)[O]1)[C:20]1([O:21]C)[O]CC.[Cl-]>>[Cl-].[H][O:10]C(C)C(C8=CC=CC=C8)[O][C:20]([O]CC)=[O+:21]C 21=20;20,10=10"
"C[NH+:10]([H])[C:20]1([NH:21]CC)[O][CH]([H])C([H])[CH](C8=CC=CC=C8)[O]1.[Cl-]>>[Cl-].CC[NH+:21]=[C:20]2[O][CH]([H])[CH]([H])C(C8=CC=CC=C8)[O]2.C[NH:10][H] 21=20;20,10=10"
"CC1C(C(O[C:20](=[O:10])N1C)C1=CC=CC=C1)[H].[O-:21][H]>>CC1C(C(O[C:20](N1C)([O-:10])[O:21][H])C1=CC=CC=C1)[H] 21=20;20,10=10"
"[H][NH+:10](C([H])C(C)C(C)[NH]1)[C:20]1([NH:21]C)[O]C7=CC=CC=C7.[Cl-]>>[Cl-].[H][NH:10]C([H])C(C)C(C)[NH][C:20]([O]C7=CC=CC=C7)=[NH+:21]C 21=20;20,10=10"
"[O-:21][C:20]1(C)C([H])C(C)=C(C)C([H])[O+:10]1([Na])>>[O:10]([Na])C([H])/C(C)=C(C)\C([H])[C:20](C)=[O:21] 21=20;20,10=10"
"CC1C(C(O[C:20](=[O:10])N1[H])CCCCCC)CCCCCC.[O-:21]C1=CC=CC=C1>>CC1C(C(O[C:20](N1[H])([O-:10])[O:21]C1=CC=CC=C1)CCCCCC)CCCCCC 21=20;20,10=10"
"C[O+:21]=[C:20]2[S][CH](CC)[CH](C)C(CC)[O]2.CC[O:10][H].[Cl-]>>[Cl-].CC[O+:10]([H])[C:20]1([O:21]C)[S][CH](CC)C(C)[CH](CC)[O]1 10=20;20,21=21"
"C6=CC=CC=C6[NH+:21]=[C:20]2[NH][CH](CC)[CH]([H])C(C8=CC=CC=C8)[NH]2.C9=CC=CC=C9[NH:10][H].[Cl-]>>[Cl-].C9=CC=CC=C9[NH+:10]([H])[C:20]1([NH:21]C6=CC=CC=C6)[NH][CH](CC)C([H])[CH](C8=CC=CC=C8)[NH]1 10=20;20,21=21"
"[O-:10]C(CC)C([H])C(C)C([H])[C:20]([H])=[O:21]>>[O-:21][C:20]1([H])C([H])C(C)C([H])C(CC)[O:10]1 10=20;20,21=21"
"CN([C:20]1(OC(C([O:21]1)C1=CC=CC=C1)C)[O-:10])CC>>CN([C:20](=[O:10])OC(C([O-:21])C1=CC=CC=C1)C)CC 10=20;20,21=21"
"C[O:10][CH:20]([I:21])CC>>C[O+:10]=[CH:20]CC.[I-:21] 10=20;20,21=21"
"[O-:10]C(CCC)C(C)C(O)C([H])[C:20](C)=[O:21]>>[O-:21][C:20]1(C)C([H])C(O)C(C)C(CCC)[O:10]1 10=20;20,21=21"
"[H][S+:10](C(C)C(C)C([H])[O]1)[C:20]1([O:21][H])[S]C7=CC=CC=C7.[Cl-]>>[Cl-].[H][S:10]C(C)C(C)C([H])[O][C:20]([S]C7=CC=CC=C7)=[O+:21][H] 21=20;20,10=10"
"[H][S+:10](C(C)C(C)C(C8=CC=CC=C8)[O]1)[C:20]1([O:21][H])[O]CC.[Cl-]>>[Cl-].[H][S:10]C(C)C(C)C(C8=CC=CC=C8)[O][C:20]([O]CC)=[O+:21][H] 21=20;20,10=10"
"[H]C1C(C(O[C:20](=[O:10])N1[H])C)CC.[O-:21][H]>>[H]C1C(C(O[C:20](N1[H])([O-:10])[O:21][H])C)CC 21=20;20,10=10"
"C9=CC=CC=C9[S+:10]([H])[C:20]1([O:21][H])[S][CH](CC)C([H])[CH](C)[S]1.[Cl-]>>[Cl-].[H][O+:21]=[C:20]2[S][CH](CC)[CH]([H])C(C)[S]2.C9=CC=CC=C9[S:10][H] 21=20;20,10=10"
"[H][NH+:10](C([H])C(CC)[O]1)[C:20]1([NH:21]C)[NH]C7=CC=CC=C7.[Cl-]>>[Cl-].[H][NH:10]C([H])C(CC)[O][C:20]([NH]C7=CC=CC=C7)=[NH+:21]C 21=20;20,10=10"
"[H][O+:10]([H])[C:20]1([O:21][H])[O][CH](C)C([H])[CH](C)[S]1.[Cl-]>>[Cl-].[H][O+:21]=[C:20]2[O][CH](C)[CH]([H])C(C)[S]2.[H][O:10][H] 21=20;20,10=10"
"[H][S+:10]([H])[C:20]1([O:21][H])[O][CH](C)C(C)[CH](C8=CC=CC=C8)[S]1.[Cl-]>>[Cl-].[H][O+:21]=[C:20]2[O][CH](C)[CH](C)C(C8=CC=CC=C8)[S]2.[H][S:10][H] 21=20;20,10=10"
"[H][O+:10]([H])[C:20]1([O:21][H])[O]C(CC)C(C8=CC=CC=C8)[S]1.[Cl-]>>[Cl-].[H][O+:21]=[C:20]2[O]C(CC)C(C8=CC=CC=C8)[S]2.[H][O:10][H] 21=20;20,10=10"
"[H][O:10]C(C)C([H])[NH][C:20]([O]CC)=[NH+:21]C6=CC=CC=C6.[Cl-]>>[Cl-].[H][O+:10](C(C)C([H])[NH]1)[C:20]1([NH:21]C6=CC=CC=C6)[O]CC 10=20;20,21=21"
"[H]C1C(C(O[C:20](N1CC)([O-:10])[O:21]C)CC)CC>>[H]C1C(C(O[C:20](=[O:10])N1CC)CC)CC.[O-:21]C 10=20;20,21=21"
"[O-:21][C:20]1(OCC)[O+:10]([Na])C(CCC)C(C)C1C>>[O:10]([Na])C(CCC)C(C)C([C:20](OCC)=[O:21])C 21=20;20,10=10"
"[H][S:10]C([H])C(C)C(C8=CC=CC=C8)[O][C:20]([O][H])=[O+:21]C.[Cl-]>>[Cl-].[H][S+:10](C([H])C(C)C(C8=CC=CC=C8)[O]1)[C:20]1([O:21]C)[O][H] 10=20;20,21=21"
"C[O+:10]([H])[C:20]1([NH:21]CC)[NH][CH](CC)C(C)[CH](C8=CC=CC=C8)[NH]1.[Cl-]>>[Cl-].CC[NH+:21]=[C:20]2[NH][CH](CC)[CH](C)C(C8=CC=CC=C8)[NH]2.C[O:10][H] 21=20;20,10=10"
"[H][S+:10]([H])[C:20]1([O:21][Si](C)(C)(C))[S]C(CC)C(C)[S]1.[Cl-]>>[Cl-].[Si](C)(C)(C)[O+:21]=[C:20]2[S]C(CC)C(C)[S]2.[H][S:10][H] 21=20;20,10=10"
"[H][S+:10](C(C9=CC=CC=C9)C(C)C(CC)[O]1)[C:20]1([O:21][H])[O]C7=CC=CC=C7.[Cl-]>>[Cl-].[H][S:10]C(C9=CC=CC=C9)C(C)C(CC)[O][C:20]([O]C7=CC=CC=C7)=[O+:21][H] 21=20;20,10=10"
"[OH:21][C:20]1(OC)[OH+:10]C(CCC)C(C)C1[H]>>[OH:10]C(CCC)C(C)C([C:20](OC)=[OH+:21])[H] 21=20;20,10=10"
"[H][O+:10](C(C)C(CC)[NH]1)[C:20]1([NH:21]C)[NH]C.[Cl-]>>[Cl-].[H][O:10]C(C)C(CC)[NH][C:20]([NH]C)=[NH+:21]C 21=20;20,10=10"
"[O:10]([K])C(CCC)C([H])C(C)C(O)[C:20](OCC)=[O:21]>>[O-:21][C:20]1(OCC)C(O)C(C)C([H])C(CCC)[O+:10]1([K]) 10=20;20,21=21"
"[O:10]([Na])C([H])/C(C)=C(C)\C(C)[C:20](OC)=[O:21]>>[O-:21][C:20]1(OC)C(C)C(C)=C(C)C([H])[O+:10]1([Na]) 10=20;20,21=21"
"C1=CC=CC=C1N([C:20]1(OC(C(C([O:21]1)CCCCCC)CCCCCC)C)[O-:10])CCCCCC>>C1=CC=CC=C1N([C:20](=[O:10])OC(C(C([O-:21])CCCCCC)CCCCCC)C)CCCCCC 10=20;20,21=21"
"CN([C:20]1(OC(C(C([O:21]1)C1=CC=CC=C1)CCCCCC)C)[O-:10])CCCCCC>>CN([C:20](=[O:10])OC(C(C([O-:21])C1=CC=CC=C1)CCCCCC)C)CCCCCC 10=20;20,21=21"
"[H][O+:10](C(C)C(C)C(C)[S]1)[C:20]1([O:21]C)[O]CC.[Cl-]>>[Cl-].[H][O:10]C(C)C(C)C(C)[S][C:20]([O]CC)=[O+:21]C 21=20;20,10=10"
"CN([C:20]([O-:10])(OC)[Cl:21])CC>>CN([C:20](=[O:10])OC)CC.[Cl-:21] 10=20;20,21=21"
"[H][NH+:21]=[C:20]2[O][CH](C7=CC=CC=C7)[CH]([H])C(C8=CC=CC=C8)[O]2.C[NH:10][H].[Cl-]>>[Cl-].C[NH+:10]([H])[C:20]1([NH:21][H])[O][CH](C7=CC=CC=C7)C([H])[CH](C8=CC=CC=C8)[O]1 10=20;20,21=21"
"CCCCCCN([C:20](=[O:10])OC(C(C([O-:21])CC)C)C)CC>>CCCCCCN([C:20]1(OC(C(C([O:21]1)CC)C)C)[O-:10])CC 21=20;20,10=10"
"[H][NH:10]C(CC)C(C)C(C)[NH][C:20]([O]CC)=[NH+:21]C.[Cl-]>>[Cl-].[H][NH+:10](C(CC)C(C)C(C)[NH]1)[C:20]1([NH:21]C)[O]CC 10=20;20,21=21"
"C[NH+:10]([H])[C:20]1([NH:21]C)[O]C(C7=CC=CC=C7)C(CC)[O]1.[Cl-]>>[Cl-].C[NH+:21]=[C:20]2[O]C(C7=CC=CC=C7)C(CC)[O]2.C[NH:10][H] 21=20;20,10=10"
"[H][NH:10]C(CC)C([H])C(C)[NH][C:20]([NH]CC)=[NH+:21]C.[Cl-]>>[Cl-].[H][NH+:10](C(CC)C([H])C(C)[NH]1)[C:20]1([NH:21]C)[NH]CC 10=20;20,21=21"
"[H][S:10]C(C)C([H])C(CC)[S][C:20]([S][H])=[O+:21][H].[Cl-]>>[Cl-].[H][S+:10](C(C)C([H])C(CC)[S]1)[C:20]1([O:21][H])[S][H] 10=20;20,21=21"
"[H][O+:21]=[C:20]2[S][CH](C7=CC=CC=C7)[CH]([H])C(C)[O]2.[H][O:10][H].[Cl-]>>[Cl-].[H][O+:10]([H])[C:20]1([O:21][H])[S][CH](C7=CC=CC=C7)C([H])[CH](C)[O]1 10=20;20,21=21"
"[H][NH:10]C(C9=CC=CC=C9)C(C8=CC=CC=C8)[NH][C:20]([O]C7=CC=CC=C7)=[NH+:21]C.[Cl-]>>[Cl-].[H][NH+:10](C(C9=CC=CC=C9)C(C8=CC=CC=C8)[NH]1)[C:20]1([NH:21]C)[O]C7=CC=CC=C7 10=20;20,21=21"
"[O:10]([K])C(CCC)C(C)C([H])C([H])[C:20](OC)=[O:21]>>[O-:21][C:20]1(OC)C([H])C([H])C(C)C(CCC)[O+:10]1([K]) 10=20;20,21=21"
"C1=CC=CC=C1N([C:20](=[O:10])OC(C(C([O-:21])CCCCCC)[H])C1=CC=CC=C1)C>>C1=CC=CC=C1N([C:20]1(OC(C(C([O:21]1)CCCCCC)[H])C1=CC=CC=C1)[O-:10])C 21=20;20,10=10"
"[H][O+:21]=[C:20]2[S]C([H])C(CC)[S]2.C[O:10][H].[Cl-]>>[Cl-].C[O+:10]([H])[C:20]1([O:21][H])[S]C([H])C(CC)[S]1 10=20;20,21=21"
"CN([C:20]([O-:10])(OC1=CC=CC=C1)[O:21]CC)C>>CN([C:20](=[O:10])OC1=CC=CC=C1)C.[O-:21]CC 10=20;20,21=21"
"[H][O:10]C(CC)C(C)[O][C:20]([O]C)=[NH+:21]C6=CC=CC=C6.[Cl-]>>[Cl-].[H][O+:10](C(CC)C(C)[O]1)[C:20]1([NH:21]C6=CC=CC=C6)[O]C 10=20;20,21=21"
"[H:20][CH:21]1CC[O+:23]=[CH:22]1.[F-:10]>>[H:20][F:10].C1C[O:23][CH:22]=[CH:21]1 10=20;20,21=21,22;22,23=23"
"CCCCCCC1C(C(O[C:20](N1C1=CC=CC=C1)([O-:10])[O:21]C1=CC=CC=C1)C)C>>CCCCCCC1C(C(O[C:20](=[O:10])N1C1=CC=CC=C1)C)C.[O-:21]C1=CC=CC=C1 10=20;20,21=21"
"C6=CC=CC=C6[NH+:21]=[C:20]2[O]C(C)C(C8=CC=CC=C8)[NH]2.CC[NH:10][H].[Cl-]>>[Cl-].CC[NH+:10]([H])[C:20]1([NH:21]C6=CC=CC=C6)[O]C(C)C(C8=CC=CC=C8)[NH]1 10=20;20,21=21"
"CC1C(C(O[C:20](=[O:10])N1[H])CCCCCC)C.[O-:21]CCCCCC>>CC1C(C(O[C:20](N1[H])([O-:10])[O:21]CCCCCC)CCCCCC)C 21=20;20,10=10"
"C9=CC=CC=C9[NH+:10]([H])[C:20]([NH:21][H])([NH]CC)[NH][H].[Cl-]>>[Cl-].C9=CC=CC=C9[NH:10][H].[H][NH+:21]=[C:20]([NH]CC)[NH][H] 21=20;20,10=10"
"CC[NH+:21]=[C:20]2[NH][CH](CC)[CH](C)C([H])[NH]2.C[O:10][H].[Cl-]>>[Cl-].C[O+:10]([H])[C:20]1([NH:21]CC)[NH][CH](CC)C(C)[CH]([H])[NH]1 10=20;20,21=21"
"[H][NH:10]C(C9=CC=CC=C9)C([H])[NH][C:20]([O][H])=[NH+:21]CC.[Cl-]>>[Cl-].[H][NH+:10](C(C9=CC=CC=C9)C([H])[NH]1)[C:20]1([NH:21]CC)[O][H] 10=20;20,21=21"
"[H][NH:10]C(C)C([H])C([H])[NH][C:20]([NH]CC)=[NH+:21]CC.[Cl-]>>[Cl-].[H][NH+:10](C(C)C([H])C([H])[NH]1)[C:20]1([NH:21]CC)[NH]CC 10=20;20,21=21"
"CC1C(O[C:20](=[O:10])N1[H])CC.[O-:21]CC>>CC1C(O[C:20](N1[H])([O-:10])[O:21]CC)CC 21=20;20,10=10"
"[H]C1C(C(O[C:20](N1C1=CC=CC=C1)([O-:10])[O:21]CCCCCC)C1=CC=CC=C1)CC>>[H]C1C(C(O[C:20](=[O:10])N1C1=CC=CC=C1)C1=CC=CC=C1)CC.[O-:21]CCCCCC 10=20;20,21=21"
"[O-:21][C:20]1(OCC)C(C)=C([H])C([H])C(C)[NH+:10]1(C)>>[NH:10](C)C(C)C([H])/C([H])=C(C)\[C:20](OCC)=[O:21] 21=20;20,10=10"
"[H][S+:10](C(CC)C([H])C(C)[S]1)[C:20]1([O:21][H])[S]C7=CC=CC=C7.[Cl-]>>[Cl-].[H][S:10]C(CC)C([H])C(C)[S][C:20]([S]C7=CC=CC=C7)=[O+:21][H] 21=20;20,10=10"
"[H][S:10]C(C9=CC=CC=C9)C(C8=CC=CC=C8)[O][C:20]([O]CC)=[O+:21][H].[Cl-]>>[Cl-].[H][S+:10](C(C9=CC=CC=C9)C(C8=CC=CC=C8)[O]1)[C:20]1([O:21][H])[O]CC 10=20;20,21=21"
"CC[NH+:21]=[C:20]2[O][CH](CC)[CH]([H])C(CC)[NH]2.C[NH:10][H].[Cl-]>>[Cl-].C[NH+:10]([H])[C:20]1([NH:21]CC)[O][CH](CC)C([H])[CH](CC)[NH]1 10=20;20,21=21"
"[H][O+:10]([H])[C:20]([O:21][Si](C)(C)(C))([S]C)[O]C7=CC=CC=C7.[Cl-]>>[Cl-].[H][O:10][H].[Si](C)(C)(C)[O+:21]=[C:20]([S]C)[O]C7=CC=CC=C7 21=20;20,10=10"
"CCN([C:20]([O-:10])(OCCCCCC)[O:21]CC)C1=CC=CC=C1>>CCN([C:20](=[O:10])OCCCCCC)C1=CC=CC=C1.[O-:21]CC 10=20;20,21=21"
"[OH:10]C(CCC)C(C)C(O)C(O)[C:20](OCC)=[OH+:21]>>[OH:21][C:20]1(OCC)C(O)C(O)C(C)C(CCC)[OH+:10]1 10=20;20,21=21"
"CCC1C(C(O[C:20](=[O:10])N1CC)C)CC.[O-:21]CC>>CCC1C(C(O[C:20](N1CC)([O-:10])[O:21]CC)C)CC 21=20;20,10=10"
"[NH:10]([H])C(C)/C(C)=C(C)\C([H])[C:20](C)=[O:21]>>[O-:21][C:20]1(C)C([H])C(C)=C(C)C(C)[NH+:10]1([H]) 10=20;20,21=21"
"C9=CC=CC=C9[S+:10]([H])[C:20]1([O:21][H])[S][CH](CC)C(C)[CH]([H])[O]1.[Cl-]>>[Cl-].[H][O+:21]=[C:20]2[S][CH](CC)[CH](C)C([H])[O]2.C9=CC=CC=C9[S:10][H] 21=20;20,10=10"
"[H][O:10]C(C9=CC=CC=C9)C(C)C(C8=CC=CC=C8)[O][C:20]([O]C7=CC=CC=C7)=[NH+:21]C.[Cl-]>>[Cl-].[H][O+:10](C(C9=CC=CC=C9)C(C)C(C8=CC=CC=C8)[O]1)[C:20]1([NH:21]C)[O]C7=CC=CC=C7 10=20;20,21=21"
"C[S+:10]([H])[C:20]([O:21]C)([S][H])[O]C.[Cl-]>>[Cl-].C[S:10][H].C[O+:21]=[C:20]([S][H])[O]C 21=20;20,10=10"
"[H][S:10]C([H])C([H])C(CC)[S][C:20]([O][H])=[O+:21][H].[Cl-]>>[Cl-].[H][S+:10](C([H])C([H])C(CC)[S]1)[C:20]1([O:21][H])[O][H] 10=20;20,21=21"
"[H][NH+:21]=[C:20]2[O][CH](C7=CC=CC=C7)[CH](C)C(CC)[NH]2.C[NH:10][H].[Cl-]>>[Cl-].C[NH+:10]([H])[C:20]1([NH:21][H])[O][CH](C7=CC=CC=C7)C(C)[CH](CC)[NH]1 10=20;20,21=21"
"[H][S:10]C(C9=CC=CC=C9)C([H])C(C)[O][C:20]([O]C)=[O+:21]C.[Cl-]>>[Cl-].[H][S+:10](C(C9=CC=CC=C9)C([H])C(C)[O]1)[C:20]1([O:21]C)[O]C 10=20;20,21=21"
"[O:10]([Na])C(C)C([H])/C(C)=C(C)\[C:20](OCC)=[O:21]>>[O-:21][C:20]1(OCC)C(C)=C(C)C([H])C(C)[O+:10]1([Na]) 10=20;20,21=21"
"[H]N([C:20]1(OC(C([O:21]1)CCCCCC)C)[O-:10])CC>>[H]N([C:20](=[O:10])OC(C([O-:21])CCCCCC)C)CC 10=20;20,21=21"
"C[O+:21]=[C:20]2[S][CH]([H])[CH]([H])C(C)[S]2.[H][O:10][H].[Cl-]>>[Cl-].[H][O+:10]([H])[C:20]1([O:21]C)[S][CH]([H])C([H])[CH](C)[S]1 10=20;20,21=21"
"[O-:21][C:20]1([H])C(O)C(C)C(C)C([H])[O+:10]1([Na])>>[O:10]([Na])C([H])C(C)C(C)C(O)[C:20]([H])=[O:21] 21=20;20,10=10"
"CC[O+:10]([H])[C:20]1([O:21][H])[S]C([H])C(C8=CC=CC=C8)[O]1.[Cl-]>>[Cl-].[H][O+:21]=[C:20]2[S]C([H])C(C8=CC=CC=C8)[O]2.CC[O:10][H] 21=20;20,10=10"
"[OH:10]C([H])/C(C)=C([H])\C(C)[C:20](C)=[OH+:21]>>[OH:21][C:20]1(C)C(C)C([H])=C(C)C([H])[OH+:10]1 10=20;20,21=21"
"[NH:10]([H])C([H])C(O)C([C:20](OCC)=[O:21])[H]>>[O-:21][C:20]1(OCC)[NH+:10]([H])C([H])C(O)C1[H] 10=20;20,21=21"
"[H][S+:10](C(C9=CC=CC=C9)C(C)C([H])[S]1)[C:20]1([O:21]C)[S]CC.[Cl-]>>[Cl-].[H][S:10]C(C9=CC=CC=C9)C(C)C([H])[S][C:20]([S]CC)=[O+:21]C 21=20;20,10=10"
"CC1C(C(O[C:20](=[O:10])N1CCCCCC)CCCCCC)C.[O-:21][H]>>CC1C(C(O[C:20](N1CCCCCC)([O-:10])[O:21][H])CCCCCC)C 21=20;20,10=10"
"C[O+:10]([H])[C:20]([O:21][H])([O]C)[S]C7=CC=CC=C7.[Cl-]>>[Cl-].C[O:10][H].[H][O+:21]=[C:20]([O]C)[S]C7=CC=CC=C7 21=20;20,10=10"
"C[O+:10]([K])[C:21]([O-:20])(OCC)OC>>[O:20]=[C:21](OCC)OC.C[O:10][K] 20=21;21,10=10"
"[H][NH+:21]=[C:20]2[NH]C(C7=CC=CC=C7)C([H])[O]2.CC[NH:10][H].[Cl-]>>[Cl-].CC[NH+:10]([H])[C:20]1([NH:21][H])[NH]C(C7=CC=CC=C7)C([H])[O]1 10=20;20,21=21"
"[H][O+:10](C(CC)C(C)C([H])[O]1)[C:20]1([O:21][H])[S][H].[Cl-]>>[Cl-].[H][O:10]C(CC)C(C)C([H])[O][C:20]([S][H])=[O+:21][H] 21=20;20,10=10"
"[H][O+:10](C(CC)C(C)C(CC)[NH]1)[C:20]1([NH:21]CC)[O]CC.[Cl-]>>[Cl-].[H][O:10]C(CC)C(C)C(CC)[NH][C:20]([O]CC)=[NH+:21]CC 21=20;20,10=10"
"[O:10]([K])C([H])/C([H])=C(C)\C(C)[C:20](C)=[O:21]>>[O-:21][C:20]1(C)C(C)C(C)=C([H])C([H])[O+:10]1([K]) 10=20;20,21=21"
"CCCCCCC1C(C(O[C:20](N1C)([O-:10])[O:21][H])C1=CC=CC=C1)CC>>CCCCCCC1C(C(O[C:20](=[O:10])N1C)C1=CC=CC=C1)CC.[O-:21][H] 10=20;20,21=21"
"[H][NH+:10](C(C)C(CC)[O]1)[C:20]1([NH:21][H])[O]CC.[Cl-]>>[Cl-].[H][NH:10]C(C)C(CC)[O][C:20]([O]CC)=[NH+:21][H] 21=20;20,10=10"
"[H][NH:10]C(C9=CC=CC=C9)C([H])[NH][C:20]([NH]CC)=[NH+:21]C6=CC=CC=C6.[Cl-]>>[Cl-].[H][NH+:10](C(C9=CC=CC=C9)C([H])[NH]1)[C:20]1([NH:21]C6=CC=CC=C6)[NH]CC 10=20;20,21=21"
"[H][O:10]C(C9=CC=CC=C9)C([H])C(C)[S][C:20]([O]C)=[O+:21][H].[Cl-]>>[Cl-].[H][O+:10](C(C9=CC=CC=C9)C([H])C(C)[S]1)[C:20]1([O:21][H])[O]C 10=20;20,21=21"
"C[O+:21]=[C:20]2[O]C(CC)C(C)[S]2.C[O:10][H].[Cl-]>>[Cl-].C[O+:10]([H])[C:20]1([O:21]C)[O]C(CC)C(C)[S]1 10=20;20,21=21"
"[H][O+:10](C(CC)C(C)C(CC)[S]1)[C:20]1([O:21][H])[O]C.[Cl-]>>[Cl-].[H][O:10]C(CC)C(C)C(CC)[S][C:20]([O]C)=[O+:21][H] 21=20;20,10=10"
"C9=CC=CC=C9[O+:10]([H])[C:20]1([NH:21]CC)[NH]C([H])C(CC)[O]1.[Cl-]>>[Cl-].CC[NH+:21]=[C:20]2[NH]C([H])C(CC)[O]2.C9=CC=CC=C9[O:10][H] 21=20;20,10=10"
"[O-:21][C:20]1(OCC)C([H])=C([H])C([H])C(CC)[NH+:10]1([H])>>[NH:10]([H])C(CC)C([H])/C([H])=C([H])\[C:20](OCC)=[O:21] 21=20;20,10=10"
"CCN([C:20](=[O:10])OC(C(C([O-:21])[H])C)CCCCCC)CC>>CCN([C:20]1(OC(C(C([O:21]1)[H])C)CCCCCC)[O-:10])CC 21=20;20,10=10"
"[H]N([C:20]1(OC(C(C([O:21]1)CCCCCC)CC)C1=CC=CC=C1)[O-:10])C1=CC=CC=C1>>[H]N([C:20](=[O:10])OC(C(C([O-:21])CCCCCC)CC)C1=CC=CC=C1)C1=CC=CC=C1 10=20;20,21=21"
"[H][O+:10](C(C)C(C8=CC=CC=C8)[O]1)[C:20]1([O:21]C)[S][H].[Cl-]>>[Cl-].[H][O:10]C(C)C(C8=CC=CC=C8)[O][C:20]([S][H])=[O+:21]C 21=20;20,10=10"
"C1=CC=CC=C1C1C(C(O[C:20](N1[H])([O-:10])[O:21][H])CCCCCC)CCCCCC>>C1=CC=CC=C1C1C(C(O[C:20](=[O:10])N1[H])CCCCCC)CCCCCC.[O-:21][H] 10=20;20,21=21"
"CC[O+:10]([H])[C:20]1([NH:21]C)[NH][CH]([H])C(C)[CH]([H])[NH]1.[Cl-]>>[Cl-].C[NH+:21]=[C:20]2[NH][CH]([H])[CH](C)C([H])[NH]2.CC[O:10][H] 21=20;20,10=10"
"CC1C(C(O[C:20](N1CC)([O-:10])[O:21]C1=CC=CC=C1)CCCCCC)C>>CC1C(C(O[C:20](=[O:10])N1CC)CCCCCC)C.[O-:21]C1=CC=CC=C1 10=20;20,21=21"
"C[O+:10]([H])[C:20]1([O:21]C)[S][CH](CC)C(C)[CH](CC)[O]1.[Cl-]>>[Cl-].C[O+:21]=[C:20]2[S][CH](CC)[CH](C)C(CC)[O]2.C[O:10][H] 21=20;20,10=10"
"[H]C1C(O[C:20](=[O:10])N1C)CCCCCC.[O-:21]CCCCCC>>[H]C1C(O[C:20](N1C)([O-:10])[O:21]CCCCCC)CCCCCC 21=20;20,10=10"
"[H][NH+:21]=[C:20]2[NH]C([H])C(C8=CC=CC=C8)[O]2.CC[NH:10][H].[Cl-]>>[Cl-].CC[NH+:10]([H])[C:20]1([NH:21][H])[NH]C([H])C(C8=CC=CC=C8)[O]1 10=20;20,21=21"
"C9=CC=CC=C9[NH+:10]([H])[C:20]1([NH:21]CC)[O]C([H])C(C)[O]1.[Cl-]>>[Cl-].CC[NH+:21]=[C:20]2[O]C([H])C(C)[O]2.C9=CC=CC=C9[NH:10][H] 21=20;20,10=10"
"CN([C:20](=[O:10])OC(C(C([O-:21])C)[H])[H])[H]>>CN([C:20]1(OC(C(C([O:21]1)C)[H])[H])[O-:10])[H] 21=20;20,10=10"
"[H][O+:10](C(C9=CC=CC=C9)C(C8=CC=CC=C8)[NH]1)[C:20]1([NH:21]C)[NH]CC.[Cl-]>>[Cl-].[H][O:10]C(C9=CC=CC=C9)C(C8=CC=CC=C8)[NH][C:20]([NH]CC)=[NH+:21]C 21=20;20,10=10"
"[H][O:10]C(C)C(C)[O][C:20]([O][H])=[O+:21][Si](C)(C)(C).[Cl-]>>[Cl-].[H][O+:10](C(C)C(C)[O]1)[C:20]1([O:21][Si](C)(C)(C))[O][H] 10=20;20,21=21"
"[O-:21][CH:20]2(OCC)C3=C(C(C([NH+:10]2(C))C)O)C=CC=C3>>[NH:10](C)C(C(C1=C(C=CC=C1)[CH:20](OCC)=[O:21])O)C  21=20;20,10=10"
"CC1C(C(O[C:20](N1C1=CC=CC=C1)([O-:10])[O:21]CC)CCCCCC)C>>CC1C(C(O[C:20](=[O:10])N1C1=CC=CC=C1)CCCCCC)C.[O-:21]CC 10=20;20,21=21"
"[H][O+:10](C(CC)C([H])C([H])[O]1)[C:20]1([NH:21][H])[O]CC.[Cl-]>>[Cl-].[H][O:10]C(CC)C([H])C([H])[O][C:20]([O]CC)=[NH+:21][H] 21=20;20,10=10"
"CN([C:20]1(OC(C(C([O:21]1)CC)C)C)[O-:10])CC>>CN([C:20](=[O:10])OC(C(C([O-:21])CC)C)C)CC 10=20;20,21=21"
"C[NH+:10]([H])[C:20]1([NH:21]C)[O][CH](C7=CC=CC=C7)C([H])[CH](C)[O]1.[Cl-]>>[Cl-].C[NH+:21]=[C:20]2[O][CH](C7=CC=CC=C7)[CH]([H])C(C)[O]2.C[NH:10][H] 21=20;20,10=10"
"[H][S+:10]([H])[C:20]1([O:21][H])[S][CH](C)C([H])[CH]([H])[O]1.[Cl-]>>[Cl-].[H][O+:21]=[C:20]2[S][CH](C)[CH]([H])C([H])[O]2.[H][S:10][H] 21=20;20,10=10"
"C[O+:10]([H])[C:20]1([NH:21]C6=CC=CC=C6)[NH][CH](CC)C(C)[CH](CC)[O]1.[Cl-]>>[Cl-].C6=CC=CC=C6[NH+:21]=[C:20]2[NH][CH](CC)[CH](C)C(CC)[O]2.C[O:10][H] 21=20;20,10=10"
"[O-:21][C:20]1([H])C(C)C(C)C([H])C(C)[O:10]1>>[O-:10]C(C)C([H])C(C)C(C)[C:20]([H])=[O:21] 21=20;20,10=10"
"[H][NH+:10]([H])[C:20]1([NH:21][H])[O][CH](C)C([H])[CH](C8=CC=CC=C8)[NH]1.[Cl-]>>[Cl-].[H][NH+:21]=[C:20]2[O][CH](C)[CH]([H])C(C8=CC=CC=C8)[NH]2.[H][NH:10][H] 21=20;20,10=10"
"[H][NH:10]C(C9=CC=CC=C9)C([H])C(CC)[O][C:20]([NH]CC)=[NH+:21]C6=CC=CC=C6.[Cl-]>>[Cl-].[H][NH+:10](C(C9=CC=CC=C9)C([H])C(CC)[O]1)[C:20]1([NH:21]C6=CC=CC=C6)[NH]CC 10=20;20,21=21"
"[Si](C)(C)(C)[O+:21]=[C:20]2[S]C(C)C([H])[O]2.[H][S:10][H].[Cl-]>>[Cl-].[H][S+:10]([H])[C:20]1([O:21][Si](C)(C)(C))[S]C(C)C([H])[O]1 10=20;20,21=21"
"[H][O:10]C([H])C(C)[O][C:20]([NH]C)=[NH+:21]C6=CC=CC=C6.[Cl-]>>[Cl-].[H][O+:10](C([H])C(C)[O]1)[C:20]1([NH:21]C6=CC=CC=C6)[NH]C 10=20;20,21=21"
"C9=CC=CC=C9[O:10][H].CC[NH+:21]=[C:20]([NH]C)[O]C7=CC=CC=C7.[Cl-]>>[Cl-].C9=CC=CC=C9[O+:10]([H])[C:20]([NH:21]CC)([NH]C)[O]C7=CC=CC=C7 10=20;20,21=21"
"[O-:21][C:20]1(OCC)C(C)=C([H])C(C)C(CC)[NH+:10]1([H])>>[NH:10]([H])C(CC)C(C)/C([H])=C(C)\[C:20](OCC)=[O:21] 21=20;20,10=10"
"[O:10]([Na])C(C)C([H])C([C:20]([H])=[O:21])O>>[O-:21][C:20]1([H])[O+:10]([Na])C(C)C([H])C1O 10=20;20,21=21"
"CCCCCCN([C:20](=[O:10])OC(C(C([O-:21])C)[H])CCCCCC)C1=CC=CC=C1>>CCCCCCN([C:20]1(OC(C(C([O:21]1)C)[H])CCCCCC)[O-:10])C1=CC=CC=C1 21=20;20,10=10"
"C6=CC=CC=C6[NH+:21]=[C:20]2[NH][CH](C7=CC=CC=C7)[CH]([H])C(C)[O]2.CC[O:10][H].[Cl-]>>[Cl-].CC[O+:10]([H])[C:20]1([NH:21]C6=CC=CC=C6)[NH][CH](C7=CC=CC=C7)C([H])[CH](C)[O]1 10=20;20,21=21"
"[O:10]([Na])C(C)C([H])C(O)C(C)[C:20](OCC)=[O:21]>>[O-:21][C:20]1(OCC)C(C)C(O)C([H])C(C)[O+:10]1([Na]) 10=20;20,21=21"
"[H][NH+:10](C(C)C([H])C(CC)[NH]1)[C:20]1([NH:21][H])[O]CC.[Cl-]>>[Cl-].[H][NH:10]C(C)C([H])C(CC)[NH][C:20]([O]CC)=[NH+:21][H] 21=20;20,10=10"
"[H][O+:10](C(CC)C([H])[S]1)[C:20]1([O:21][Si](C)(C)(C))[O]C.[Cl-]>>[Cl-].[H][O:10]C(CC)C([H])[S][C:20]([O]C)=[O+:21][Si](C)(C)(C) 21=20;20,10=10"
"CC[NH+:10]([H])[C:20]1([NH:21]C)[NH]C(C7=CC=CC=C7)C(C)[NH]1.[Cl-]>>[Cl-].C[NH+:21]=[C:20]2[NH]C(C7=CC=CC=C7)C(C)[NH]2.CC[NH:10][H] 21=20;20,10=10"
"[H][O+:21]=[C:20]2[O][CH](CC)[CH](C)C(C8=CC=CC=C8)[S]2.[H][S:10][H].[Cl-]>>[Cl-].[H][S+:10]([H])[C:20]1([O:21][H])[O][CH](CC)C(C)[CH](C8=CC=CC=C8)[S]1 10=20;20,21=21"
"C[O:10][H].[Si](C)(C)(C)[O+:21]=[C:20]([S]C8=CC=CC=C8)[O]CC.[Cl-]>>[Cl-].C[O+:10]([H])[C:20]([O:21][Si](C)(C)(C))([S]C8=CC=CC=C8)[O]CC 10=20;20,21=21"
"CC[O+:10]([H])[C:20]([O:21][H])([O]C8=CC=CC=C8)[S]C7=CC=CC=C7.[Cl-]>>[Cl-].CC[O:10][H].[H][O+:21]=[C:20]([O]C8=CC=CC=C8)[S]C7=CC=CC=C7 21=20;20,10=10"
"[O-:21][C:20]1(OCC)C([H])=C([H])C([H])C([H])[O:10]1>>[O-:10]C([H])C([H])/C([H])=C([H])\[C:20](OCC)=[O:21] 21=20;20,10=10"
"[OH:10]C(CC)/C(C)=C([H])\C(C)[C:20](OCC)=[OH+:21]>>[OH:21][C:20]1(OCC)C(C)C([H])=C(C)C(CC)[OH+:10]1 10=20;20,21=21"
"C[NH+:21]=[C:20]2[O]C(CC)C(C8=CC=CC=C8)[NH]2.CC[NH:10][H].[Cl-]>>[Cl-].CC[NH+:10]([H])[C:20]1([NH:21]C)[O]C(CC)C(C8=CC=CC=C8)[NH]1 10=20;20,21=21"
"CCCCCCC1C(C(O[C:20](N1C1=CC=CC=C1)([O-:10])[Cl:21])CCCCCC)C1=CC=CC=C1>>CCCCCCC1C(C(O[C:20](=[O:10])N1C1=CC=CC=C1)CCCCCC)C1=CC=CC=C1.[Cl-:21] 10=20;20,21=21"
"CC[O+:10]([H])[C:20]1([NH:21]CC)[NH]C([H])C([H])[NH]1.[Cl-]>>[Cl-].CC[NH+:21]=[C:20]2[NH]C([H])C([H])[NH]2.CC[O:10][H] 21=20;20,10=10"
"[H][O:10]C([H])C([H])C([H])[S][C:20]([S]C7=CC=CC=C7)=[O+:21][H].[Cl-]>>[Cl-].[H][O+:10](C([H])C([H])C([H])[S]1)[C:20]1([O:21][H])[S]C7=CC=CC=C7 10=20;20,21=21"
"[H]C1C(C(O[C:20](=[O:10])N1CCCCCC)CC)C.[O-:21]C1=CC=CC=C1>>[H]C1C(C(O[C:20](N1CCCCCC)([O-:10])[O:21]C1=CC=CC=C1)CC)C 21=20;20,10=10"
"[OH:10]C(C=CC=C1)=C1C(C)C([C:20]([H])=[OH+:21])[H]>>[OH:21][C:20]2([H])C(C(C)C3=C([OH+:10]2)C=CC=C3)[H] 10=20;20,21=21"
"[H][S+:10](C(C)C(C)C([H])[S]1)[C:20]1([O:21][H])[S]CC.[Cl-]>>[Cl-].[H][S:10]C(C)C(C)C([H])[S][C:20]([S]CC)=[O+:21][H] 21=20;20,10=10"
"CCCCCCC1C(C(O[C:20](=[O:10])N1CCCCCC)CCCCCC)CC.[O-:21]CC>>CCCCCCC1C(C(O[C:20](N1CCCCCC)([O-:10])[O:21]CC)CCCCCC)CC 21=20;20,10=10"
"CCC1C(C(O[C:20](=[O:10])N1C)CC)[H].[O-:21]CCCCCC>>CCC1C(C(O[C:20](N1C)([O-:10])[O:21]CCCCCC)CC)[H] 21=20;20,10=10"
"[H]C1C(C(O[C:20](N1CC)([O-:10])[O:21][H])[H])CC>>[H]C1C(C(O[C:20](=[O:10])N1CC)[H])CC.[O-:21][H] 10=20;20,21=21"
"CCN([C:20](=[O:10])OCCCCCC)C.[O-:21]CCCCCC>>CCN([C:20]([O-:10])(OCCCCCC)[O:21]CCCCCC)C 21=20;20,10=10"
"CC[O+:10]([H])[C:20]([NH:21][H])([NH]C)[NH]C7=CC=CC=C7.[Cl-]>>[Cl-].CC[O:10][H].[H][NH+:21]=[C:20]([NH]C)[NH]C7=CC=CC=C7 21=20;20,10=10"
"[O-:21][C:20]1([H])C([H])C(C)C([H])C(CCC)[O+:10]1([Na])>>[O:10]([Na])C(CCC)C([H])C(C)C([H])[C:20]([H])=[O:21] 21=20;20,10=10"
"[O-:21][C:20]1(OC)[O:10]C([H])C(O)C1[H]>>[O-:10]C([H])C(O)C([C:20](OC)=[O:21])[H] 21=20;20,10=10"
"[H][O:10]C([H])C([H])[NH][C:20]([NH]C7=CC=CC=C7)=[NH+:21]C6=CC=CC=C6.[Cl-]>>[Cl-].[H][O+:10](C([H])C([H])[NH]1)[C:20]1([NH:21]C6=CC=CC=C6)[NH]C7=CC=CC=C7 10=20;20,21=21"
"[H][S:10]C(CC)C([H])C(C)[O][C:20]([O][H])=[O+:21][H].[Cl-]>>[Cl-].[H][S+:10](C(CC)C([H])C(C)[O]1)[C:20]1([O:21][H])[O][H] 10=20;20,21=21"
"[H][S+:10](C([H])C(C8=CC=CC=C8)[O]1)[C:20]1([O:21]C)[S]C.[Cl-]>>[Cl-].[H][S:10]C([H])C(C8=CC=CC=C8)[O][C:20]([S]C)=[O+:21]C 21=20;20,10=10"
"CC1C(C(O[C:20](N1C1=CC=CC=C1)([O-:10])[O:21]CCCCCC)CCCCCC)CC>>CC1C(C(O[C:20](=[O:10])N1C1=CC=CC=C1)CCCCCC)CC.[O-:21]CCCCCC 10=20;20,21=21"
"[H]C1C(C(O[C:20](N1C1=CC=CC=C1)([O-:10])[O:21]C)CCCCCC)CC>>[H]C1C(C(O[C:20](=[O:10])N1C1=CC=CC=C1)CCCCCC)CC.[O-:21]C 10=20;20,21=21"
"CCCCCCN([C:20](=[O:10])OC(C(C([O-:21])C)[H])C1=CC=CC=C1)CC>>CCCCCCN([C:20]1(OC(C(C([O:21]1)C)[H])C1=CC=CC=C1)[O-:10])CC 21=20;20,10=10"
"[OH:10]C(C)C(C)C(C)C(C)[C:20]([H])=[OH+:21]>>[OH:21][C:20]1([H])C(C)C(C)C(C)C(C)[OH+:10]1 10=20;20,21=21"
"[H][O+:10](C(C)C(C)[S]1)[C:20]1([O:21][H])[S]CC.[Cl-]>>[Cl-].[H][O:10]C(C)C(C)[S][C:20]([S]CC)=[O+:21][H] 21=20;20,10=10"
"[H][NH+:21]=[C:20]2[O][CH]([H])[CH](C)C(CC)[NH]2.C[O:10][H].[Cl-]>>[Cl-].C[O+:10]([H])[C:20]1([NH:21][H])[O][CH]([H])C(C)[CH](CC)[NH]1 10=20;20,21=21"
"[H][S+:10](C([H])C(C)C([H])[S]1)[C:20]1([O:21][H])[O]C.[Cl-]>>[Cl-].[H][S:10]C([H])C(C)C([H])[S][C:20]([O]C)=[O+:21][H] 21=20;20,10=10"
"[H][O+:21]=[C:20]2[O][CH](CC)[CH]([H])C(C)[O]2.C[O:10][H].[Cl-]>>[Cl-].C[O+:10]([H])[C:20]1([O:21][H])[O][CH](CC)C([H])[CH](C)[O]1 10=20;20,21=21"
"[H][NH+:10](C(CC)C([H])[NH]1)[C:20]1([NH:21]C)[O]CC.[Cl-]>>[Cl-].[H][NH:10]C(CC)C([H])[NH][C:20]([O]CC)=[NH+:21]C 21=20;20,10=10"
"C[NH+:21]=[C:20]2[O][CH](CC)[CH]([H])C([H])[NH]2.C9=CC=CC=C9[NH:10][H].[Cl-]>>[Cl-].C9=CC=CC=C9[NH+:10]([H])[C:20]1([NH:21]C)[O][CH](CC)C([H])[CH]([H])[NH]1 10=20;20,21=21"
"C[NH+:10]([H])[C:20]1([NH:21][H])[NH][CH](CC)C(C)[CH]([H])[O]1.[Cl-]>>[Cl-].[H][NH+:21]=[C:20]2[NH][CH](CC)[CH](C)C([H])[O]2.C[NH:10][H] 21=20;20,10=10"
"[H][O+:10]([H])[C:20]1([O:21][H])[S]C(C7=CC=CC=C7)C([H])[S]1.[Cl-]>>[Cl-].[H][O+:21]=[C:20]2[S]C(C7=CC=CC=C7)C([H])[S]2.[H][O:10][H] 21=20;20,10=10"
"[H][O+:10](C([H])C(C)C([H])[O]1)[C:20]1([NH:21]CC)[O]C7=CC=CC=C7.[Cl-]>>[Cl-].[H][O:10]C([H])C(C)C([H])[O][C:20]([O]C7=CC=CC=C7)=[NH+:21]CC 21=20;20,10=10"
"CN([C:20]1(OC(C(C([O:21]1)C)CC)CC)[O-:10])C>>CN([C:20](=[O:10])OC(C(C([O-:21])C)CC)CC)C 10=20;20,21=21"
"[H][NH+:10](C(C9=CC=CC=C9)C([H])C(C8=CC=CC=C8)[NH]1)[C:20]1([NH:21]CC)[NH]C7=CC=CC=C7.[Cl-]>>[Cl-].[H][NH:10]C(C9=CC=CC=C9)C([H])C(C8=CC=CC=C8)[NH][C:20]([NH]C7=CC=CC=C7)=[NH+:21]CC 21=20;20,10=10"
"CCC1C(C(O[C:20](=[O:10])N1[H])C1=CC=CC=C1)CC.[O-:21][H]>>CCC1C(C(O[C:20](N1[H])([O-:10])[O:21][H])C1=CC=CC=C1)CC 21=20;20,10=10"
"[OH:10]C(CCC)C(C)/C([H])=C([H])\[C:20](OC)=[OH+:21]>>[OH:21][C:20]1(OC)C([H])=C([H])C(C)C(CCC)[OH+:10]1 10=20;20,21=21"
"[H][NH:10]C([H])C(C)[NH][C:20]([NH]CC)=[NH+:21]C.[Cl-]>>[Cl-].[H][NH+:10](C([H])C(C)[NH]1)[C:20]1([NH:21]C)[NH]CC 10=20;20,21=21"
"[H][O:10]C([H])C(C)C([H])[O][C:20]([NH]C7=CC=CC=C7)=[NH+:21][H].[Cl-]>>[Cl-].[H][O+:10](C([H])C(C)C([H])[O]1)[C:20]1([NH:21][H])[NH]C7=CC=CC=C7 10=20;20,21=21"
"[H][NH+:10](C(C9=CC=CC=C9)C([H])C(C8=CC=CC=C8)[NH]1)[C:20]1([NH:21]CC)[O][H].[Cl-]>>[Cl-].[H][NH:10]C(C9=CC=CC=C9)C([H])C(C8=CC=CC=C8)[NH][C:20]([O][H])=[NH+:21]CC 21=20;20,10=10"
"[H][NH+:21]=[C:20]2[O][CH](C7=CC=CC=C7)[CH]([H])C(CC)[NH]2.C[NH:10][H].[Cl-]>>[Cl-].C[NH+:10]([H])[C:20]1([NH:21][H])[O][CH](C7=CC=CC=C7)C([H])[CH](CC)[NH]1 10=20;20,21=21"
"CC[NH+:21]=[C:20]2[NH][CH](CC)[CH](C)C(C)[NH]2.[H][NH:10][H].[Cl-]>>[Cl-].[H][NH+:10]([H])[C:20]1([NH:21]CC)[NH][CH](CC)C(C)[CH](C)[NH]1 10=20;20,21=21"
"[H][O+:10]([H])[C:20]([NH:21][H])([O]C)[NH][H].[Cl-]>>[Cl-].[H][O:10][H].[H][NH+:21]=[C:20]([O]C)[NH][H] 21=20;20,10=10"
"CCC1C(O[C:20](=[O:10])N1CCCCCC)C.[O-:21]CC>>CCC1C(O[C:20](N1CCCCCC)([O-:10])[O:21]CC)C 21=20;20,10=10"
"[H][NH+:21]=[C:20]2[NH]C(C)C([H])[O]2.C[NH:10][H].[Cl-]>>[Cl-].C[NH+:10]([H])[C:20]1([NH:21][H])[NH]C(C)C([H])[O]1 10=20;20,21=21"
"CCN([C:20]1(OC(C(C([O:21]1)CCCCCC)[H])C)[O-:10])C>>CCN([C:20](=[O:10])OC(C(C([O-:21])CCCCCC)[H])C)C 10=20;20,21=21"
"CC[S+:10]([H])[C:20]([O:21]C)([S]CC)[S][H].[Cl-]>>[Cl-].CC[S:10][H].C[O+:21]=[C:20]([S]CC)[S][H] 21=20;20,10=10"
"CC[O+:10]([H])[C:20]1([NH:21][H])[NH]C(C)C(C8=CC=CC=C8)[NH]1.[Cl-]>>[Cl-].[H][NH+:21]=[C:20]2[NH]C(C)C(C8=CC=CC=C8)[NH]2.CC[O:10][H] 21=20;20,10=10"
"[O-:21][C:20]1([H])C(C)C([H])=C([H])C(CCC)[O+:10]1([K])>>[O:10]([K])C(CCC)/C([H])=C([H])\C(C)[C:20]([H])=[O:21] 21=20;20,10=10"
"[H][O+:10](C(C9=CC=CC=C9)C(C)C(CC)[NH]1)[C:20]1([NH:21]CC)[O]C7=CC=CC=C7.[Cl-]>>[Cl-].[H][O:10]C(C9=CC=CC=C9)C(C)C(CC)[NH][C:20]([O]C7=CC=CC=C7)=[NH+:21]CC 21=20;20,10=10"
"[H]C1C(C(O[C:20](=[O:10])N1C1=CC=CC=C1)[H])[H].[O-:21][H]>>[H]C1C(C(O[C:20](N1C1=CC=CC=C1)([O-:10])[O:21][H])[H])[H] 21=20;20,10=10"
"CC[NH+:21]=[C:20]2[NH][CH](CC)[CH]([H])C(C8=CC=CC=C8)[NH]2.C9=CC=CC=C9[O:10][H].[Cl-]>>[Cl-].C9=CC=CC=C9[O+:10]([H])[C:20]1([NH:21]CC)[NH][CH](CC)C([H])[CH](C8=CC=CC=C8)[NH]1 10=20;20,21=21"
"C[NH+:21]=[C:20]2[NH][CH](C)[CH]([H])C(CC)[NH]2.CC[NH:10][H].[Cl-]>>[Cl-].CC[NH+:10]([H])[C:20]1([NH:21]C)[NH][CH](C)C([H])[CH](CC)[NH]1 10=20;20,21=21"
"CC[NH+:10]([H])[C:20]1([NH:21][H])[O]C([H])C(C)[NH]1.[Cl-]>>[Cl-].[H][NH+:21]=[C:20]2[O]C([H])C(C)[NH]2.CC[NH:10][H] 21=20;20,10=10"
"C1=CC=CC=C1N([C:20]1(OC(C(C([O:21]1)[H])[H])C1=CC=CC=C1)[O-:10])C>>C1=CC=CC=C1N([C:20](=[O:10])OC(C(C([O-:21])[H])[H])C1=CC=CC=C1)C 10=20;20,21=21"
"C6=CC=CC=C6[NH+:21]=[C:20]2[NH]C(C7=CC=CC=C7)C(C8=CC=CC=C8)[NH]2.CC[NH:10][H].[Cl-]>>[Cl-].CC[NH+:10]([H])[C:20]1([NH:21]C6=CC=CC=C6)[NH]C(C7=CC=CC=C7)C(C8=CC=CC=C8)[NH]1 10=20;20,21=21"
"[H][S+:10](C([H])C(C)C([H])[O]1)[C:20]1([O:21][H])[S]CC.[Cl-]>>[Cl-].[H][S:10]C([H])C(C)C([H])[O][C:20]([S]CC)=[O+:21][H] 21=20;20,10=10"
"[H][S:10]C([H])C([H])C(CC)[O][C:20]([O]C7=CC=CC=C7)=[O+:21][H].[Cl-]>>[Cl-].[H][S+:10](C([H])C([H])C(CC)[O]1)[C:20]1([O:21][H])[O]C7=CC=CC=C7 10=20;20,21=21"
"[H]C1C(C(O[C:20](N1C1=CC=CC=C1)([O-:10])[O:21][H])CCCCCC)[H]>>[H]C1C(C(O[C:20](=[O:10])N1C1=CC=CC=C1)CCCCCC)[H].[O-:21][H] 10=20;20,21=21"
"CC[O+:10]([H])[C:20]([O:21][Si](C)(C)(C))([O][H])[O][H].[Cl-]>>[Cl-].CC[O:10][H].[Si](C)(C)(C)[O+:21]=[C:20]([O][H])[O][H] 21=20;20,10=10"
"[H][O+:21]=[C:20]2[O][CH]([H])[CH]([H])C(CC)[S]2.[H][O:10][H].[Cl-]>>[Cl-].[H][O+:10]([H])[C:20]1([O:21][H])[O][CH]([H])C([H])[CH](CC)[S]1 10=20;20,21=21"
"[H][NH:10]C(C)C(C)C(C)[NH][C:20]([NH]C)=[NH+:21]CC.[Cl-]>>[Cl-].[H][NH+:10](C(C)C(C)C(C)[NH]1)[C:20]1([NH:21]CC)[NH]C 10=20;20,21=21"
"C[O+:10]([H])[C:20]([NH:21][H])([NH]C)[NH]CC.[Cl-]>>[Cl-].C[O:10][H].[H][NH+:21]=[C:20]([NH]C)[NH]CC 21=20;20,10=10"
"C(C([O-:21])[H])(C(O[C:20](=[O:10])OCCCCCC)[H])CCCCCC>>C1(C(O[C:20]([O-:10])([O:21]C1[H])OCCCCCC)[H])CCCCCC 21=20;20,10=10"
"[H][O+:10](C([H])C(C)C(C)[O]1)[C:20]1([NH:21]C)[O]CC.[Cl-]>>[Cl-].[H][O:10]C([H])C(C)C(C)[O][C:20]([O]CC)=[NH+:21]C 21=20;20,10=10"
"[O:10]([K])C(CC)C(C)C(C)C(C)[C:20]([H])=[O:21]>>[O-:21][C:20]1([H])C(C)C(C)C(C)C(CC)[O+:10]1([K]) 10=20;20,21=21"
"[H][O:10]C([H])C([H])C(C)[NH][C:20]([O]C7=CC=CC=C7)=[NH+:21]C6=CC=CC=C6.[Cl-]>>[Cl-].[H][O+:10](C([H])C([H])C(C)[NH]1)[C:20]1([NH:21]C6=CC=CC=C6)[O]C7=CC=CC=C7 10=20;20,21=21"
"[H][O+:10]([H])[C:20]([NH:21]C)([O]C8=CC=CC=C8)[O][H].[Cl-]>>[Cl-].[H][O:10][H].C[NH+:21]=[C:20]([O]C8=CC=CC=C8)[O][H] 21=20;20,10=10"
"[H]C1C(C(O[C:20](=[O:10])N1CC)CC)CC.[O-:21]CC>>[H]C1C(C(O[C:20](N1CC)([O-:10])[O:21]CC)CC)CC 21=20;20,10=10"
"[H][O+:10](C(CC)C(C)C([H])[O]1)[C:20]1([O:21][H])[O][H].[Cl-]>>[Cl-].[H][O:10]C(CC)C(C)C([H])[O][C:20]([O][H])=[O+:21][H] 21=20;20,10=10"
"CC1C(C(O[C:20](=[O:10])N1C1=CC=CC=C1)C)CC.[O-:21]CCCCCC>>CC1C(C(O[C:20](N1C1=CC=CC=C1)([O-:10])[O:21]CCCCCC)C)CC 21=20;20,10=10"
"[Na][O:21]CCCCCC.[C:20](=[O:10])(OCCCCCC)OCC>>[Na][O+:21]([C:20]([O-:10])(OCCCCCC)OCC)CCCCCC 21=20;20,10=10"
"C1=CC=CC=C1C1C(C(O[C:20](N1C)([O-:10])[Cl:21])CC)CC>>C1=CC=CC=C1C1C(C(O[C:20](=[O:10])N1C)CC)CC.[Cl-:21] 10=20;20,21=21"
"CCC1C(C(O[C:20](N1[H])([O-:10])[O:21]C1=CC=CC=C1)CC)CCCCCC>>CCC1C(C(O[C:20](=[O:10])N1[H])CC)CCCCCC.[O-:21]C1=CC=CC=C1 10=20;20,21=21"
"[H][NH+:10]([H])[C:20]1([NH:21]C6=CC=CC=C6)[NH][CH](CC)C(C)[CH](C)[NH]1.[Cl-]>>[Cl-].C6=CC=CC=C6[NH+:21]=[C:20]2[NH][CH](CC)[CH](C)C(C)[NH]2.[H][NH:10][H] 21=20;20,10=10"
"[H][S:10]C(CC)C([H])C(C8=CC=CC=C8)[O][C:20]([S]C)=[O+:21]C.[Cl-]>>[Cl-].[H][S+:10](C(CC)C([H])C(C8=CC=CC=C8)[O]1)[C:20]1([O:21]C)[S]C 10=20;20,21=21"
"[O:20]=[C:21](OC1=CC=CC=C1)O[H].CCCCCC[O:10][K]>>CCCCCC[O+:10]([K])[C:21]([O-:20])(OC1=CC=CC=C1)O[H] 10=21;21,20=20"
"[H][O+:10]([H])[C:20]1([O:21]C)[S]C(CC)C(CC)[S]1.[Cl-]>>[Cl-].C[O+:21]=[C:20]2[S]C(CC)C(CC)[S]2.[H][O:10][H] 21=20;20,10=10"
"C9=CC=CC=C9[NH+:10]([H])[C:20]([NH:21]CC)([NH]C)[O]C7=CC=CC=C7.[Cl-]>>[Cl-].C9=CC=CC=C9[NH:10][H].CC[NH+:21]=[C:20]([NH]C)[O]C7=CC=CC=C7 21=20;20,10=10"
"[H][O:10]C(C9=CC=CC=C9)C([H])C(C8=CC=CC=C8)[S][C:20]([O]CC)=[O+:21]C.[Cl-]>>[Cl-].[H][O+:10](C(C9=CC=CC=C9)C([H])C(C8=CC=CC=C8)[S]1)[C:20]1([O:21]C)[O]CC 10=20;20,21=21"
"[OH:10]C(CCC)C([H])/C(C)=C(C)\[C:20](OCC)=[OH+:21]>>[OH:21][C:20]1(OCC)C(C)=C(C)C([H])C(CCC)[OH+:10]1 10=20;20,21=21"
"CN([C:20](=[O:10])OC(C(C([O-:21])CC)C)[H])[H]>>CN([C:20]1(OC(C(C([O:21]1)CC)C)[H])[O-:10])[H] 21=20;20,10=10"
"[O:10]([K])C([H])C(C)/C(C)=C(C)\[C:20](OC)=[O:21]>>[O-:21][C:20]1(OC)C(C)=C(C)C(C)C([H])[O+:10]1([K]) 10=20;20,21=21"
"C6=CC=CC=C6[NH+:21]=[C:20]2[NH]C([H])C([H])[NH]2.CC[O:10][H].[Cl-]>>[Cl-].CC[O+:10]([H])[C:20]1([NH:21]C6=CC=CC=C6)[NH]C([H])C([H])[NH]1 10=20;20,21=21"
"[H][S+:10](C(CC)C(CC)[S]1)[C:20]1([O:21]C)[S]C7=CC=CC=C7.[Cl-]>>[Cl-].[H][S:10]C(CC)C(CC)[S][C:20]([S]C7=CC=CC=C7)=[O+:21]C 21=20;20,10=10"
"[H][NH+:10](C(CC)C(C)C(C8=CC=CC=C8)[O]1)[C:20]1([NH:21]CC)[O]CC.[Cl-]>>[Cl-].[H][NH:10]C(CC)C(C)C(C8=CC=CC=C8)[O][C:20]([O]CC)=[NH+:21]CC 21=20;20,10=10"
"C[NH+:21]=[C:20]2[O]C(C7=CC=CC=C7)C(C)[NH]2.[H][NH:10][H].[Cl-]>>[Cl-].[H][NH+:10]([H])[C:20]1([NH:21]C)[O]C(C7=CC=CC=C7)C(C)[NH]1 10=20;20,21=21"
"[H][O:10]C(CC)C(C)[NH][C:20]([NH]C7=CC=CC=C7)=[NH+:21]C.[Cl-]>>[Cl-].[H][O+:10](C(CC)C(C)[NH]1)[C:20]1([NH:21]C)[NH]C7=CC=CC=C7 10=20;20,21=21"
"CC[NH+:21]=[C:20]2[NH][CH](CC)[CH](C)C(C)[O]2.C9=CC=CC=C9[NH:10][H].[Cl-]>>[Cl-].C9=CC=CC=C9[NH+:10]([H])[C:20]1([NH:21]CC)[NH][CH](CC)C(C)[CH](C)[O]1 10=20;20,21=21"
"C[O+:21]=[C:20]2[S][CH](C7=CC=CC=C7)[CH](C)C([H])[O]2.C[O:10][H].[Cl-]>>[Cl-].C[O+:10]([H])[C:20]1([O:21]C)[S][CH](C7=CC=CC=C7)C(C)[CH]([H])[O]1 10=20;20,21=21"
"[H][S+:10]([H])[C:20]1([O:21][H])[S][CH](C)C(C)[CH](CC)[O]1.[Cl-]>>[Cl-].[H][O+:21]=[C:20]2[S][CH](C)[CH](C)C(CC)[O]2.[H][S:10][H] 21=20;20,10=10"
"C9=CC=CC=C9[NH+:10]([H])[C:20]1([NH:21]CC)[O][CH](C7=CC=CC=C7)C([H])[CH](C)[O]1.[Cl-]>>[Cl-].CC[NH+:21]=[C:20]2[O][CH](C7=CC=CC=C7)[CH]([H])C(C)[O]2.C9=CC=CC=C9[NH:10][H] 21=20;20,10=10"
"C1(C(O[C:20]([O-:10])([O:21]C1[H])OC1=CC=CC=C1)[H])[H]>>C(C([O-:21])[H])(C(O[C:20](=[O:10])OC1=CC=CC=C1)[H])[H] 10=20;20,21=21"
"C1=CC=CC=C1C1C(C(O[C:20](N1C1=CC=CC=C1)([O-:10])[Cl:21])CC)C1=CC=CC=C1>>C1=CC=CC=C1C1C(C(O[C:20](=[O:10])N1C1=CC=CC=C1)CC)C1=CC=CC=C1.[Cl-:21] 10=20;20,21=21"
"[H][O:10]C(CC)C(C)C(C8=CC=CC=C8)[O][C:20]([NH]C)=[NH+:21][H].[Cl-]>>[Cl-].[H][O+:10](C(CC)C(C)C(C8=CC=CC=C8)[O]1)[C:20]1([NH:21][H])[NH]C 10=20;20,21=21"
"C9=CC=CC=C9[S+:10]([H])[C:20]1([O:21]C)[S][CH]([H])C([H])[CH]([H])[O]1.[Cl-]>>[Cl-].C[O+:21]=[C:20]2[S][CH]([H])[CH]([H])C([H])[O]2.C9=CC=CC=C9[S:10][H] 21=20;20,10=10"
"[O:10]([Na])C([H])C([H])/C(C)=C([H])\[C:20](OC)=[O:21]>>[O-:21][C:20]1(OC)C([H])=C(C)C([H])C([H])[O+:10]1([Na]) 10=20;20,21=21"
"[H][O+:10](C(C)C(C)[O]1)[C:20]1([NH:21]CC)[NH]CC.[Cl-]>>[Cl-].[H][O:10]C(C)C(C)[O][C:20]([NH]CC)=[NH+:21]CC 21=20;20,10=10"
"CC1C(C(O[C:20](N1C1=CC=CC=C1)([O-:10])[O:21][H])[H])[H]>>CC1C(C(O[C:20](=[O:10])N1C1=CC=CC=C1)[H])[H].[O-:21][H] 10=20;20,21=21"
"CC[NH+:10]([H])[C:20]1([NH:21]C6=CC=CC=C6)[NH][CH](C)C([H])[CH](C8=CC=CC=C8)[O]1.[Cl-]>>[Cl-].C6=CC=CC=C6[NH+:21]=[C:20]2[NH][CH](C)[CH]([H])C(C8=CC=CC=C8)[O]2.CC[NH:10][H] 21=20;20,10=10"
"CCCCCCN([C:20](=[O:10])OCCCCCC)C1=CC=CC=C1.[O-:21][H]>>CCCCCCN([C:20]([O-:10])(OCCCCCC)[O:21][H])C1=CC=CC=C1 21=20;20,10=10"
"[O-:10]C([H])/C(O)=C([C:20](OCC)=[O:21])/[H]>>[O-:21][C:20]1(OCC)[O:10]C([H])C(O)=C1[H] 10=20;20,21=21"
"C1(C(O[C:20]([O-:10])([O:21]C1C)OC)CCCCCC)C>>C(C([O-:21])C)(C(O[C:20](=[O:10])OC)CCCCCC)C 10=20;20,21=21"
"CCC1C(C(O[C:20](N1C1=CC=CC=C1)([O-:10])[O:21]C1=CC=CC=C1)CCCCCC)CC>>CCC1C(C(O[C:20](=[O:10])N1C1=CC=CC=C1)CCCCCC)CC.[O-:21]C1=CC=CC=C1 10=20;20,21=21"
"[H][S+:10](C(CC)C(C8=CC=CC=C8)[S]1)[C:20]1([O:21][H])[O]CC.[Cl-]>>[Cl-].[H][S:10]C(CC)C(C8=CC=CC=C8)[S][C:20]([O]CC)=[O+:21][H] 21=20;20,10=10"
"CC[O+:10]([H])[C:20]1([NH:21][H])[O][CH](C7=CC=CC=C7)C([H])[CH](C)[NH]1.[Cl-]>>[Cl-].[H][NH+:21]=[C:20]2[O][CH](C7=CC=CC=C7)[CH]([H])C(C)[NH]2.CC[O:10][H] 21=20;20,10=10"
"[H]N([C:20]1(OC(C(C([O:21]1)CCCCCC)C)CC)[O-:10])CCCCCC>>[H]N([C:20](=[O:10])OC(C(C([O-:21])CCCCCC)C)CC)CCCCCC 10=20;20,21=21"
"[H][NH:10]C(C9=CC=CC=C9)C(C)C(C8=CC=CC=C8)[O][C:20]([O]C)=[NH+:21]C.[Cl-]>>[Cl-].[H][NH+:10](C(C9=CC=CC=C9)C(C)C(C8=CC=CC=C8)[O]1)[C:20]1([NH:21]C)[O]C 10=20;20,21=21"
"[H][NH+:10](C(CC)C([H])C(C)[O]1)[C:20]1([NH:21]C)[NH]C7=CC=CC=C7.[Cl-]>>[Cl-].[H][NH:10]C(CC)C([H])C(C)[O][C:20]([NH]C7=CC=CC=C7)=[NH+:21]C 21=20;20,10=10"
"CC[O+:10]([H])[C:20]([O:21][Si](C)(C)(C))([O]C8=CC=CC=C8)[S]CC.[Cl-]>>[Cl-].CC[O:10][H].[Si](C)(C)(C)[O+:21]=[C:20]([O]C8=CC=CC=C8)[S]CC 21=20;20,10=10"
"C9=CC=CC=C9[O+:10]([H])[C:20]1([NH:21]C6=CC=CC=C6)[O]C(C7=CC=CC=C7)C(C8=CC=CC=C8)[NH]1.[Cl-]>>[Cl-].C6=CC=CC=C6[NH+:21]=[C:20]2[O]C(C7=CC=CC=C7)C(C8=CC=CC=C8)[NH]2.C9=CC=CC=C9[O:10][H] 21=20;20,10=10"
"[H][S+:10]([H])[C:20]1([O:21]C)[S]C(CC)C(C8=CC=CC=C8)[S]1.[Cl-]>>[Cl-].C[O+:21]=[C:20]2[S]C(CC)C(C8=CC=CC=C8)[S]2.[H][S:10][H] 21=20;20,10=10"
"[H][NH:10]C([H])C([H])C(C8=CC=CC=C8)[NH][C:20]([NH]C)=[NH+:21]CC.[Cl-]>>[Cl-].[H][NH+:10](C([H])C([H])C(C8=CC=CC=C8)[NH]1)[C:20]1([NH:21]CC)[NH]C 10=20;20,21=21"
"[O-:21][C:20]1([H])C(C)C(C)C(C)C(C)[O+:10]1([Na])>>[O:10]([Na])C(C)C(C)C(C)C(C)[C:20]([H])=[O:21] 21=20;20,10=10"
"[H][O+:10](C(CC)C(C)C(C)[O]1)[C:20]1([NH:21]CC)[NH][H].[Cl-]>>[Cl-].[H][O:10]C(CC)C(C)C(C)[O][C:20]([NH][H])=[NH+:21]CC 21=20;20,10=10"
"C[O+:10]([H])[C:20]1([O:21]C)[O]C([H])C(CC)[O]1.[Cl-]>>[Cl-].C[O+:21]=[C:20]2[O]C([H])C(CC)[O]2.C[O:10][H] 21=20;20,10=10"
"[O:10]([K])C([H])C(C)C(C)C(C)[C:20]([H])=[O:21]>>[O-:21][C:20]1([H])C(C)C(C)C(C)C([H])[O+:10]1([K]) 10=20;20,21=21"
"CCN([C:20](=[O:10])OC(C([O-:21])[H])CCCCCC)[H]>>CCN([C:20]1(OC(C([O:21]1)[H])CCCCCC)[O-:10])[H] 21=20;20,10=10"
"CCCCCCN([C:20]1(OC(C(C([O:21]1)CC)[H])CCCCCC)[O-:10])CC>>CCCCCCN([C:20](=[O:10])OC(C(C([O-:21])CC)[H])CCCCCC)CC 10=20;20,21=21"
"C[NH:10][H].C[NH+:21]=[C:20]([O]C)[O]C.[Cl-]>>[Cl-].C[NH+:10]([H])[C:20]([NH:21]C)([O]C)[O]C 10=20;20,21=21"
"[H][S+:10](C([H])C(CC)[O]1)[C:20]1([O:21]C)[O]CC.[Cl-]>>[Cl-].[H][S:10]C([H])C(CC)[O][C:20]([O]CC)=[O+:21]C 21=20;20,10=10"
"C[NH:10][H].C[NH+:21]=[C:20]([O]C8=CC=CC=C8)[O]C.[Cl-]>>[Cl-].C[NH+:10]([H])[C:20]([NH:21]C)([O]C8=CC=CC=C8)[O]C 10=20;20,21=21"
"[H][S+:10](C(C)C([H])C(CC)[O]1)[C:20]1([O:21]C)[O]C.[Cl-]>>[Cl-].[H][S:10]C(C)C([H])C(CC)[O][C:20]([O]C)=[O+:21]C 21=20;20,10=10"
"[NH:10](C)C([H])C([H])C([C:20]([H])=[O:21])C>>[O-:21][C:20]1([H])[NH+:10](C)C([H])C([H])C1C 10=20;20,21=21"
"[H][O+:21]=[C:20]2[O][CH](CC)[CH]([H])C(CC)[O]2.C[S:10][H].[Cl-]>>[Cl-].C[S+:10]([H])[C:20]1([O:21][H])[O][CH](CC)C([H])[CH](CC)[O]1 10=20;20,21=21"
"C1=CC=CC=C1C1C(C(O[C:20](N1CCCCCC)([O-:10])[O:21][H])CCCCCC)CCCCCC>>C1=CC=CC=C1C1C(C(O[C:20](=[O:10])N1CCCCCC)CCCCCC)CCCCCC.[O-:21][H] 10=20;20,21=21"
"[H][NH+:10](C(C9=CC=CC=C9)C(C)[NH]1)[C:20]1([NH:21]C)[O]CC.[Cl-]>>[Cl-].[H][NH:10]C(C9=CC=CC=C9)C(C)[NH][C:20]([O]CC)=[NH+:21]C 21=20;20,10=10"
"CCC1C(C(O[C:20](N1CCCCCC)([O-:10])[O:21][H])[H])C>>CCC1C(C(O[C:20](=[O:10])N1CCCCCC)[H])C.[O-:21][H] 10=20;20,21=21"
"[H][NH:10]C([H])C([H])C(C)[O][C:20]([NH]CC)=[NH+:21][H].[Cl-]>>[Cl-].[H][NH+:10](C([H])C([H])C(C)[O]1)[C:20]1([NH:21][H])[NH]CC 10=20;20,21=21"
"[H][S+:10](C(CC)C([H])[O]1)[C:20]1([O:21][Si](C)(C)(C))[O][H].[Cl-]>>[Cl-].[H][S:10]C(CC)C([H])[O][C:20]([O][H])=[O+:21][Si](C)(C)(C) 21=20;20,10=10"
"[O-:21][C:20]1([H])C(C)C([H])=C(C)C([H])[O:10]1>>[O-:10]C([H])/C(C)=C([H])\C(C)[C:20]([H])=[O:21] 21=20;20,10=10"
"[H][NH+:21]=[C:20]2[NH][CH](CC)[CH]([H])C([H])[O]2.CC[NH:10][H].[Cl-]>>[Cl-].CC[NH+:10]([H])[C:20]1([NH:21][H])[NH][CH](CC)C([H])[CH]([H])[O]1 10=20;20,21=21"
"CCCCCCN([C:20]1(OC(C(C([O:21]1)[H])C)C1=CC=CC=C1)[O-:10])C>>CCCCCCN([C:20](=[O:10])OC(C(C([O-:21])[H])C)C1=CC=CC=C1)C 10=20;20,21=21"
"CC[NH+:21]=[C:20]2[O][CH](C)[CH]([H])C(CC)[O]2.C[O:10][H].[Cl-]>>[Cl-].C[O+:10]([H])[C:20]1([NH:21]CC)[O][CH](C)C([H])[CH](CC)[O]1 10=20;20,21=21"
"[H][NH+:21]=[C:20]2[NH][CH](C7=CC=CC=C7)[CH]([H])C(C8=CC=CC=C8)[NH]2.CC[NH:10][H].[Cl-]>>[Cl-].CC[NH+:10]([H])[C:20]1([NH:21][H])[NH][CH](C7=CC=CC=C7)C([H])[CH](C8=CC=CC=C8)[NH]1 10=20;20,21=21"
"[O-:21][C:20]1(OCC)C(O)C([H])C([H])C(CCC)[O+:10]1([Na])>>[O:10]([Na])C(CCC)C([H])C([H])C(O)[C:20](OCC)=[O:21] 21=20;20,10=10"
"[O-:21][C:20]1([H])C([H])=C(C)C(C)C(C)[O:10]1>>[O-:10]C(C)C(C)/C(C)=C([H])\[C:20]([H])=[O:21] 21=20;20,10=10"
"[H][NH:10]C(CC)C(C)C(C)[NH][C:20]([O]CC)=[NH+:21]C6=CC=CC=C6.[Cl-]>>[Cl-].[H][NH+:10](C(CC)C(C)C(C)[NH]1)[C:20]1([NH:21]C6=CC=CC=C6)[O]CC 10=20;20,21=21"
"C[O:10][H].C[O+:21]=[C:20]([S][H])[O]C7=CC=CC=C7.[Cl-]>>[Cl-].C[O+:10]([H])[C:20]([O:21]C)([S][H])[O]C7=CC=CC=C7 10=20;20,21=21"
"[H][O+:10](C(CC)C(CC)[O]1)[C:20]1([O:21][Si](C)(C)(C))[O]CC.[Cl-]>>[Cl-].[H][O:10]C(CC)C(CC)[O][C:20]([O]CC)=[O+:21][Si](C)(C)(C) 21=20;20,10=10"
"[H][S:10]C(CC)C(C)C(C8=CC=CC=C8)[S][C:20]([O]CC)=[O+:21]C.[Cl-]>>[Cl-].[H][S+:10](C(CC)C(C)C(C8=CC=CC=C8)[S]1)[C:20]1([O:21]C)[O]CC 10=20;20,21=21"
"CCCCCCC1C(O[C:20](N1CC)([O-:10])[O:21]C)C1=CC=CC=C1>>CCCCCCC1C(O[C:20](=[O:10])N1CC)C1=CC=CC=C1.[O-:21]C 10=20;20,21=21"
"CC[NH+:21]=[C:20]2[NH][CH](C7=CC=CC=C7)[CH](C)C(C)[NH]2.C[NH:10][H].[Cl-]>>[Cl-].C[NH+:10]([H])[C:20]1([NH:21]CC)[NH][CH](C7=CC=CC=C7)C(C)[CH](C)[NH]1 10=20;20,21=21"
"[H][O+:10](C([H])C(C)C(C8=CC=CC=C8)[NH]1)[C:20]1([NH:21]C6=CC=CC=C6)[O][H].[Cl-]>>[Cl-].[H][O:10]C([H])C(C)C(C8=CC=CC=C8)[NH][C:20]([O][H])=[NH+:21]C6=CC=CC=C6 21=20;20,10=10"
"[O-:21][C:20]1(C)[O+:10]([K])C(CC)C([H])=C1[H]>>[O:10]([K])C(CC)/C([H])=C([C:20](C)=[O:21])/[H] 21=20;20,10=10"
"[H][O+:10](C(CC)C(CC)[O]1)[C:20]1([NH:21][H])[O]CC.[Cl-]>>[Cl-].[H][O:10]C(CC)C(CC)[O][C:20]([O]CC)=[NH+:21][H] 21=20;20,10=10"
"[H][O+:10]([H])[C:20]([NH:21][H])([O]C)[O]CC.[Cl-]>>[Cl-].[H][O:10][H].[H][NH+:21]=[C:20]([O]C)[O]CC 21=20;20,10=10"
"CN([C:20](=[O:10])OC(C(C([O-:21])C)C)CCCCCC)CC>>CN([C:20]1(OC(C(C([O:21]1)C)C)CCCCCC)[O-:10])CC 21=20;20,10=10"
"[Na][O:21]C1=CC=CC=C1.[C:20](=[O:10])(OCC)OCC>>[Na][O+:21]([C:20]([O-:10])(OCC)OCC)C1=CC=CC=C1 21=20;20,10=10"
"CC[NH+:10]([H])[C:20]1([NH:21]CC)[NH][CH](C7=CC=CC=C7)C([H])[CH]([H])[NH]1.[Cl-]>>[Cl-].CC[NH+:21]=[C:20]2[NH][CH](C7=CC=CC=C7)[CH]([H])C([H])[NH]2.CC[NH:10][H] 21=20;20,10=10"
"C[S:10][H].C[O+:21]=[C:20]([S]C)[S][H].[Cl-]>>[Cl-].C[S+:10]([H])[C:20]([O:21]C)([S]C)[S][H] 10=20;20,21=21"
"[H][O+:10]([H])[C:20]1([O:21][Si](C)(C)(C))[S]C(CC)C(C)[O]1.[Cl-]>>[Cl-].[Si](C)(C)(C)[O+:21]=[C:20]2[S]C(CC)C(C)[O]2.[H][O:10][H] 21=20;20,10=10"
"CC[NH+:10]([H])[C:20]1([NH:21]C6=CC=CC=C6)[O]C([H])C(CC)[O]1.[Cl-]>>[Cl-].C6=CC=CC=C6[NH+:21]=[C:20]2[O]C([H])C(CC)[O]2.CC[NH:10][H] 21=20;20,10=10"
"[H][S:10]C(C9=CC=CC=C9)C([H])C(C8=CC=CC=C8)[O][C:20]([S]CC)=[O+:21]C.[Cl-]>>[Cl-].[H][S+:10](C(C9=CC=CC=C9)C([H])C(C8=CC=CC=C8)[O]1)[C:20]1([O:21]C)[S]CC 10=20;20,21=21"
"[H][O:10]C(C9=CC=CC=C9)C(C)[NH][C:20]([O]CC)=[NH+:21]C6=CC=CC=C6.[Cl-]>>[Cl-].[H][O+:10](C(C9=CC=CC=C9)C(C)[NH]1)[C:20]1([NH:21]C6=CC=CC=C6)[O]CC 10=20;20,21=21"
"[H][O+:10](C(CC)C([H])C(C)[O]1)[C:20]1([NH:21]C6=CC=CC=C6)[NH]CC.[Cl-]>>[Cl-].[H][O:10]C(CC)C([H])C(C)[O][C:20]([NH]CC)=[NH+:21]C6=CC=CC=C6 21=20;20,10=10"
"C[S+:10]([H])[C:20]1([O:21][H])[O][CH]([H])C(C)[CH](C8=CC=CC=C8)[S]1.[Cl-]>>[Cl-].[H][O+:21]=[C:20]2[O][CH]([H])[CH](C)C(C8=CC=CC=C8)[S]2.C[S:10][H] 21=20;20,10=10"
"[O-:21][CH:20]2(C)C(C3=C(C([NH+:10]2(C))C)C=CC=C3)[H]>>[NH:10](C)C(C1=C(C([CH:20](C)=[O:21])[H])C=CC=C1)C 21=20;20,10=10"
"C6=CC=CC=C6[NH+:21]=[C:20]2[NH]C(C7=CC=CC=C7)C(C)[NH]2.[H][NH:10][H].[Cl-]>>[Cl-].[H][NH+:10]([H])[C:20]1([NH:21]C6=CC=CC=C6)[NH]C(C7=CC=CC=C7)C(C)[NH]1 10=20;20,21=21"
"[H][NH+:10](C(C9=CC=CC=C9)C(CC)[O]1)[C:20]1([NH:21]C)[O]C.[Cl-]>>[Cl-].[H][NH:10]C(C9=CC=CC=C9)C(CC)[O][C:20]([O]C)=[NH+:21]C 21=20;20,10=10"
"[O-:21][C:20]1(OCC)C(C)C(C)C([H])C(C)[NH+:10]1(C)>>[NH:10](C)C(C)C([H])C(C)C(C)[C:20](OCC)=[O:21] 21=20;20,10=10"
"[OH:10]C(C)C(C)C(C)C(C)[C:20](OC)=[OH+:21]>>[OH:21][C:20]1(OC)C(C)C(C)C(C)C(C)[OH+:10]1 10=20;20,21=21"
"C(C([O-:21])[H])(C(O[C:20](=[O:10])OCCCCCC)C1=CC=CC=C1)CC>>C1(C(O[C:20]([O-:10])([O:21]C1[H])OCCCCCC)C1=CC=CC=C1)CC 21=20;20,10=10"
"CCCCCCN([C:20]1(OC(C(C([O:21]1)C)[H])CCCCCC)[O-:10])CCCCCC>>CCCCCCN([C:20](=[O:10])OC(C(C([O-:21])C)[H])CCCCCC)CCCCCC 10=20;20,21=21"
"CN([C:20](=[O:10])OC(C(C([O-:21])C)CC)C1=CC=CC=C1)CCCCCC>>CN([C:20]1(OC(C(C([O:21]1)C)CC)C1=CC=CC=C1)[O-:10])CCCCCC 21=20;20,10=10"
"C[NH+:21]=[C:20]2[O]C([H])C(C8=CC=CC=C8)[NH]2.C[O:10][H].[Cl-]>>[Cl-].C[O+:10]([H])[C:20]1([NH:21]C)[O]C([H])C(C8=CC=CC=C8)[NH]1 10=20;20,21=21"
"CC[S:10][H].C[O+:21]=[C:20]([S]CC)[S]C7=CC=CC=C7.[Cl-]>>[Cl-].CC[S+:10]([H])[C:20]([O:21]C)([S]CC)[S]C7=CC=CC=C7 10=20;20,21=21"
"[O:10]([K])C(CC)C([H])C([H])C([H])[C:20](C)=[O:21]>>[O-:21][C:20]1(C)C([H])C([H])C([H])C(CC)[O+:10]1([K]) 10=20;20,21=21"
"[H][O:10]C([H])C(C)[NH][C:20]([NH]CC)=[NH+:21]C.[Cl-]>>[Cl-].[H][O+:10](C([H])C(C)[NH]1)[C:20]1([NH:21]C)[NH]CC 10=20;20,21=21"
"[H][NH+:21]=[C:20]2[O][CH]([H])[CH](C)C([H])[O]2.C9=CC=CC=C9[O:10][H].[Cl-]>>[Cl-].C9=CC=CC=C9[O+:10]([H])[C:20]1([NH:21][H])[O][CH]([H])C(C)[CH]([H])[O]1 10=20;20,21=21"
"CC1C(O[C:20](N1C)([O-:10])[O:21]CCCCCC)C>>CC1C(O[C:20](=[O:10])N1C)C.[O-:21]CCCCCC 10=20;20,21=21"
"[H][O+:21]=[C:20]2[S][CH](C7=CC=CC=C7)[CH]([H])C(C)[S]2.[H][S:10][H].[Cl-]>>[Cl-].[H][S+:10]([H])[C:20]1([O:21][H])[S][CH](C7=CC=CC=C7)C([H])[CH](C)[S]1 10=20;20,21=21"
"CCN([C:20](=[O:10])OC(C(C([O-:21])C)CCCCCC)[H])C>>CCN([C:20]1(OC(C(C([O:21]1)C)CCCCCC)[H])[O-:10])C 21=20;20,10=10"
"[H][O+:10]([H])[C:20]1([NH:21]C)[NH]C(C)C(CC)[NH]1.[Cl-]>>[Cl-].C[NH+:21]=[C:20]2[NH]C(C)C(CC)[NH]2.[H][O:10][H] 21=20;20,10=10"
"[H][NH+:21]=[C:20]2[NH][CH](C)[CH]([H])C(C8=CC=CC=C8)[NH]2.[H][NH:10][H].[Cl-]>>[Cl-].[H][NH+:10]([H])[C:20]1([NH:21][H])[NH][CH](C)C([H])[CH](C8=CC=CC=C8)[NH]1 10=20;20,21=21"
"[H][O:10]C(CC)C(C)C([H])[NH][C:20]([O]C)=[NH+:21]CC.[Cl-]>>[Cl-].[H][O+:10](C(CC)C(C)C([H])[NH]1)[C:20]1([NH:21]CC)[O]C 10=20;20,21=21"
"CCN([C:20](=[O:10])OCCCCCC)C1=CC=CC=C1.[O-:21]CC>>CCN([C:20]([O-:10])(OCCCCCC)[O:21]CC)C1=CC=CC=C1 21=20;20,10=10"
"[O:10]([K])C(C)C(C)C(C)C(C)[C:20](C)=[O:21]>>[O-:21][C:20]1(C)C(C)C(C)C(C)C(C)[O+:10]1([K]) 10=20;20,21=21"
"[H][S:10]C([H])C([H])C(C)[S][C:20]([S]CC)=[O+:21][H].[Cl-]>>[Cl-].[H][S+:10](C([H])C([H])C(C)[S]1)[C:20]1([O:21][H])[S]CC 10=20;20,21=21"
"[O:10]([Na])C(CC)/C(O)=C([C:20](C)=[O:21])/[H]>>[O-:21][C:20]1(C)[O+:10]([Na])C(CC)C(O)=C1[H] 10=20;20,21=21"
"C[O+:10]([H])[C:20]([O:21][Si](C)(C)(C))([O]CC)[S]C.[Cl-]>>[Cl-].C[O:10][H].[Si](C)(C)(C)[O+:21]=[C:20]([O]CC)[S]C 21=20;20,10=10"
"CCCCCCC1C(C(O[C:20](N1C1=CC=CC=C1)([O-:10])[O:21]C1=CC=CC=C1)[H])[H]>>CCCCCCC1C(C(O[C:20](=[O:10])N1C1=CC=CC=C1)[H])[H].[O-:21]C1=CC=CC=C1 10=20;20,21=21"
"[H]C1C(C(O[C:20](=[O:10])N1C1=CC=CC=C1)CC)[H].[O-:21]CC>>[H]C1C(C(O[C:20](N1C1=CC=CC=C1)([O-:10])[O:21]CC)CC)[H] 21=20;20,10=10"
"[H][O:10]C(C)C([H])C(CC)[NH][C:20]([O]CC)=[NH+:21]C6=CC=CC=C6.[Cl-]>>[Cl-].[H][O+:10](C(C)C([H])C(CC)[NH]1)[C:20]1([NH:21]C6=CC=CC=C6)[O]CC 10=20;20,21=21"
"C[O+:10]([Li])[C:21]([O-:20])(O[H])OCC>>[O:20]=[C:21](O[H])OCC.C[O:10][Li] 20=21;21,10=10"
"[H][O:10]C(C9=CC=CC=C9)C(C)C(C)[O][C:20]([NH]C7=CC=CC=C7)=[NH+:21]CC.[Cl-]>>[Cl-].[H][O+:10](C(C9=CC=CC=C9)C(C)C(C)[O]1)[C:20]1([NH:21]CC)[NH]C7=CC=CC=C7 10=20;20,21=21"
"[H][O:10]C(CC)C([H])C(C8=CC=CC=C8)[NH][C:20]([NH][H])=[NH+:21]C6=CC=CC=C6.[Cl-]>>[Cl-].[H][O+:10](C(CC)C([H])C(C8=CC=CC=C8)[NH]1)[C:20]1([NH:21]C6=CC=CC=C6)[NH][H] 10=20;20,21=21"
"[H][O+:10](C(C9=CC=CC=C9)C([H])C(CC)[O]1)[C:20]1([NH:21][H])[O]C.[Cl-]>>[Cl-].[H][O:10]C(C9=CC=CC=C9)C([H])C(CC)[O][C:20]([O]C)=[NH+:21][H] 21=20;20,10=10"
"[O-:10]C(C)C(C)C(O)C(O)[C:20](C)=[O:21]>>[O-:21][C:20]1(C)C(O)C(O)C(C)C(C)[O:10]1 10=20;20,21=21"
"C(C(O[C:20](=[O:10])OCC)CCCCCC)([O-:21])C>>C1(C([O:21][C:20](O1)([O-:10])OCC)C)CCCCCC 21=20;20,10=10"
"[H][O+:21]=[C:20]2[S]C(C)C(C8=CC=CC=C8)[S]2.[H][S:10][H].[Cl-]>>[Cl-].[H][S+:10]([H])[C:20]1([O:21][H])[S]C(C)C(C8=CC=CC=C8)[S]1 10=20;20,21=21"
"C9=CC=CC=C9[O+:10]([H])[C:20]([O:21][H])([S]CC)[O][H].[Cl-]>>[Cl-].C9=CC=CC=C9[O:10][H].[H][O+:21]=[C:20]([S]CC)[O][H] 21=20;20,10=10"
"[H][O:10]C([H])C([H])C(C)[NH][C:20]([NH][H])=[NH+:21]C.[Cl-]>>[Cl-].[H][O+:10](C([H])C([H])C(C)[NH]1)[C:20]1([NH:21]C)[NH][H] 10=20;20,21=21"
"[H][S:10]C(C)C([H])[O][C:20]([S][H])=[O+:21]C.[Cl-]>>[Cl-].[H][S+:10](C(C)C([H])[O]1)[C:20]1([O:21]C)[S][H] 10=20;20,21=21"
"CC[O+:10]([H])[C:20]([O:21][Si](C)(C)(C))([O]C8=CC=CC=C8)[O]C.[Cl-]>>[Cl-].CC[O:10][H].[Si](C)(C)(C)[O+:21]=[C:20]([O]C8=CC=CC=C8)[O]C 21=20;20,10=10"
"[H:20][CH:21]1CCC[O+:23]=[CH:22]1.[F-:10]>>[H:20][F:10].C1C[CH:21]=[CH:22][O:23]C1 10=20;20,21=21,22;22,23=23"
"[H][S+:10](C(C)C(CC)[O]1)[C:20]1([O:21][Si](C)(C)(C))[O]CC.[Cl-]>>[Cl-].[H][S:10]C(C)C(CC)[O][C:20]([O]CC)=[O+:21][Si](C)(C)(C) 21=20;20,10=10"
"[H][O+:21]=[C:20]2[O][CH](C7=CC=CC=C7)[CH]([H])C(C8=CC=CC=C8)[S]2.[H][O:10][H].[Cl-]>>[Cl-].[H][O+:10]([H])[C:20]1([O:21][H])[O][CH](C7=CC=CC=C7)C([H])[CH](C8=CC=CC=C8)[S]1 10=20;20,21=21"
"C[NH+:10]([H])[C:20]1([NH:21]C)[NH][CH]([H])C([H])[CH](CC)[O]1.[Cl-]>>[Cl-].C[NH+:21]=[C:20]2[NH][CH]([H])[CH]([H])C(CC)[O]2.C[NH:10][H] 21=20;20,10=10"
"[NH:10]([H])C(CC)C([H])C(C)C(C)[C:20](OC)=[O:21]>>[O-:21][C:20]1(OC)C(C)C(C)C([H])C(CC)[NH+:10]1([H]) 10=20;20,21=21"
"[K][O:21]C.[C:20](=[O:10])(OC1=CC=CC=C1)OC1=CC=CC=C1>>[K][O+:21]([C:20]([O-:10])(OC1=CC=CC=C1)OC1=CC=CC=C1)C 21=20;20,10=10"
"C9=CC=CC=C9[O+:10]([H])[C:20]1([NH:21]C6=CC=CC=C6)[O]C(CC)C(C)[NH]1.[Cl-]>>[Cl-].C6=CC=CC=C6[NH+:21]=[C:20]2[O]C(CC)C(C)[NH]2.C9=CC=CC=C9[O:10][H] 21=20;20,10=10"
"CC[NH+:21]=[C:20]2[O]C(C7=CC=CC=C7)C(CC)[O]2.C9=CC=CC=C9[NH:10][H].[Cl-]>>[Cl-].C9=CC=CC=C9[NH+:10]([H])[C:20]1([NH:21]CC)[O]C(C7=CC=CC=C7)C(CC)[O]1 10=20;20,21=21"
"[H][NH+:21]=[C:20]2[O][CH](C7=CC=CC=C7)[CH]([H])C([H])[O]2.[H][O:10][H].[Cl-]>>[Cl-].[H][O+:10]([H])[C:20]1([NH:21][H])[O][CH](C7=CC=CC=C7)C([H])[CH]([H])[O]1 10=20;20,21=21"
"CCCCCCC1C(O[C:20](N1C)([O-:10])[Cl:21])C1=CC=CC=C1>>CCCCCCC1C(O[C:20](=[O:10])N1C)C1=CC=CC=C1.[Cl-:21] 10=20;20,21=21"
"[H][NH+:10](C(C)C([H])C(C)[O]1)[C:20]1([NH:21]C)[NH]C7=CC=CC=C7.[Cl-]>>[Cl-].[H][NH:10]C(C)C([H])C(C)[O][C:20]([NH]C7=CC=CC=C7)=[NH+:21]C 21=20;20,10=10"
"CC1C(C(O[C:20](=[O:10])N1C)[H])CCCCCC.[O-:21]CC>>CC1C(C(O[C:20](N1C)([O-:10])[O:21]CC)[H])CCCCCC 21=20;20,10=10"
"[H]N([C:20](=[O:10])OC(C(C([O-:21])[H])[H])CC)CC>>[H]N([C:20]1(OC(C(C([O:21]1)[H])[H])CC)[O-:10])CC 21=20;20,10=10"
"[H]N([C:20]1(OC(C(C([O:21]1)CC)C)CCCCCC)[O-:10])CCCCCC>>[H]N([C:20](=[O:10])OC(C(C([O-:21])CC)C)CCCCCC)CCCCCC 10=20;20,21=21"
"C1=CC=CC=C1C1C(C(O[C:20](N1CCCCCC)([O-:10])[Cl:21])C1=CC=CC=C1)CCCCCC>>C1=CC=CC=C1C1C(C(O[C:20](=[O:10])N1CCCCCC)C1=CC=CC=C1)CCCCCC.[Cl-:21] 10=20;20,21=21"
"[Li][O:21]CC.[C:20](=[O:10])(OCC)OC1=CC=CC=C1>>[Li][O+:21]([C:20]([O-:10])(OCC)OC1=CC=CC=C1)CC 21=20;20,10=10"
"[OH:21][C:20]1([H])C([H])C(C)C([H])C(C)[OH+:10]1>>[OH:10]C(C)C([H])C(C)C([H])[C:20]([H])=[OH+:21] 21=20;20,10=10"
"CCCCCCN([C:20]([O-:10])(OCCCCCC)[O:21]C1=CC=CC=C1)CC>>CCCCCCN([C:20](=[O:10])OCCCCCC)CC.[O-:21]C1=CC=CC=C1 10=20;20,21=21"
"C1(C(O[C:20]([O-:10])([O:21]C1[H])OCCCCCC)C)CC>>C(C([O-:21])[H])(C(O[C:20](=[O:10])OCCCCCC)C)CC 10=20;20,21=21"
"CN([C:20]1(OC(C(C([O:21]1)CCCCCC)CC)CCCCCC)[O-:10])C1=CC=CC=C1>>CN([C:20](=[O:10])OC(C(C([O-:21])CCCCCC)CC)CCCCCC)C1=CC=CC=C1 10=20;20,21=21"
"[H][O:10]C(CC)C(C)C(C8=CC=CC=C8)[S][C:20]([O]C)=[O+:21][H].[Cl-]>>[Cl-].[H][O+:10](C(CC)C(C)C(C8=CC=CC=C8)[S]1)[C:20]1([O:21][H])[O]C 10=20;20,21=21"
"[H][O+:10]([H])[C:20]1([NH:21]C)[O][CH](C7=CC=CC=C7)C([H])[CH]([H])[O]1.[Cl-]>>[Cl-].C[NH+:21]=[C:20]2[O][CH](C7=CC=CC=C7)[CH]([H])C([H])[O]2.[H][O:10][H] 21=20;20,10=10"
"C[NH+:10]([H])[C:20]1([NH:21][H])[O][CH](CC)C(C)[CH]([H])[NH]1.[Cl-]>>[Cl-].[H][NH+:21]=[C:20]2[O][CH](CC)[CH](C)C([H])[NH]2.C[NH:10][H] 21=20;20,10=10"
"[O-:10]C(CCC)/C([H])=C([H])\C([H])[C:20]([H])=[O:21]>>[O-:21][C:20]1([H])C([H])C([H])=C([H])C(CCC)[O:10]1 10=20;20,21=21"
"[H]N([C:20](=[O:10])OC(C(C([O-:21])[H])CC)CCCCCC)C1=CC=CC=C1>>[H]N([C:20]1(OC(C(C([O:21]1)[H])CC)CCCCCC)[O-:10])C1=CC=CC=C1 21=20;20,10=10"
"[H][NH+:10]([H])[C:20]1([NH:21]CC)[NH][CH](C7=CC=CC=C7)C([H])[CH](C8=CC=CC=C8)[O]1.[Cl-]>>[Cl-].CC[NH+:21]=[C:20]2[NH][CH](C7=CC=CC=C7)[CH]([H])C(C8=CC=CC=C8)[O]2.[H][NH:10][H] 21=20;20,10=10"
"C1=CC=CC=C1N([C:20]1(OC(C(C([O:21]1)CC)C)CCCCCC)[O-:10])C1=CC=CC=C1>>C1=CC=CC=C1N([C:20](=[O:10])OC(C(C([O-:21])CC)C)CCCCCC)C1=CC=CC=C1 10=20;20,21=21"
"[H]C1C(C(O[C:20](N1CCCCCC)([O-:10])[O:21]CC)C)CCCCCC>>[H]C1C(C(O[C:20](=[O:10])N1CCCCCC)C)CCCCCC.[O-:21]CC 10=20;20,21=21"
"CN([C:20]1(OC(C(C([O:21]1)CCCCCC)[H])[H])[O-:10])[H]>>CN([C:20](=[O:10])OC(C(C([O-:21])CCCCCC)[H])[H])[H] 10=20;20,21=21"
"[H][NH+:10](C(CC)C(C)C([H])[O]1)[C:20]1([NH:21]CC)[O]C.[Cl-]>>[Cl-].[H][NH:10]C(CC)C(C)C([H])[O][C:20]([O]C)=[NH+:21]CC 21=20;20,10=10"
"[H][O+:10](C(C9=CC=CC=C9)C(C8=CC=CC=C8)[NH]1)[C:20]1([NH:21]CC)[NH]CC.[Cl-]>>[Cl-].[H][O:10]C(C9=CC=CC=C9)C(C8=CC=CC=C8)[NH][C:20]([NH]CC)=[NH+:21]CC 21=20;20,10=10"
"CC[O+:10]([H])[C:20]([O:21]C)([S][H])[O][H].[Cl-]>>[Cl-].CC[O:10][H].C[O+:21]=[C:20]([S][H])[O][H] 21=20;20,10=10"
"C[O+:21]=[C:20]2[S][CH](CC)[CH]([H])C([H])[S]2.C9=CC=CC=C9[S:10][H].[Cl-]>>[Cl-].C9=CC=CC=C9[S+:10]([H])[C:20]1([O:21]C)[S][CH](CC)C([H])[CH]([H])[S]1 10=20;20,21=21"
"[Na][O:21]CC.[C:20](=[O:10])(OCC)OC1=CC=CC=C1>>[Na][O+:21]([C:20]([O-:10])(OCC)OC1=CC=CC=C1)CC 21=20;20,10=10"
"CC[NH+:21]=[C:20]2[NH][CH](CC)[CH]([H])C(C)[O]2.C9=CC=CC=C9[O:10][H].[Cl-]>>[Cl-].C9=CC=CC=C9[O+:10]([H])[C:20]1([NH:21]CC)[NH][CH](CC)C([H])[CH](C)[O]1 10=20;20,21=21"
"[O-:21][C:20]1(C)[O+:10]([K])C(CC)C(C)=C1C>>[O:10]([K])C(CC)/C(C)=C([C:20](C)=[O:21])/C 21=20;20,10=10"
"C1(C(O[C:20]([O-:10])([O:21]C1C)OCC)CC)C>>C(C([O-:21])C)(C(O[C:20](=[O:10])OCC)CC)C 10=20;20,21=21"
"[H][S:10]C(CC)C([H])[S][C:20]([O][H])=[O+:21][H].[Cl-]>>[Cl-].[H][S+:10](C(CC)C([H])[S]1)[C:20]1([O:21][H])[O][H] 10=20;20,21=21"
"C[O+:21]=[C:20]2[S][CH](C7=CC=CC=C7)[CH](C)C([H])[O]2.[H][O:10][H].[Cl-]>>[Cl-].[H][O+:10]([H])[C:20]1([O:21]C)[S][CH](C7=CC=CC=C7)C(C)[CH]([H])[O]1 10=20;20,21=21"
"C[S+:10]([H])[C:20]([O:21][Si](C)(C)(C))([O][H])[S]C7=CC=CC=C7.[Cl-]>>[Cl-].C[S:10][H].[Si](C)(C)(C)[O+:21]=[C:20]([O][H])[S]C7=CC=CC=C7 21=20;20,10=10"
"CC[O+:10]([H])[C:20]1([NH:21]CC)[NH][CH]([H])C(C)[CH](C8=CC=CC=C8)[NH]1.[Cl-]>>[Cl-].CC[NH+:21]=[C:20]2[NH][CH]([H])[CH](C)C(C8=CC=CC=C8)[NH]2.CC[O:10][H] 21=20;20,10=10"
"CC[O:10][H].C[O+:21]=[C:20]([O]CC)[S]CC.[Cl-]>>[Cl-].CC[O+:10]([H])[C:20]([O:21]C)([O]CC)[S]CC 10=20;20,21=21"
"C6=CC=CC=C6[NH+:21]=[C:20]2[NH][CH]([H])[CH](C)C(C8=CC=CC=C8)[NH]2.[H][O:10][H].[Cl-]>>[Cl-].[H][O+:10]([H])[C:20]1([NH:21]C6=CC=CC=C6)[NH][CH]([H])C(C)[CH](C8=CC=CC=C8)[NH]1 10=20;20,21=21"
"CC[NH+:21]=[C:20]2[O][CH](CC)[CH](C)C([H])[O]2.CC[NH:10][H].[Cl-]>>[Cl-].CC[NH+:10]([H])[C:20]1([NH:21]CC)[O][CH](CC)C(C)[CH]([H])[O]1 10=20;20,21=21"
"CCCCCCN([C:20]1(OC(C(C([O:21]1)C)C)CC)[O-:10])C>>CCCCCCN([C:20](=[O:10])OC(C(C([O-:21])C)C)CC)C 10=20;20,21=21"
"C[NH+:10]([H])[C:20]1([NH:21]C6=CC=CC=C6)[O]C(CC)C(C8=CC=CC=C8)[O]1.[Cl-]>>[Cl-].C6=CC=CC=C6[NH+:21]=[C:20]2[O]C(CC)C(C8=CC=CC=C8)[O]2.C[NH:10][H] 21=20;20,10=10"
"[O-:21][C:20]1(OCC)[O+:10]([Na])C(CCC)C(C)C1O>>[O:10]([Na])C(CCC)C(C)C([C:20](OCC)=[O:21])O 21=20;20,10=10"
"C[O+:21]=[C:20]2[O][CH]([H])[CH](C)C(CC)[O]2.CC[O:10][H].[Cl-]>>[Cl-].CC[O+:10]([H])[C:20]1([O:21]C)[O][CH]([H])C(C)[CH](CC)[O]1 10=20;20,21=21"
"C[S+:10]([H])[C:20]1([O:21][H])[O][CH]([H])C(C)[CH]([H])[S]1.[Cl-]>>[Cl-].[H][O+:21]=[C:20]2[O][CH]([H])[CH](C)C([H])[S]2.C[S:10][H] 21=20;20,10=10"
"[H][S+:10](C([H])C(C)C(CC)[O]1)[C:20]1([O:21][H])[O]CC.[Cl-]>>[Cl-].[H][S:10]C([H])C(C)C(CC)[O][C:20]([O]CC)=[O+:21][H] 21=20;20,10=10"
"C6=CC=CC=C6[NH+:21]=[C:20]2[O][CH](C)[CH](C)C(C8=CC=CC=C8)[NH]2.[H][O:10][H].[Cl-]>>[Cl-].[H][O+:10]([H])[C:20]1([NH:21]C6=CC=CC=C6)[O][CH](C)C(C)[CH](C8=CC=CC=C8)[NH]1 10=20;20,21=21"
"C1=CC=CC=C1N([C:20](=[O:10])OC(C(C([O-:21])CCCCCC)[H])[H])CC>>C1=CC=CC=C1N([C:20]1(OC(C(C([O:21]1)CCCCCC)[H])[H])[O-:10])CC 21=20;20,10=10"
"[H][O:10]C([H])C(C)C(C8=CC=CC=C8)[O][C:20]([S]C)=[O+:21]C.[Cl-]>>[Cl-].[H][O+:10](C([H])C(C)C(C8=CC=CC=C8)[O]1)[C:20]1([O:21]C)[S]C 10=20;20,21=21"
"C1=CC=CC=C1C1C(C(O[C:20](=[O:10])N1[H])CC)C.[O-:21][H]>>C1=CC=CC=C1C1C(C(O[C:20](N1[H])([O-:10])[O:21][H])CC)C 21=20;20,10=10"
"C1=CC=CC=C1C1C(C(O[C:20](=[O:10])N1C1=CC=CC=C1)C1=CC=CC=C1)[H].[O-:21]C1=CC=CC=C1>>C1=CC=CC=C1C1C(C(O[C:20](N1C1=CC=CC=C1)([O-:10])[O:21]C1=CC=CC=C1)C1=CC=CC=C1)[H] 21=20;20,10=10"
"[H][S+:10](C([H])C(C)C([H])[O]1)[C:20]1([O:21][H])[O]C7=CC=CC=C7.[Cl-]>>[Cl-].[H][S:10]C([H])C(C)C([H])[O][C:20]([O]C7=CC=CC=C7)=[O+:21][H] 21=20;20,10=10"
"[O-:10]C(C(C1=C(C=CC=C1)[CH:20]([H])=[O:21])O)C>>[O-:21][CH:20]2([H])C3=C(C(C([O:10]2)C)O)C=CC=C3  10=20;20,21=21"
"C[O+:10]([H])[C:20]1([O:21]C)[S][CH](C)C([H])[CH](C)[O]1.[Cl-]>>[Cl-].C[O+:21]=[C:20]2[S][CH](C)[CH]([H])C(C)[O]2.C[O:10][H] 21=20;20,10=10"
"[H][S+:10](C([H])C([H])C(CC)[O]1)[C:20]1([O:21]C)[S][H].[Cl-]>>[Cl-].[H][S:10]C([H])C([H])C(CC)[O][C:20]([S][H])=[O+:21]C 21=20;20,10=10"
"[O:10]([Na])C(C)/C(O)=C([C:20]([H])=[O:21])/O>>[O-:21][C:20]1([H])[O+:10]([Na])C(C)C(O)=C1O 10=20;20,21=21"
"CCCCCCN([C:20]1(OC(C([O:21]1)C)C)[O-:10])C1=CC=CC=C1>>CCCCCCN([C:20](=[O:10])OC(C([O-:21])C)C)C1=CC=CC=C1 10=20;20,21=21"
"[H][O+:10](C(CC)C([H])[NH]1)[C:20]1([NH:21]C)[O]C7=CC=CC=C7.[Cl-]>>[Cl-].[H][O:10]C(CC)C([H])[NH][C:20]([O]C7=CC=CC=C7)=[NH+:21]C 21=20;20,10=10"
"[H][O+:10](C(CC)C([H])[O]1)[C:20]1([NH:21][H])[O][H].[Cl-]>>[Cl-].[H][O:10]C(CC)C([H])[O][C:20]([O][H])=[NH+:21][H] 21=20;20,10=10"
"CCC1C(C(O[C:20](N1[H])([O-:10])[O:21]CCCCCC)[H])CC>>CCC1C(C(O[C:20](=[O:10])N1[H])[H])CC.[O-:21]CCCCCC 10=20;20,21=21"
"CC[O:10][H].[Si](C)(C)(C)[O+:21]=[C:20]([S][H])[O][H].[Cl-]>>[Cl-].CC[O+:10]([H])[C:20]([O:21][Si](C)(C)(C))([S][H])[O][H] 10=20;20,21=21"
"CCN([C:20]1(OC(C(C([O:21]1)C1=CC=CC=C1)C)[H])[O-:10])CCCCCC>>CCN([C:20](=[O:10])OC(C(C([O-:21])C1=CC=CC=C1)C)[H])CCCCCC 10=20;20,21=21"
"[O:20]=[C:21](OCC)OCCCCCC.CC[O:10][Li]>>CC[O+:10]([Li])[C:21]([O-:20])(OCC)OCCCCCC 10=21;21,20=20"
"C[S:10][H].[Si](C)(C)(C)[O+:21]=[C:20]([O]C)[S]C.[Cl-]>>[Cl-].C[S+:10]([H])[C:20]([O:21][Si](C)(C)(C))([O]C)[S]C 10=20;20,21=21"
"[H][O+:21]=[C:20]2[S]C(C7=CC=CC=C7)C(C8=CC=CC=C8)[O]2.C9=CC=CC=C9[S:10][H].[Cl-]>>[Cl-].C9=CC=CC=C9[S+:10]([H])[C:20]1([O:21][H])[S]C(C7=CC=CC=C7)C(C8=CC=CC=C8)[O]1 10=20;20,21=21"
"[OH:21][C:20]1(OC)C(C)C([H])C(C)C([H])[OH+:10]1>>[OH:10]C([H])C(C)C([H])C(C)[C:20](OC)=[OH+:21] 21=20;20,10=10"
"[O-:21][C:20]2([O:10]C(C=CC=C3)=C3C2[H])OCC>>[O-:10]C1=C(C([H])[C:20](OCC)=[O:21])C=CC=C1 21=20;20,10=10"
"C[NH+:21]=[C:20]2[O][CH](C)[CH](C)C([H])[NH]2.[H][O:10][H].[Cl-]>>[Cl-].[H][O+:10]([H])[C:20]1([NH:21]C)[O][CH](C)C(C)[CH]([H])[NH]1 10=20;20,21=21"
"CCCCCCN([C:20]1(OC(C(C([O:21]1)[H])CC)CCCCCC)[O-:10])[H]>>CCCCCCN([C:20](=[O:10])OC(C(C([O-:21])[H])CC)CCCCCC)[H] 10=20;20,21=21"
"C9=CC=CC=C9[NH+:10]([H])[C:20]1([NH:21]C6=CC=CC=C6)[NH][CH](C7=CC=CC=C7)C(C)[CH](CC)[O]1.[Cl-]>>[Cl-].C6=CC=CC=C6[NH+:21]=[C:20]2[NH][CH](C7=CC=CC=C7)[CH](C)C(CC)[O]2.C9=CC=CC=C9[NH:10][H] 21=20;20,10=10"
"[H][O+:21]=[C:20]2[S][CH](CC)[CH]([H])C(CC)[O]2.CC[O:10][H].[Cl-]>>[Cl-].CC[O+:10]([H])[C:20]1([O:21][H])[S][CH](CC)C([H])[CH](CC)[O]1 10=20;20,21=21"
"[H][S+:10](C([H])C(C)[O]1)[C:20]1([O:21][Si](C)(C)(C))[S]CC.[Cl-]>>[Cl-].[H][S:10]C([H])C(C)[O][C:20]([S]CC)=[O+:21][Si](C)(C)(C) 21=20;20,10=10"
"CC[NH+:10]([H])[C:20]1([NH:21]C)[NH][CH](C)C([H])[CH]([H])[NH]1.[Cl-]>>[Cl-].C[NH+:21]=[C:20]2[NH][CH](C)[CH]([H])C([H])[NH]2.CC[NH:10][H] 21=20;20,10=10"
"[H][O:10]C([H])C(C)C(C)[S][C:20]([S][H])=[O+:21]C.[Cl-]>>[Cl-].[H][O+:10](C([H])C(C)C(C)[S]1)[C:20]1([O:21]C)[S][H] 10=20;20,21=21"
"[H][O+:10](C(C9=CC=CC=C9)C([H])[NH]1)[C:20]1([NH:21]CC)[NH][H].[Cl-]>>[Cl-].[H][O:10]C(C9=CC=CC=C9)C([H])[NH][C:20]([NH][H])=[NH+:21]CC 21=20;20,10=10"
"[H]N([C:20]([O-:10])(OCCCCCC)[O:21]C1=CC=CC=C1)[H]>>[H]N([C:20](=[O:10])OCCCCCC)[H].[O-:21]C1=CC=CC=C1 10=20;20,21=21"
"CCCCCCC1C(O[C:20](N1C)([O-:10])[O:21]C1=CC=CC=C1)[H]>>CCCCCCC1C(O[C:20](=[O:10])N1C)[H].[O-:21]C1=CC=CC=C1 10=20;20,21=21"
"[H][O:10]C(CC)C(CC)[O][C:20]([NH]C)=[NH+:21]C6=CC=CC=C6.[Cl-]>>[Cl-].[H][O+:10](C(CC)C(CC)[O]1)[C:20]1([NH:21]C6=CC=CC=C6)[NH]C 10=20;20,21=21"
"CC[NH+:21]=[C:20]2[O][CH]([H])[CH]([H])C(C8=CC=CC=C8)[NH]2.[H][NH:10][H].[Cl-]>>[Cl-].[H][NH+:10]([H])[C:20]1([NH:21]CC)[O][CH]([H])C([H])[CH](C8=CC=CC=C8)[NH]1 10=20;20,21=21"
"C9=CC=CC=C9[S+:10]([H])[C:20]([O:21]C)([S]C8=CC=CC=C8)[O]C.[Cl-]>>[Cl-].C9=CC=CC=C9[S:10][H].C[O+:21]=[C:20]([S]C8=CC=CC=C8)[O]C 21=20;20,10=10"
"[H][S+:10]([H])[C:20]1([O:21][H])[S]C([H])C(C8=CC=CC=C8)[S]1.[Cl-]>>[Cl-].[H][O+:21]=[C:20]2[S]C([H])C(C8=CC=CC=C8)[S]2.[H][S:10][H] 21=20;20,10=10"
"C6=CC=CC=C6[NH+:21]=[C:20]2[O][CH]([H])[CH](C)C(CC)[NH]2.C9=CC=CC=C9[O:10][H].[Cl-]>>[Cl-].C9=CC=CC=C9[O+:10]([H])[C:20]1([NH:21]C6=CC=CC=C6)[O][CH]([H])C(C)[CH](CC)[NH]1 10=20;20,21=21"
"CCN([C:20](=[O:10])OC(C(C([O-:21])C1=CC=CC=C1)CC)[H])C1=CC=CC=C1>>CCN([C:20]1(OC(C(C([O:21]1)C1=CC=CC=C1)CC)[H])[O-:10])C1=CC=CC=C1 21=20;20,10=10"
"CC[NH+:21]=[C:20]2[NH][CH](CC)[CH](C)C(C8=CC=CC=C8)[NH]2.C9=CC=CC=C9[O:10][H].[Cl-]>>[Cl-].C9=CC=CC=C9[O+:10]([H])[C:20]1([NH:21]CC)[NH][CH](CC)C(C)[CH](C8=CC=CC=C8)[NH]1 10=20;20,21=21"
"C[NH+:21]=[C:20]2[O]C(C7=CC=CC=C7)C([H])[NH]2.CC[NH:10][H].[Cl-]>>[Cl-].CC[NH+:10]([H])[C:20]1([NH:21]C)[O]C(C7=CC=CC=C7)C([H])[NH]1 10=20;20,21=21"
"[NH:10](C)C([H])C(O)C(C)C(O)[C:20](OCC)=[O:21]>>[O-:21][C:20]1(OCC)C(O)C(C)C(O)C([H])[NH+:10]1(C) 10=20;20,21=21"
"[H][NH+:10]([H])[C:20]([NH:21][H])([NH]C8=CC=CC=C8)[NH]C7=CC=CC=C7.[Cl-]>>[Cl-].[H][NH:10][H].[H][NH+:21]=[C:20]([NH]C8=CC=CC=C8)[NH]C7=CC=CC=C7 21=20;20,10=10"
"[O-:10]C([H])C(C)/C(C)=C(C)\[C:20](C)=[O:21]>>[O-:21][C:20]1(C)C(C)=C(C)C(C)C([H])[O:10]1 10=20;20,21=21"
"C[NH+:21]=[C:20]2[NH][CH]([H])[CH](C)C(CC)[NH]2.CC[NH:10][H].[Cl-]>>[Cl-].CC[NH+:10]([H])[C:20]1([NH:21]C)[NH][CH]([H])C(C)[CH](CC)[NH]1 10=20;20,21=21"
"[H][NH:10]C(CC)C(C)[O][C:20]([NH]C)=[NH+:21]C.[Cl-]>>[Cl-].[H][NH+:10](C(CC)C(C)[O]1)[C:20]1([NH:21]C)[NH]C 10=20;20,21=21"
"C[S:10][H].C[O+:21]=[C:20]([O]C8=CC=CC=C8)[S]CC.[Cl-]>>[Cl-].C[S+:10]([H])[C:20]([O:21]C)([O]C8=CC=CC=C8)[S]CC 10=20;20,21=21"
"[O-:21][C:20]1(OC)C(C)=C(C)C([H])C([H])[O+:10]1([K])>>[O:10]([K])C([H])C([H])/C(C)=C(C)\[C:20](OC)=[O:21] 21=20;20,10=10"
"CC[NH+:21]=[C:20]2[O]C(C)C(C)[O]2.CC[O:10][H].[Cl-]>>[Cl-].CC[O+:10]([H])[C:20]1([NH:21]CC)[O]C(C)C(C)[O]1 10=20;20,21=21"
"C6=CC=CC=C6[NH+:21]=[C:20]2[O][CH](CC)[CH]([H])C([H])[O]2.CC[O:10][H].[Cl-]>>[Cl-].CC[O+:10]([H])[C:20]1([NH:21]C6=CC=CC=C6)[O][CH](CC)C([H])[CH]([H])[O]1 10=20;20,21=21"
"[H][O:10]C([H])C(C)C([H])[O][C:20]([NH]C7=CC=CC=C7)=[NH+:21]C6=CC=CC=C6.[Cl-]>>[Cl-].[H][O+:10](C([H])C(C)C([H])[O]1)[C:20]1([NH:21]C6=CC=CC=C6)[NH]C7=CC=CC=C7 10=20;20,21=21"
"C9=CC=CC=C9[O+:10]([H])[C:20]([O:21][Si](C)(C)(C))([S][H])[S][H].[Cl-]>>[Cl-].C9=CC=CC=C9[O:10][H].[Si](C)(C)(C)[O+:21]=[C:20]([S][H])[S][H] 21=20;20,10=10"
"[H][S+:10]([H])[C:20]1([O:21]C)[O][CH](C7=CC=CC=C7)C([H])[CH](C8=CC=CC=C8)[S]1.[Cl-]>>[Cl-].C[O+:21]=[C:20]2[O][CH](C7=CC=CC=C7)[CH]([H])C(C8=CC=CC=C8)[S]2.[H][S:10][H] 21=20;20,10=10"
"C9=CC=CC=C9[O:10][H].C[O+:21]=[C:20]([O]C8=CC=CC=C8)[S]C.[Cl-]>>[Cl-].C9=CC=CC=C9[O+:10]([H])[C:20]([O:21]C)([O]C8=CC=CC=C8)[S]C 10=20;20,21=21"
"[H][O+:10]([H])[C:20]1([NH:21][H])[O][CH](CC)C([H])[CH](CC)[O]1.[Cl-]>>[Cl-].[H][NH+:21]=[C:20]2[O][CH](CC)[CH]([H])C(CC)[O]2.[H][O:10][H] 21=20;20,10=10"
"[H]N([C:20](=[O:10])OC(C(C([O-:21])CCCCCC)C)C)C1=CC=CC=C1>>[H]N([C:20]1(OC(C(C([O:21]1)CCCCCC)C)C)[O-:10])C1=CC=CC=C1 21=20;20,10=10"
"C1(C([O:21][C:20](O1)([O-:10])OC)CC)[H]>>C(C(O[C:20](=[O:10])OC)[H])([O-:21])CC 10=20;20,21=21"
"[H][S:10]C([H])C([H])C([H])[S][C:20]([O][H])=[O+:21][H].[Cl-]>>[Cl-].[H][S+:10](C([H])C([H])C([H])[S]1)[C:20]1([O:21][H])[O][H] 10=20;20,21=21"
"[H][S+:10](C([H])C(C8=CC=CC=C8)[S]1)[C:20]1([O:21]C)[O]C.[Cl-]>>[Cl-].[H][S:10]C([H])C(C8=CC=CC=C8)[S][C:20]([O]C)=[O+:21]C 21=20;20,10=10"
"[H][NH+:10](C(C)C([H])[O]1)[C:20]1([NH:21]C)[NH]CC.[Cl-]>>[Cl-].[H][NH:10]C(C)C([H])[O][C:20]([NH]CC)=[NH+:21]C 21=20;20,10=10"
"[H][NH+:10](C(CC)C([H])C(CC)[NH]1)[C:20]1([NH:21][H])[NH][H].[Cl-]>>[Cl-].[H][NH:10]C(CC)C([H])C(CC)[NH][C:20]([NH][H])=[NH+:21][H] 21=20;20,10=10"
"CC[O+:10]([H])[C:20]1([NH:21][H])[O][CH]([H])C(C)[CH](C8=CC=CC=C8)[O]1.[Cl-]>>[Cl-].[H][NH+:21]=[C:20]2[O][CH]([H])[CH](C)C(C8=CC=CC=C8)[O]2.CC[O:10][H] 21=20;20,10=10"
"[O:10]([Na])C(C)C(C)C(C)C(O)[C:20](OCC)=[O:21]>>[O-:21][C:20]1(OCC)C(O)C(C)C(C)C(C)[O+:10]1([Na]) 10=20;20,21=21"
"[H][S:10]C([H])C(C8=CC=CC=C8)[O][C:20]([S]C)=[O+:21][H].[Cl-]>>[Cl-].[H][S+:10](C([H])C(C8=CC=CC=C8)[O]1)[C:20]1([O:21][H])[S]C 10=20;20,21=21"
"CN([C:20]1(OC(C(C([O:21]1)CC)CCCCCC)C)[O-:10])C>>CN([C:20](=[O:10])OC(C(C([O-:21])CC)CCCCCC)C)C 10=20;20,21=21"
"C[O:10][H].C6=CC=CC=C6[NH+:21]=[C:20]([O]C8=CC=CC=C8)[NH][H].[Cl-]>>[Cl-].C[O+:10]([H])[C:20]([NH:21]C6=CC=CC=C6)([O]C8=CC=CC=C8)[NH][H] 10=20;20,21=21"
"[H][O+:21]=[C:20]2[O][CH](C7=CC=CC=C7)[CH](C)C([H])[S]2.[H][O:10][H].[Cl-]>>[Cl-].[H][O+:10]([H])[C:20]1([O:21][H])[O][CH](C7=CC=CC=C7)C(C)[CH]([H])[S]1 10=20;20,21=21"
"[H][O:10]C(CC)C(C8=CC=CC=C8)[NH][C:20]([O]CC)=[NH+:21]C6=CC=CC=C6.[Cl-]>>[Cl-].[H][O+:10](C(CC)C(C8=CC=CC=C8)[NH]1)[C:20]1([NH:21]C6=CC=CC=C6)[O]CC 10=20;20,21=21"
"CCCCCCN([C:20](=[O:10])OC(C([O-:21])C)CCCCCC)C>>CCCCCCN([C:20]1(OC(C([O:21]1)C)CCCCCC)[O-:10])C 21=20;20,10=10"
"[H][NH:10]C(CC)C([H])C(C)[NH][C:20]([O][H])=[NH+:21]CC.[Cl-]>>[Cl-].[H][NH+:10](C(CC)C([H])C(C)[NH]1)[C:20]1([NH:21]CC)[O][H] 10=20;20,21=21"
"CC[O+:10]([K])[C:21]([O-:20])(OCCCCCC)OC1=CC=CC=C1>>[O:20]=[C:21](OCCCCCC)OC1=CC=CC=C1.CC[O:10][K] 20=21;21,10=10"
"C1=CC=CC=C1N([C:20]([O-:10])(OCC)[O:21]C)C1=CC=CC=C1>>C1=CC=CC=C1N([C:20](=[O:10])OCC)C1=CC=CC=C1.[O-:21]C 10=20;20,21=21"
"[H][NH+:10](C([H])C([H])C(C)[NH]1)[C:20]1([NH:21][H])[NH]CC.[Cl-]>>[Cl-].[H][NH:10]C([H])C([H])C(C)[NH][C:20]([NH]CC)=[NH+:21][H] 21=20;20,10=10"
"CC[NH+:10]([H])[C:20]([NH:21]C6=CC=CC=C6)([NH]CC)[O]C7=CC=CC=C7.[Cl-]>>[Cl-].CC[NH:10][H].C6=CC=CC=C6[NH+:21]=[C:20]([NH]CC)[O]C7=CC=CC=C7 21=20;20,10=10"
"C[O+:10]([H])[C:20]1([NH:21]CC)[O][CH](C)C(C)[CH]([H])[O]1.[Cl-]>>[Cl-].CC[NH+:21]=[C:20]2[O][CH](C)[CH](C)C([H])[O]2.C[O:10][H] 21=20;20,10=10"
"C9=CC=CC=C9[NH+:10]([H])[C:20]1([NH:21]C6=CC=CC=C6)[O][CH](C)C([H])[CH](C)[O]1.[Cl-]>>[Cl-].C6=CC=CC=C6[NH+:21]=[C:20]2[O][CH](C)[CH]([H])C(C)[O]2.C9=CC=CC=C9[NH:10][H] 21=20;20,10=10"
"[H][NH+:10](C(C9=CC=CC=C9)C(CC)[O]1)[C:20]1([NH:21]CC)[NH]C7=CC=CC=C7.[Cl-]>>[Cl-].[H][NH:10]C(C9=CC=CC=C9)C(CC)[O][C:20]([NH]C7=CC=CC=C7)=[NH+:21]CC 21=20;20,10=10"
"[H][O:10]C(CC)C([H])C([H])[NH][C:20]([NH][H])=[NH+:21]CC.[Cl-]>>[Cl-].[H][O+:10](C(CC)C([H])C([H])[NH]1)[C:20]1([NH:21]CC)[NH][H] 10=20;20,21=21"
"[H][O+:21]=[C:20]2[S][CH]([H])[CH]([H])C(CC)[S]2.CC[O:10][H].[Cl-]>>[Cl-].CC[O+:10]([H])[C:20]1([O:21][H])[S][CH]([H])C([H])[CH](CC)[S]1 10=20;20,21=21"
"[H][NH+:21]=[C:20]2[NH][CH](C7=CC=CC=C7)[CH](C)C(CC)[O]2.C9=CC=CC=C9[NH:10][H].[Cl-]>>[Cl-].C9=CC=CC=C9[NH+:10]([H])[C:20]1([NH:21][H])[NH][CH](C7=CC=CC=C7)C(C)[CH](CC)[O]1 10=20;20,21=21"
"C[NH+:21]=[C:20]2[O]C(C7=CC=CC=C7)C(CC)[NH]2.C[NH:10][H].[Cl-]>>[Cl-].C[NH+:10]([H])[C:20]1([NH:21]C)[O]C(C7=CC=CC=C7)C(CC)[NH]1 10=20;20,21=21"
"[OH:21][C:20]1(OC)[OH+:10]C(CC)C(C)=C1C>>[OH:10]C(CC)/C(C)=C([C:20](OC)=[OH+:21])/C 21=20;20,10=10"
"[O:20]=[C:21](OC)OC1=CC=CC=C1.CC[O:10][Li]>>CC[O+:10]([Li])[C:21]([O-:20])(OC)OC1=CC=CC=C1 10=21;21,20=20"
"C6=CC=CC=C6[NH+:21]=[C:20]2[O][CH](CC)[CH]([H])C(C8=CC=CC=C8)[NH]2.CC[O:10][H].[Cl-]>>[Cl-].CC[O+:10]([H])[C:20]1([NH:21]C6=CC=CC=C6)[O][CH](CC)C([H])[CH](C8=CC=CC=C8)[NH]1 10=20;20,21=21"
"[O-:21][C:20]1(OCC)[O:10]C(C)C(O)C1[H]>>[O-:10]C(C)C(O)C([C:20](OCC)=[O:21])[H] 21=20;20,10=10"
"C[O+:21]=[C:20]2[O][CH](CC)[CH](C)C(C)[S]2.[H][S:10][H].[Cl-]>>[Cl-].[H][S+:10]([H])[C:20]1([O:21]C)[O][CH](CC)C(C)[CH](C)[S]1 10=20;20,21=21"
"[H][NH+:21]=[C:20]2[O]C(CC)C(C)[NH]2.C[NH:10][H].[Cl-]>>[Cl-].C[NH+:10]([H])[C:20]1([NH:21][H])[O]C(CC)C(C)[NH]1 10=20;20,21=21"
"CCCCCCN([C:20]1(OC(C(C([O:21]1)CCCCCC)CCCCCC)CCCCCC)[O-:10])CCCCCC>>CCCCCCN([C:20](=[O:10])OC(C(C([O-:21])CCCCCC)CCCCCC)CCCCCC)CCCCCC 10=20;20,21=21"
"C[S+:10]([H])[C:20]1([O:21][H])[O][CH](CC)C(C)[CH](C)[S]1.[Cl-]>>[Cl-].[H][O+:21]=[C:20]2[O][CH](CC)[CH](C)C(C)[S]2.C[S:10][H] 21=20;20,10=10"
"C[S+:10]([H])[C:20]1([O:21]C)[S][CH](CC)C(C)[CH](C)[S]1.[Cl-]>>[Cl-].C[O+:21]=[C:20]2[S][CH](CC)[CH](C)C(C)[S]2.C[S:10][H] 21=20;20,10=10"
"[H][O+:10](C(C9=CC=CC=C9)C([H])C(C)[O]1)[C:20]1([O:21]C)[S]CC.[Cl-]>>[Cl-].[H][O:10]C(C9=CC=CC=C9)C([H])C(C)[O][C:20]([S]CC)=[O+:21]C 21=20;20,10=10"
"[O-:21][C:20]1(C)C(O)C([H])C([H])C(C)[O+:10]1([Na])>>[O:10]([Na])C(C)C([H])C([H])C(O)[C:20](C)=[O:21] 21=20;20,10=10"
"CC[NH+:21]=[C:20]2[NH][CH]([H])[CH](C)C(C8=CC=CC=C8)[O]2.[H][O:10][H].[Cl-]>>[Cl-].[H][O+:10]([H])[C:20]1([NH:21]CC)[NH][CH]([H])C(C)[CH](C8=CC=CC=C8)[O]1 10=20;20,21=21"
"[H][O+:21]=[C:20]2[O]C(CC)C(C)[O]2.[H][S:10][H].[Cl-]>>[Cl-].[H][S+:10]([H])[C:20]1([O:21][H])[O]C(CC)C(C)[O]1 10=20;20,21=21"
"[Si](C)(C)(C)[O+:21]=[C:20]2[S]C(CC)C([H])[S]2.CC[S:10][H].[Cl-]>>[Cl-].CC[S+:10]([H])[C:20]1([O:21][Si](C)(C)(C))[S]C(CC)C([H])[S]1 10=20;20,21=21"
"[OH:21][C:20]1([H])C([H])=C([H])C([H])C(CCC)[OH+:10]1>>[OH:10]C(CCC)C([H])/C([H])=C([H])\[C:20]([H])=[OH+:21] 21=20;20,10=10"
"[OH:10]C(C)/C([H])=C([C:20](OC)=[OH+:21])/[H]>>[OH:21][C:20]1(OC)[OH+:10]C(C)C([H])=C1[H] 10=20;20,21=21"
"[H][S:10]C([H])C([H])C([H])[O][C:20]([O]C7=CC=CC=C7)=[O+:21]C.[Cl-]>>[Cl-].[H][S+:10](C([H])C([H])C([H])[O]1)[C:20]1([O:21]C)[O]C7=CC=CC=C7 10=20;20,21=21"
"CC[NH+:10]([H])[C:20]([NH:21]C)([O][H])[O]C.[Cl-]>>[Cl-].CC[NH:10][H].C[NH+:21]=[C:20]([O][H])[O]C 21=20;20,10=10"
"C[NH+:21]=[C:20]2[NH]C(CC)C([H])[NH]2.C9=CC=CC=C9[NH:10][H].[Cl-]>>[Cl-].C9=CC=CC=C9[NH+:10]([H])[C:20]1([NH:21]C)[NH]C(CC)C([H])[NH]1 10=20;20,21=21"
"C[O+:21]=[C:20]2[S][CH]([H])[CH](C)C(CC)[S]2.C9=CC=CC=C9[O:10][H].[Cl-]>>[Cl-].C9=CC=CC=C9[O+:10]([H])[C:20]1([O:21]C)[S][CH]([H])C(C)[CH](CC)[S]1 10=20;20,21=21"
"CC[O:10][H].[H][NH+:21]=[C:20]([NH][H])[O][H].[Cl-]>>[Cl-].CC[O+:10]([H])[C:20]([NH:21][H])([NH][H])[O][H] 10=20;20,21=21"
"[H]N([C:20](=[O:10])OC(C([O-:21])C)CCCCCC)C1=CC=CC=C1>>[H]N([C:20]1(OC(C([O:21]1)C)CCCCCC)[O-:10])C1=CC=CC=C1 21=20;20,10=10"
"CC[NH+:21]=[C:20]2[O]C([H])C(C)[O]2.CC[NH:10][H].[Cl-]>>[Cl-].CC[NH+:10]([H])[C:20]1([NH:21]CC)[O]C([H])C(C)[O]1 10=20;20,21=21"
"CCN([C:20](=[O:10])OC1=CC=CC=C1)C1=CC=CC=C1.[O-:21]CCCCCC>>CCN([C:20]([O-:10])(OC1=CC=CC=C1)[O:21]CCCCCC)C1=CC=CC=C1 21=20;20,10=10"
"[OH:21][C:20]1(OCC)[OH+:10]C(C)C(C)C1O>>[OH:10]C(C)C(C)C([C:20](OCC)=[OH+:21])O 21=20;20,10=10"
"[H][S:10]C(CC)C(CC)[O][C:20]([O]C7=CC=CC=C7)=[O+:21][Si](C)(C)(C).[Cl-]>>[Cl-].[H][S+:10](C(CC)C(CC)[O]1)[C:20]1([O:21][Si](C)(C)(C))[O]C7=CC=CC=C7 10=20;20,21=21"
"[O-:21][C:20]1([H])C([H])C(C)C(C)C(CCC)[O:10]1>>[O-:10]C(CCC)C(C)C(C)C([H])[C:20]([H])=[O:21] 21=20;20,10=10"
"[H][NH+:21]=[C:20]2[O][CH](C)[CH](C)C(C8=CC=CC=C8)[NH]2.C9=CC=CC=C9[NH:10][H].[Cl-]>>[Cl-].C9=CC=CC=C9[NH+:10]([H])[C:20]1([NH:21][H])[O][CH](C)C(C)[CH](C8=CC=CC=C8)[NH]1 10=20;20,21=21"
"[H][NH:10]C(CC)C([H])C(C8=CC=CC=C8)[O][C:20]([O]C7=CC=CC=C7)=[NH+:21][H].[Cl-]>>[Cl-].[H][NH+:10](C(CC)C([H])C(C8=CC=CC=C8)[O]1)[C:20]1([NH:21][H])[O]C7=CC=CC=C7 10=20;20,21=21"
"[H][S+:10]([H])[C:20]1([O:21]C)[S][CH](CC)C([H])[CH]([H])[S]1.[Cl-]>>[Cl-].C[O+:21]=[C:20]2[S][CH](CC)[CH]([H])C([H])[S]2.[H][S:10][H] 21=20;20,10=10"
"[H][NH+:10](C(C)C([H])C(C8=CC=CC=C8)[NH]1)[C:20]1([NH:21]C)[NH]C7=CC=CC=C7.[Cl-]>>[Cl-].[H][NH:10]C(C)C([H])C(C8=CC=CC=C8)[NH][C:20]([NH]C7=CC=CC=C7)=[NH+:21]C 21=20;20,10=10"
"C9=CC=CC=C9[NH+:10]([H])[C:20]1([NH:21]CC)[O][CH](C7=CC=CC=C7)C(C)[CH](C8=CC=CC=C8)[NH]1.[Cl-]>>[Cl-].CC[NH+:21]=[C:20]2[O][CH](C7=CC=CC=C7)[CH](C)C(C8=CC=CC=C8)[NH]2.C9=CC=CC=C9[NH:10][H] 21=20;20,10=10"
"[H][NH:10]C(C)C([H])C(C8=CC=CC=C8)[NH][C:20]([O]C)=[NH+:21]C.[Cl-]>>[Cl-].[H][NH+:10](C(C)C([H])C(C8=CC=CC=C8)[NH]1)[C:20]1([NH:21]C)[O]C 10=20;20,21=21"
"[O:10]([K])C(C)C(O)C([C:20](C)=[O:21])[H]>>[O-:21][C:20]1(C)[O+:10]([K])C(C)C(O)C1[H] 10=20;20,21=21"
"[H][NH+:21]=[C:20]2[O][CH]([H])[CH]([H])C([H])[NH]2.C[NH:10][H].[Cl-]>>[Cl-].C[NH+:10]([H])[C:20]1([NH:21][H])[O][CH]([H])C([H])[CH]([H])[NH]1 10=20;20,21=21"
"CCC1C(C(O[C:20](N1C)([O-:10])[O:21]CCCCCC)C1=CC=CC=C1)CC>>CCC1C(C(O[C:20](=[O:10])N1C)C1=CC=CC=C1)CC.[O-:21]CCCCCC 10=20;20,21=21"
"C1(C(O[C:20]([O-:10])([O:21]C1C1=CC=CC=C1)OC1=CC=CC=C1)C)CCCCCC>>C(C([O-:21])C1=CC=CC=C1)(C(O[C:20](=[O:10])OC1=CC=CC=C1)C)CCCCCC 10=20;20,21=21"
"CC[S+:10]([H])[C:20]1([O:21]C)[S][CH]([H])C([H])[CH](CC)[O]1.[Cl-]>>[Cl-].C[O+:21]=[C:20]2[S][CH]([H])[CH]([H])C(CC)[O]2.CC[S:10][H] 21=20;20,10=10"
"[H][NH:10]C(C)C(C)[O][C:20]([O]C)=[NH+:21][H].[Cl-]>>[Cl-].[H][NH+:10](C(C)C(C)[O]1)[C:20]1([NH:21][H])[O]C 10=20;20,21=21"
"[H][O+:10](C(C)C([H])C(C8=CC=CC=C8)[O]1)[C:20]1([NH:21]CC)[O]CC.[Cl-]>>[Cl-].[H][O:10]C(C)C([H])C(C8=CC=CC=C8)[O][C:20]([O]CC)=[NH+:21]CC 21=20;20,10=10"
"[H][O+:10](C(C)C(C)C(C8=CC=CC=C8)[O]1)[C:20]1([NH:21]CC)[NH]C7=CC=CC=C7.[Cl-]>>[Cl-].[H][O:10]C(C)C(C)C(C8=CC=CC=C8)[O][C:20]([NH]C7=CC=CC=C7)=[NH+:21]CC 21=20;20,10=10"
"C[NH+:10]([H])[C:20]1([NH:21]CC)[NH][CH](C7=CC=CC=C7)C(C)[CH](C)[NH]1.[Cl-]>>[Cl-].CC[NH+:21]=[C:20]2[NH][CH](C7=CC=CC=C7)[CH](C)C(C)[NH]2.C[NH:10][H] 21=20;20,10=10"
"C[NH+:10]([H])[C:20]1([NH:21][H])[NH][CH](C)C([H])[CH]([H])[NH]1.[Cl-]>>[Cl-].[H][NH+:21]=[C:20]2[NH][CH](C)[CH]([H])C([H])[NH]2.C[NH:10][H] 21=20;20,10=10"
"C[NH+:21]=[C:20]2[NH]C(CC)C(C)[NH]2.[H][NH:10][H].[Cl-]>>[Cl-].[H][NH+:10]([H])[C:20]1([NH:21]C)[NH]C(CC)C(C)[NH]1 10=20;20,21=21"
"[H][O+:21]=[C:20]2[O][CH](CC)[CH](C)C(CC)[O]2.C9=CC=CC=C9[S:10][H].[Cl-]>>[Cl-].C9=CC=CC=C9[S+:10]([H])[C:20]1([O:21][H])[O][CH](CC)C(C)[CH](CC)[O]1 10=20;20,21=21"
"CCN([C:20](=[O:10])OC(C([O-:21])CC)C1=CC=CC=C1)C>>CCN([C:20]1(OC(C([O:21]1)CC)C1=CC=CC=C1)[O-:10])C 21=20;20,10=10"
"[H][S+:10](C(CC)C(C)C(CC)[S]1)[C:20]1([O:21][H])[S]C.[Cl-]>>[Cl-].[H][S:10]C(CC)C(C)C(CC)[S][C:20]([S]C)=[O+:21][H] 21=20;20,10=10"
"[O-:21][CH:20]2([H])C(C3=C(C([O:10]2)[H])C=CC=C3)[H]>>[O-:10]C(C1=C(C([CH:20]([H])=[O:21])[H])C=CC=C1)[H] 21=20;20,10=10"
"[H][O+:10]([H])[C:20]1([O:21][H])[S][CH](CC)C([H])[CH]([H])[S]1.[Cl-]>>[Cl-].[H][O+:21]=[C:20]2[S][CH](CC)[CH]([H])C([H])[S]2.[H][O:10][H] 21=20;20,10=10"
"[H][O:10]C(C9=CC=CC=C9)C([H])C([H])[S][C:20]([O]CC)=[O+:21][H].[Cl-]>>[Cl-].[H][O+:10](C(C9=CC=CC=C9)C([H])C([H])[S]1)[C:20]1([O:21][H])[O]CC 10=20;20,21=21"
"[NH:10]([H])C(CC)C([H])C(O)C(C)[C:20]([H])=[O:21]>>[O-:21][C:20]1([H])C(C)C(O)C([H])C(CC)[NH+:10]1([H]) 10=20;20,21=21"
"C[S+:10]([H])[C:20]1([O:21]C)[S][CH](CC)C(C)[CH](C8=CC=CC=C8)[S]1.[Cl-]>>[Cl-].C[O+:21]=[C:20]2[S][CH](CC)[CH](C)C(C8=CC=CC=C8)[S]2.C[S:10][H] 21=20;20,10=10"
"[H][NH+:10]([H])[C:20]1([NH:21][H])[NH][CH](CC)C(C)[CH](C8=CC=CC=C8)[NH]1.[Cl-]>>[Cl-].[H][NH+:21]=[C:20]2[NH][CH](CC)[CH](C)C(C8=CC=CC=C8)[NH]2.[H][NH:10][H] 21=20;20,10=10"
"[H][O+:10]([Li])[C:21]([O-:20])(OC)OC1=CC=CC=C1>>[O:20]=[C:21](OC)OC1=CC=CC=C1.[H][O:10][Li] 20=21;21,10=10"
"[H][NH:10][H].C[NH+:21]=[C:20]([NH]C)[O][H].[Cl-]>>[Cl-].[H][NH+:10]([H])[C:20]([NH:21]C)([NH]C)[O][H] 10=20;20,21=21"
"CCN([C:20]([O-:10])(OCC)[O:21]C1=CC=CC=C1)C>>CCN([C:20](=[O:10])OCC)C.[O-:21]C1=CC=CC=C1 10=20;20,21=21"
"CC[NH+:21]=[C:20]2[NH]C([H])C(C8=CC=CC=C8)[O]2.[H][O:10][H].[Cl-]>>[Cl-].[H][O+:10]([H])[C:20]1([NH:21]CC)[NH]C([H])C(C8=CC=CC=C8)[O]1 10=20;20,21=21"
"CCCCCCN([C:20]1(OC(C(C([O:21]1)CCCCCC)[H])CCCCCC)[O-:10])CC>>CCCCCCN([C:20](=[O:10])OC(C(C([O-:21])CCCCCC)[H])CCCCCC)CC 10=20;20,21=21"
"[O:10]([K])C(C)C([H])N([C:20](C)=[O:21])C>>[O-:21][C:20]1(C)[O+:10]([K])C(C)C([H])N1C 10=20;20,21=21"
"[O:10]([K])C(C)C(C)C(O)C(O)[C:20]([H])=[O:21]>>[O-:21][C:20]1([H])C(O)C(O)C(C)C(C)[O+:10]1([K]) 10=20;20,21=21"
"[H]N([C:20]1(OC(C(C([O:21]1)C1=CC=CC=C1)[H])CCCCCC)[O-:10])C1=CC=CC=C1>>[H]N([C:20](=[O:10])OC(C(C([O-:21])C1=CC=CC=C1)[H])CCCCCC)C1=CC=CC=C1 10=20;20,21=21"
"CC[NH+:21]=[C:20]2[O]C(CC)C(C8=CC=CC=C8)[O]2.CC[O:10][H].[Cl-]>>[Cl-].CC[O+:10]([H])[C:20]1([NH:21]CC)[O]C(CC)C(C8=CC=CC=C8)[O]1 10=20;20,21=21"
"[O:10]([Na])C(C)C(O)C([C:20](C)=[O:21])O>>[O-:21][C:20]1(C)[O+:10]([Na])C(C)C(O)C1O 10=20;20,21=21"
"[H][NH+:10](C(C)C([H])C(C)[NH]1)[C:20]1([NH:21][H])[O]C.[Cl-]>>[Cl-].[H][NH:10]C(C)C([H])C(C)[NH][C:20]([O]C)=[NH+:21][H] 21=20;20,10=10"
"[H][O+:10](C(CC)C(C8=CC=CC=C8)[NH]1)[C:20]1([NH:21]C6=CC=CC=C6)[NH]C7=CC=CC=C7.[Cl-]>>[Cl-].[H][O:10]C(CC)C(C8=CC=CC=C8)[NH][C:20]([NH]C7=CC=CC=C7)=[NH+:21]C6=CC=CC=C6 21=20;20,10=10"
"CC[S+:10]([H])[C:20]1([O:21][H])[S]C(C7=CC=CC=C7)C(CC)[S]1.[Cl-]>>[Cl-].[H][O+:21]=[C:20]2[S]C(C7=CC=CC=C7)C(CC)[S]2.CC[S:10][H] 21=20;20,10=10"
"C[NH+:21]=[C:20]2[NH]C(C7=CC=CC=C7)C(C)[O]2.C9=CC=CC=C9[NH:10][H].[Cl-]>>[Cl-].C9=CC=CC=C9[NH+:10]([H])[C:20]1([NH:21]C)[NH]C(C7=CC=CC=C7)C(C)[O]1 10=20;20,21=21"
"C[NH+:10]([H])[C:20]1([NH:21][H])[O][CH](C7=CC=CC=C7)C(C)[CH](C)[NH]1.[Cl-]>>[Cl-].[H][NH+:21]=[C:20]2[O][CH](C7=CC=CC=C7)[CH](C)C(C)[NH]2.C[NH:10][H] 21=20;20,10=10"
"[OH:10]C([H])/C(O)=C([C:20](OC)=[OH+:21])/O>>[OH:21][C:20]1(OC)[OH+:10]C([H])C(O)=C1O 10=20;20,21=21"
"[O:10]([K])C(C)C([H])C([C:20](OCC)=[O:21])C>>[O-:21][C:20]1(OCC)[O+:10]([K])C(C)C([H])C1C 10=20;20,21=21"
"[H][NH:10]C([H])C([H])C(C8=CC=CC=C8)[O][C:20]([O]C)=[NH+:21][H].[Cl-]>>[Cl-].[H][NH+:10](C([H])C([H])C(C8=CC=CC=C8)[O]1)[C:20]1([NH:21][H])[O]C 10=20;20,21=21"
"[H][NH:10]C(C)C([H])C(CC)[O][C:20]([O][H])=[NH+:21]CC.[Cl-]>>[Cl-].[H][NH+:10](C(C)C([H])C(CC)[O]1)[C:20]1([NH:21]CC)[O][H] 10=20;20,21=21"
"[H][O+:10](C(CC)C([H])C(CC)[NH]1)[C:20]1([NH:21][H])[O]C7=CC=CC=C7.[Cl-]>>[Cl-].[H][O:10]C(CC)C([H])C(CC)[NH][C:20]([O]C7=CC=CC=C7)=[NH+:21][H] 21=20;20,10=10"
"[O-:21][C:20]1(OC)C(O)C([H])C([H])C(C)[O+:10]1([Na])>>[O:10]([Na])C(C)C([H])C([H])C(O)[C:20](OC)=[O:21] 21=20;20,10=10"
"[H][S+:10](C([H])C(C8=CC=CC=C8)[S]1)[C:20]1([O:21][Si](C)(C)(C))[S]C.[Cl-]>>[Cl-].[H][S:10]C([H])C(C8=CC=CC=C8)[S][C:20]([S]C)=[O+:21][Si](C)(C)(C) 21=20;20,10=10"
"[H][NH+:10](C(CC)C(C)C(C8=CC=CC=C8)[O]1)[C:20]1([NH:21]CC)[NH]C.[Cl-]>>[Cl-].[H][NH:10]C(CC)C(C)C(C8=CC=CC=C8)[O][C:20]([NH]C)=[NH+:21]CC 21=20;20,10=10"
"[H][O+:10](C([H])C([H])C(C8=CC=CC=C8)[O]1)[C:20]1([O:21][H])[S]C7=CC=CC=C7.[Cl-]>>[Cl-].[H][O:10]C([H])C([H])C(C8=CC=CC=C8)[O][C:20]([S]C7=CC=CC=C7)=[O+:21][H] 21=20;20,10=10"
"C[O+:10]([H])[C:20]([O:21]C)([O]C8=CC=CC=C8)[O]C7=CC=CC=C7.[Cl-]>>[Cl-].C[O:10][H].C[O+:21]=[C:20]([O]C8=CC=CC=C8)[O]C7=CC=CC=C7 21=20;20,10=10"
"[O:10]([Na])C(CCC)/C(O)=C([C:20](OC)=[O:21])/O>>[O-:21][C:20]1(OC)[O+:10]([Na])C(CCC)C(O)=C1O 10=20;20,21=21"
"[H][NH:10]C(C9=CC=CC=C9)C([H])C(CC)[O][C:20]([O]CC)=[NH+:21]C6=CC=CC=C6.[Cl-]>>[Cl-].[H][NH+:10](C(C9=CC=CC=C9)C([H])C(CC)[O]1)[C:20]1([NH:21]C6=CC=CC=C6)[O]CC 10=20;20,21=21"
"[H][NH:10]C.C1CC(=O)N(C1=O)O[C:20](=[O:21])OCC>>[H][NH+:10]([C:20]([O-:21])(ON1C(=O)CCC1=O)OCC)C 10=20;20,21=21"
"[K][O+:21]([C:20]([O-:10])(OC)OC)CCCCCC>>[K][O:21]CCCCCC.[C:20](=[O:10])(OC)OC 10=20;20,21=21"
"C[O+:21]=[C:20]2[O]C(C)C([H])[S]2.[H][O:10][H].[Cl-]>>[Cl-].[H][O+:10]([H])[C:20]1([O:21]C)[O]C(C)C([H])[S]1 10=20;20,21=21"
"[Si](C)(C)(C)[O+:21]=[C:20]2[S]C(C7=CC=CC=C7)C([H])[S]2.C[S:10][H].[Cl-]>>[Cl-].C[S+:10]([H])[C:20]1([O:21][Si](C)(C)(C))[S]C(C7=CC=CC=C7)C([H])[S]1 10=20;20,21=21"
"[H][NH+:10](C(C)C(CC)[NH]1)[C:20]1([NH:21]CC)[NH]C.[Cl-]>>[Cl-].[H][NH:10]C(C)C(CC)[NH][C:20]([NH]C)=[NH+:21]CC 21=20;20,10=10"
"CN([C:20](=[O:10])OC(C([O-:21])C1=CC=CC=C1)C)[H]>>CN([C:20]1(OC(C([O:21]1)C1=CC=CC=C1)C)[O-:10])[H] 21=20;20,10=10"
"CCN([C:20](=[O:10])OC(C([O-:21])C)C)[H]>>CCN([C:20]1(OC(C([O:21]1)C)C)[O-:10])[H] 21=20;20,10=10"
"[H][NH+:10](C([H])C(C)C(C8=CC=CC=C8)[O]1)[C:20]1([NH:21]C)[O][H].[Cl-]>>[Cl-].[H][NH:10]C([H])C(C)C(C8=CC=CC=C8)[O][C:20]([O][H])=[NH+:21]C 21=20;20,10=10"
"[H][NH+:10](C([H])C(C)C([H])[O]1)[C:20]1([NH:21]CC)[NH]C.[Cl-]>>[Cl-].[H][NH:10]C([H])C(C)C([H])[O][C:20]([NH]C)=[NH+:21]CC 21=20;20,10=10"
"[NH:10]([H])C(C)C(C)C(C)C(C)[C:20](OC)=[O:21]>>[O-:21][C:20]1(OC)C(C)C(C)C(C)C(C)[NH+:10]1([H]) 10=20;20,21=21"
"[OH:21][C:20]1(OCC)[OH+:10]C(CCC)C(C)=C1C>>[OH:10]C(CCC)/C(C)=C([C:20](OCC)=[OH+:21])/C 21=20;20,10=10"
"C1=CC=CC=C1C1C(O[C:20](N1[H])([O-:10])[O:21][H])C>>C1=CC=CC=C1C1C(O[C:20](=[O:10])N1[H])C.[O-:21][H] 10=20;20,21=21"
"[H][NH:10]C([H])C([H])C(C)[NH][C:20]([O][H])=[NH+:21]C6=CC=CC=C6.[Cl-]>>[Cl-].[H][NH+:10](C([H])C([H])C(C)[NH]1)[C:20]1([NH:21]C6=CC=CC=C6)[O][H] 10=20;20,21=21"
"[H][S+:10]([H])[C:20]([O:21][H])([S]CC)[S]C.[Cl-]>>[Cl-].[H][S:10][H].[H][O+:21]=[C:20]([S]CC)[S]C 21=20;20,10=10"
"[OH:10]C(C)/C(C)=C([C:20](C)=[OH+:21])/[H]>>[OH:21][C:20]1(C)[OH+:10]C(C)C(C)=C1[H] 10=20;20,21=21"
"C[O+:10]([H])[C:20]1([NH:21]CC)[O][CH]([H])C(C)[CH](C8=CC=CC=C8)[O]1.[Cl-]>>[Cl-].CC[NH+:21]=[C:20]2[O][CH]([H])[CH](C)C(C8=CC=CC=C8)[O]2.C[O:10][H] 21=20;20,10=10"
"CCN([C:20]1(OC(C(C([O:21]1)CCCCCC)C)CC)[O-:10])C>>CCN([C:20](=[O:10])OC(C(C([O-:21])CCCCCC)C)CC)C 10=20;20,21=21"
"[O-:21][C:20]1([H])C(C)C(O)C(C)C([H])[NH+:10]1(C)>>[NH:10](C)C([H])C(C)C(O)C(C)[C:20]([H])=[O:21] 21=20;20,10=10"
"C[O+:10]([H])[C:20]1([O:21]C)[S][CH]([H])C([H])[CH](C)[O]1.[Cl-]>>[Cl-].C[O+:21]=[C:20]2[S][CH]([H])[CH]([H])C(C)[O]2.C[O:10][H] 21=20;20,10=10"
"C[S+:10]([H])[C:20]1([O:21][H])[O]C(C)C(C8=CC=CC=C8)[O]1.[Cl-]>>[Cl-].[H][O+:21]=[C:20]2[O]C(C)C(C8=CC=CC=C8)[O]2.C[S:10][H] 21=20;20,10=10"
"[H][O+:10](C(CC)C(C)[S]1)[C:20]1([O:21]C)[O]C.[Cl-]>>[Cl-].[H][O:10]C(CC)C(C)[S][C:20]([O]C)=[O+:21]C 21=20;20,10=10"
"CCN([C:20](=[O:10])OC(C(C([O-:21])[H])[H])[H])C>>CCN([C:20]1(OC(C(C([O:21]1)[H])[H])[H])[O-:10])C 21=20;20,10=10"
"C(C([O-:21])[H])(C(O[C:20](=[O:10])OC1=CC=CC=C1)CC)CCCCCC>>C1(C(O[C:20]([O-:10])([O:21]C1[H])OC1=CC=CC=C1)CC)CCCCCC 21=20;20,10=10"
"[H]C1C(C(O[C:20](=[O:10])N1CCCCCC)C)C.[O-:21][H]>>[H]C1C(C(O[C:20](N1CCCCCC)([O-:10])[O:21][H])C)C 21=20;20,10=10"
"C9=CC=CC=C9[O+:10]([H])[C:20]1([NH:21]C6=CC=CC=C6)[O][CH]([H])C([H])[CH](CC)[NH]1.[Cl-]>>[Cl-].C6=CC=CC=C6[NH+:21]=[C:20]2[O][CH]([H])[CH]([H])C(CC)[NH]2.C9=CC=CC=C9[O:10][H] 21=20;20,10=10"
"[H][O+:21]=[C:20]2[S][CH](C)[CH](C)C(CC)[O]2.C[S:10][H].[Cl-]>>[Cl-].C[S+:10]([H])[C:20]1([O:21][H])[S][CH](C)C(C)[CH](CC)[O]1 10=20;20,21=21"
"[H][O+:10](C(CC)C(C8=CC=CC=C8)[O]1)[C:20]1([NH:21]C6=CC=CC=C6)[NH]C.[Cl-]>>[Cl-].[H][O:10]C(CC)C(C8=CC=CC=C8)[O][C:20]([NH]C)=[NH+:21]C6=CC=CC=C6 21=20;20,10=10"
"CCCCCCC1C(C(O[C:20](N1CC)([O-:10])[O:21]C)CC)[H]>>CCCCCCC1C(C(O[C:20](=[O:10])N1CC)CC)[H].[O-:21]C 10=20;20,21=21"
"CCC1C(C(O[C:20](N1C)([O-:10])[O:21]CCCCCC)CC)CC>>CCC1C(C(O[C:20](=[O:10])N1C)CC)CC.[O-:21]CCCCCC 10=20;20,21=21"
"[H]C1C(C(O[C:20](N1C)([O-:10])[O:21]CCCCCC)CC)CCCCCC>>[H]C1C(C(O[C:20](=[O:10])N1C)CC)CCCCCC.[O-:21]CCCCCC 10=20;20,21=21"
"[H][O:10]C(C9=CC=CC=C9)C([H])C([H])[O][C:20]([O]C7=CC=CC=C7)=[NH+:21][H].[Cl-]>>[Cl-].[H][O+:10](C(C9=CC=CC=C9)C([H])C([H])[O]1)[C:20]1([NH:21][H])[O]C7=CC=CC=C7 10=20;20,21=21"
"CC1C(O[C:20](=[O:10])N1CCCCCC)CCCCCC.[O-:21]CC>>CC1C(O[C:20](N1CCCCCC)([O-:10])[O:21]CC)CCCCCC 21=20;20,10=10"
"C[S:10][H].[Si](C)(C)(C)[O+:21]=[C:20]([S]C)[S][H].[Cl-]>>[Cl-].C[S+:10]([H])[C:20]([O:21][Si](C)(C)(C))([S]C)[S][H] 10=20;20,21=21"
"C[O+:21]=[C:20]2[O][CH](C7=CC=CC=C7)[CH]([H])C(C8=CC=CC=C8)[O]2.[H][O:10][H].[Cl-]>>[Cl-].[H][O+:10]([H])[C:20]1([O:21]C)[O][CH](C7=CC=CC=C7)C([H])[CH](C8=CC=CC=C8)[O]1 10=20;20,21=21"
"C[NH+:21]=[C:20]2[O]C(CC)C(C8=CC=CC=C8)[NH]2.[H][NH:10][H].[Cl-]>>[Cl-].[H][NH+:10]([H])[C:20]1([NH:21]C)[O]C(CC)C(C8=CC=CC=C8)[NH]1 10=20;20,21=21"
"C9=CC=CC=C9[S+:10]([H])[C:20]([O:21][H])([O]C)[S]C.[Cl-]>>[Cl-].C9=CC=CC=C9[S:10][H].[H][O+:21]=[C:20]([O]C)[S]C 21=20;20,10=10"
"[H][NH+:10](C(C9=CC=CC=C9)C(C)C(C8=CC=CC=C8)[NH]1)[C:20]1([NH:21]C)[NH]CC.[Cl-]>>[Cl-].[H][NH:10]C(C9=CC=CC=C9)C(C)C(C8=CC=CC=C8)[NH][C:20]([NH]CC)=[NH+:21]C 21=20;20,10=10"
"C[O:10][H].CC[NH+:21]=[C:20]([O][H])[O][H].[Cl-]>>[Cl-].C[O+:10]([H])[C:20]([NH:21]CC)([O][H])[O][H] 10=20;20,21=21"
"C[O+:10]([H])[C:20]([NH:21][H])([NH]C8=CC=CC=C8)[NH]C7=CC=CC=C7.[Cl-]>>[Cl-].C[O:10][H].[H][NH+:21]=[C:20]([NH]C8=CC=CC=C8)[NH]C7=CC=CC=C7 21=20;20,10=10"
"C[O+:10]([H])[C:20]([NH:21]C)([NH]CC)[O][H].[Cl-]>>[Cl-].C[O:10][H].C[NH+:21]=[C:20]([NH]CC)[O][H] 21=20;20,10=10"
"C9=CC=CC=C9[S+:10]([H])[C:20]1([O:21]C)[O][CH](C)C(C)[CH](C8=CC=CC=C8)[S]1.[Cl-]>>[Cl-].C[O+:21]=[C:20]2[O][CH](C)[CH](C)C(C8=CC=CC=C8)[S]2.C9=CC=CC=C9[S:10][H] 21=20;20,10=10"
"[O-:21][C:20]1(OC)[O+:10]([K])C(CC)C(C)=C1C>>[O:10]([K])C(CC)/C(C)=C([C:20](OC)=[O:21])/C 21=20;20,10=10"
"[H][S+:10](C(C9=CC=CC=C9)C([H])[O]1)[C:20]1([O:21][Si](C)(C)(C))[S]CC.[Cl-]>>[Cl-].[H][S:10]C(C9=CC=CC=C9)C([H])[O][C:20]([S]CC)=[O+:21][Si](C)(C)(C) 21=20;20,10=10"
"[NH:10]([H])C(C)/C(C)=C([H])\C([H])[C:20](C)=[O:21]>>[O-:21][C:20]1(C)C([H])C([H])=C(C)C(C)[NH+:10]1([H]) 10=20;20,21=21"
"[NH:10]([H])C([H])C(C)/C(C)=C([H])\[C:20](OCC)=[O:21]>>[O-:21][C:20]1(OCC)C([H])=C(C)C(C)C([H])[NH+:10]1([H]) 10=20;20,21=21"
"[H][NH+:10]([H])[C:20]1([NH:21]CC)[O][CH](CC)C(C)[CH](C)[NH]1.[Cl-]>>[Cl-].CC[NH+:21]=[C:20]2[O][CH](CC)[CH](C)C(C)[NH]2.[H][NH:10][H] 21=20;20,10=10"
"CC[O+:10]([H])[C:20]([O:21][H])([S]C)[O]C.[Cl-]>>[Cl-].CC[O:10][H].[H][O+:21]=[C:20]([S]C)[O]C 21=20;20,10=10"
"CN([C:20](=[O:10])OC(C(C([O-:21])C1=CC=CC=C1)C)CCCCCC)CC>>CN([C:20]1(OC(C(C([O:21]1)C1=CC=CC=C1)C)CCCCCC)[O-:10])CC 21=20;20,10=10"
"[H][NH:10]C(C)C(C)C(C8=CC=CC=C8)[NH][C:20]([NH]C)=[NH+:21]CC.[Cl-]>>[Cl-].[H][NH+:10](C(C)C(C)C(C8=CC=CC=C8)[NH]1)[C:20]1([NH:21]CC)[NH]C 10=20;20,21=21"
"C[O+:21]=[C:20]2[O]C(C)C(C)[S]2.CC[O:10][H].[Cl-]>>[Cl-].CC[O+:10]([H])[C:20]1([O:21]C)[O]C(C)C(C)[S]1 10=20;20,21=21"
"[Si](C)(C)(C)[O+:21]=[C:20]2[O]C(C)C(CC)[S]2.C[O:10][H].[Cl-]>>[Cl-].C[O+:10]([H])[C:20]1([O:21][Si](C)(C)(C))[O]C(C)C(CC)[S]1 10=20;20,21=21"
"[H][O:10]C(C9=CC=CC=C9)C(CC)[S][C:20]([S][H])=[O+:21][Si](C)(C)(C).[Cl-]>>[Cl-].[H][O+:10](C(C9=CC=CC=C9)C(CC)[S]1)[C:20]1([O:21][Si](C)(C)(C))[S][H] 10=20;20,21=21"
"C[NH+:21]=[C:20]2[O][CH]([H])[CH]([H])C(C)[NH]2.C9=CC=CC=C9[NH:10][H].[Cl-]>>[Cl-].C9=CC=CC=C9[NH+:10]([H])[C:20]1([NH:21]C)[O][CH]([H])C([H])[CH](C)[NH]1 10=20;20,21=21"
"[H][NH+:21]=[C:20]2[O][CH]([H])[CH](C)C([H])[O]2.CC[NH:10][H].[Cl-]>>[Cl-].CC[NH+:10]([H])[C:20]1([NH:21][H])[O][CH]([H])C(C)[CH]([H])[O]1 10=20;20,21=21"
"C[O+:21]=[C:20]2[S]C(CC)C(C)[S]2.C[S:10][H].[Cl-]>>[Cl-].C[S+:10]([H])[C:20]1([O:21]C)[S]C(CC)C(C)[S]1 10=20;20,21=21"
"[O-:21][C:20]1(C)C(C)=C(C)C(C)C(CCC)[O+:10]1([K])>>[O:10]([K])C(CCC)C(C)/C(C)=C(C)\[C:20](C)=[O:21] 21=20;20,10=10"
"[O-:21][C:20]1([H])[O+:10]([Na])C(C)C(O)C1C>>[O:10]([Na])C(C)C(O)C([C:20]([H])=[O:21])C 21=20;20,10=10"
"CCCCCCN([C:20](=[O:10])OCCCCCC)C.[O-:21]C1=CC=CC=C1>>CCCCCCN([C:20]([O-:10])(OCCCCCC)[O:21]C1=CC=CC=C1)C 21=20;20,10=10"
"C1=CC=CC=C1N([C:20]1(OC(C(C([O:21]1)C1=CC=CC=C1)[H])CCCCCC)[O-:10])CC>>C1=CC=CC=C1N([C:20](=[O:10])OC(C(C([O-:21])C1=CC=CC=C1)[H])CCCCCC)CC 10=20;20,21=21"
"CC[NH+:10]([H])[C:20]1([NH:21][H])[NH][CH]([H])C([H])[CH]([H])[O]1.[Cl-]>>[Cl-].[H][NH+:21]=[C:20]2[NH][CH]([H])[CH]([H])C([H])[O]2.CC[NH:10][H] 21=20;20,10=10"
"C[NH+:10]([H])[C:20]([NH:21]C6=CC=CC=C6)([NH][H])[O]C.[Cl-]>>[Cl-].C[NH:10][H].C6=CC=CC=C6[NH+:21]=[C:20]([NH][H])[O]C 21=20;20,10=10"
"[H][NH+:10](C(C9=CC=CC=C9)C(C)C([H])[O]1)[C:20]1([NH:21][H])[NH]CC.[Cl-]>>[Cl-].[H][NH:10]C(C9=CC=CC=C9)C(C)C([H])[O][C:20]([NH]CC)=[NH+:21][H] 21=20;20,10=10"
"[O-:21][C:20]1(OCC)[NH+:10]([H])C([H])C([H])C1[H]>>[NH:10]([H])C([H])C([H])C([C:20](OCC)=[O:21])[H] 21=20;20,10=10"
"CCC1C(C(O[C:20](N1C1=CC=CC=C1)([O-:10])[O:21][H])CCCCCC)CC>>CCC1C(C(O[C:20](=[O:10])N1C1=CC=CC=C1)CCCCCC)CC.[O-:21][H] 10=20;20,21=21"
"[O:10]([K])C(CC)/C(O)=C([C:20]([H])=[O:21])/[H]>>[O-:21][C:20]1([H])[O+:10]([K])C(CC)C(O)=C1[H] 10=20;20,21=21"
"[H]C1C(O[C:20](=[O:10])N1[H])CCCCCC.[O-:21]CCCCCC>>[H]C1C(O[C:20](N1[H])([O-:10])[O:21]CCCCCC)CCCCCC 21=20;20,10=10"
"CC[NH+:21]=[C:20]2[NH]C(CC)C(C)[O]2.CC[O:10][H].[Cl-]>>[Cl-].CC[O+:10]([H])[C:20]1([NH:21]CC)[NH]C(CC)C(C)[O]1 10=20;20,21=21"
"CN([C:20]1(OC(C([O:21]1)C)CCCCCC)[O-:10])CC>>CN([C:20](=[O:10])OC(C([O-:21])C)CCCCCC)CC 10=20;20,21=21"
"[H][O+:10](C(C9=CC=CC=C9)C([H])C(C8=CC=CC=C8)[NH]1)[C:20]1([NH:21]CC)[O]C.[Cl-]>>[Cl-].[H][O:10]C(C9=CC=CC=C9)C([H])C(C8=CC=CC=C8)[NH][C:20]([O]C)=[NH+:21]CC 21=20;20,10=10"
"C1=CC=CC=C1N([C:20]1(OC(C([O:21]1)C)C)[O-:10])CC>>C1=CC=CC=C1N([C:20](=[O:10])OC(C([O-:21])C)C)CC 10=20;20,21=21"
"CCC1C(C(O[C:20](N1CCCCCC)([O-:10])[O:21][H])CCCCCC)CC>>CCC1C(C(O[C:20](=[O:10])N1CCCCCC)CCCCCC)CC.[O-:21][H] 10=20;20,21=21"
"[Na][O+:21]([C:20]([O-:10])(OCCCCCC)OCC)CCCCCC>>[Na][O:21]CCCCCC.[C:20](=[O:10])(OCCCCCC)OCC 10=20;20,21=21"
"C9=CC=CC=C9[O+:10]([H])[C:20]1([NH:21]CC)[NH][CH]([H])C([H])[CH](C8=CC=CC=C8)[O]1.[Cl-]>>[Cl-].CC[NH+:21]=[C:20]2[NH][CH]([H])[CH]([H])C(C8=CC=CC=C8)[O]2.C9=CC=CC=C9[O:10][H] 21=20;20,10=10"
"[Na][O+:21]([C:20]([O-:10])(O[H])OCCCCCC)CC>>[Na][O:21]CC.[C:20](=[O:10])(O[H])OCCCCCC 10=20;20,21=21"
"C[O+:10]([H])[C:20]1([NH:21]C)[O][CH](CC)C([H])[CH](CC)[O]1.[Cl-]>>[Cl-].C[NH+:21]=[C:20]2[O][CH](CC)[CH]([H])C(CC)[O]2.C[O:10][H] 21=20;20,10=10"
"[H][O+:21]=[C:20]2[O][CH](C)[CH]([H])C(C)[O]2.C9=CC=CC=C9[O:10][H].[Cl-]>>[Cl-].C9=CC=CC=C9[O+:10]([H])[C:20]1([O:21][H])[O][CH](C)C([H])[CH](C)[O]1 10=20;20,21=21"
"C9=CC=CC=C9[S+:10]([H])[C:20]1([O:21][H])[O]C([H])C(C8=CC=CC=C8)[S]1.[Cl-]>>[Cl-].[H][O+:21]=[C:20]2[O]C([H])C(C8=CC=CC=C8)[S]2.C9=CC=CC=C9[S:10][H] 21=20;20,10=10"
"[Si](C)(C)(C)[O+:21]=[C:20]2[O]C(C7=CC=CC=C7)C(C)[S]2.C[O:10][H].[Cl-]>>[Cl-].C[O+:10]([H])[C:20]1([O:21][Si](C)(C)(C))[O]C(C7=CC=CC=C7)C(C)[S]1 10=20;20,21=21"
"[H]C1C(C(O[C:20](N1C1=CC=CC=C1)([O-:10])[O:21]CCCCCC)C)C>>[H]C1C(C(O[C:20](=[O:10])N1C1=CC=CC=C1)C)C.[O-:21]CCCCCC 10=20;20,21=21"
"CN([C:20]([O-:10])([O:21]N1C(=O)CCC1=O)OCCCCCC)C>>CN([C:20](=[O:10])OCCCCCC)C.C1CC(=O)N(C1=O)[O-:21] 10=20;20,21=21"
"CCCCCCC1C(C(O[C:20](N1C)([O-:10])[O:21][H])C)CC>>CCCCCCC1C(C(O[C:20](=[O:10])N1C)C)CC.[O-:21][H] 10=20;20,21=21"
"CN([C:20]1(OC(C([O:21]1)[H])C1=CC=CC=C1)[O-:10])[H]>>CN([C:20](=[O:10])OC(C([O-:21])[H])C1=CC=CC=C1)[H] 10=20;20,21=21"
"[H][NH:10]C(C9=CC=CC=C9)C(C)C(C)[NH][C:20]([O]C)=[NH+:21]CC.[Cl-]>>[Cl-].[H][NH+:10](C(C9=CC=CC=C9)C(C)C(C)[NH]1)[C:20]1([NH:21]CC)[O]C 10=20;20,21=21"
"C(C([O-:21])CCCCCC)(C(O[C:20](=[O:10])OCCCCCC)C1=CC=CC=C1)CC>>C1(C(O[C:20]([O-:10])([O:21]C1CCCCCC)OCCCCCC)C1=CC=CC=C1)CC 21=20;20,10=10"
"CCCCCCC1C(C(O[C:20](=[O:10])N1[H])C)C.[O-:21]CCCCCC>>CCCCCCC1C(C(O[C:20](N1[H])([O-:10])[O:21]CCCCCC)C)C 21=20;20,10=10"
"CCCCCCN([C:20](=[O:10])OC(C(C([O-:21])C1=CC=CC=C1)CC)C)CCCCCC>>CCCCCCN([C:20]1(OC(C(C([O:21]1)C1=CC=CC=C1)CC)C)[O-:10])CCCCCC 21=20;20,10=10"
"CCCCCCC1C(C(O[C:20](=[O:10])N1CC)C)C.[O-:21]CC>>CCCCCCC1C(C(O[C:20](N1CC)([O-:10])[O:21]CC)C)C 21=20;20,10=10"
"[OH:21][C:20]1(C)C([H])C([H])C(C)C([H])[OH+:10]1>>[OH:10]C([H])C(C)C([H])C([H])[C:20](C)=[OH+:21] 21=20;20,10=10"
"[H][NH+:21]=[C:20]2[O][CH](C)[CH]([H])C(CC)[O]2.C[O:10][H].[Cl-]>>[Cl-].C[O+:10]([H])[C:20]1([NH:21][H])[O][CH](C)C([H])[CH](CC)[O]1 10=20;20,21=21"
"[H][NH+:10](C([H])C(CC)[NH]1)[C:20]1([NH:21][H])[O]C7=CC=CC=C7.[Cl-]>>[Cl-].[H][NH:10]C([H])C(CC)[NH][C:20]([O]C7=CC=CC=C7)=[NH+:21][H] 21=20;20,10=10"
"[H][NH+:21]=[C:20]2[NH][CH]([H])[CH]([H])C([H])[O]2.CC[NH:10][H].[Cl-]>>[Cl-].CC[NH+:10]([H])[C:20]1([NH:21][H])[NH][CH]([H])C([H])[CH]([H])[O]1 10=20;20,21=21"
"[H][O+:10]([H])[C:20]([NH:21]C)([O]CC)[O][H].[Cl-]>>[Cl-].[H][O:10][H].C[NH+:21]=[C:20]([O]CC)[O][H] 21=20;20,10=10"
"[H][O+:10]([H])[C:20]1([NH:21]C)[O][CH](C)C(C)[CH]([H])[O]1.[Cl-]>>[Cl-].C[NH+:21]=[C:20]2[O][CH](C)[CH](C)C([H])[O]2.[H][O:10][H] 21=20;20,10=10"
"[H][O:10]C(CC)C(C8=CC=CC=C8)[O][C:20]([S]C)=[O+:21][H].[Cl-]>>[Cl-].[H][O+:10](C(CC)C(C8=CC=CC=C8)[O]1)[C:20]1([O:21][H])[S]C 10=20;20,21=21"
"CCC1C(C(O[C:20](N1[H])([O-:10])[Cl:21])C)CCCCCC>>CCC1C(C(O[C:20](=[O:10])N1[H])C)CCCCCC.[Cl-:21] 10=20;20,21=21"
"[H][NH+:21]=[C:20]2[O][CH](CC)[CH]([H])C(C)[NH]2.CC[NH:10][H].[Cl-]>>[Cl-].CC[NH+:10]([H])[C:20]1([NH:21][H])[O][CH](CC)C([H])[CH](C)[NH]1 10=20;20,21=21"
"C9=CC=CC=C9[NH+:10]([H])[C:20]([NH:21][H])([NH]CC)[NH]C7=CC=CC=C7.[Cl-]>>[Cl-].C9=CC=CC=C9[NH:10][H].[H][NH+:21]=[C:20]([NH]CC)[NH]C7=CC=CC=C7 21=20;20,10=10"
"C1=CC=CC=C1[O:10][C:20]([O-:21])(OC)OC>>[O:21]=[C:20](OC)OC.[O-:10]C1=CC=CC=C1 21=20;20,10=10"
"C(C([O-:21])C)(C(O[C:20](=[O:10])OC1=CC=CC=C1)C1=CC=CC=C1)[H]>>C1(C(O[C:20]([O-:10])([O:21]C1C)OC1=CC=CC=C1)C1=CC=CC=C1)[H] 21=20;20,10=10"
"[H][O+:10](C(C)C(C)C(CC)[O]1)[C:20]1([O:21]C)[S]C.[Cl-]>>[Cl-].[H][O:10]C(C)C(C)C(CC)[O][C:20]([S]C)=[O+:21]C 21=20;20,10=10"
"CC[NH+:10]([H])[C:20]([NH:21]C)([NH]CC)[NH]C.[Cl-]>>[Cl-].CC[NH:10][H].C[NH+:21]=[C:20]([NH]CC)[NH]C 21=20;20,10=10"
"CN([C:20](=[O:10])O[H])[H].[O-:21][H]>>CN([C:20]([O-:10])(O[H])[O:21][H])[H] 21=20;20,10=10"
"C[O+:10]([H])[C:20]1([NH:21]C6=CC=CC=C6)[O]C(CC)C([H])[O]1.[Cl-]>>[Cl-].C6=CC=CC=C6[NH+:21]=[C:20]2[O]C(CC)C([H])[O]2.C[O:10][H] 21=20;20,10=10"
"CN([C:20]1(OC(C(C([O:21]1)CC)CCCCCC)CC)[O-:10])C1=CC=CC=C1>>CN([C:20](=[O:10])OC(C(C([O-:21])CC)CCCCCC)CC)C1=CC=CC=C1 10=20;20,21=21"
"CC[NH+:10]([H])[C:20]1([NH:21]CC)[NH][CH](C7=CC=CC=C7)C([H])[CH](C)[O]1.[Cl-]>>[Cl-].CC[NH+:21]=[C:20]2[NH][CH](C7=CC=CC=C7)[CH]([H])C(C)[O]2.CC[NH:10][H] 21=20;20,10=10"
"C1=CC=CC=C1C1C(C(O[C:20](N1[H])([O-:10])[O:21]C1=CC=CC=C1)C1=CC=CC=C1)[H]>>C1=CC=CC=C1C1C(C(O[C:20](=[O:10])N1[H])C1=CC=CC=C1)[H].[O-:21]C1=CC=CC=C1 10=20;20,21=21"
"[NH:10](C)C(C)C([H])C([H])C([H])[C:20](C)=[O:21]>>[O-:21][C:20]1(C)C([H])C([H])C([H])C(C)[NH+:10]1(C) 10=20;20,21=21"
"CC[O+:10]([H])[C:20]1([O:21][H])[O][CH](C7=CC=CC=C7)C(C)[CH]([H])[O]1.[Cl-]>>[Cl-].[H][O+:21]=[C:20]2[O][CH](C7=CC=CC=C7)[CH](C)C([H])[O]2.CC[O:10][H] 21=20;20,10=10"
"CCN([C:20](=[O:10])OC(C([O-:21])C)C1=CC=CC=C1)CCCCCC>>CCN([C:20]1(OC(C([O:21]1)C)C1=CC=CC=C1)[O-:10])CCCCCC 21=20;20,10=10"
"[H][O+:10]([H])[C:20]([NH:21][H])([NH]C8=CC=CC=C8)[O]C.[Cl-]>>[Cl-].[H][O:10][H].[H][NH+:21]=[C:20]([NH]C8=CC=CC=C8)[O]C 21=20;20,10=10"
"CCCCCCC1C(O[C:20](N1CC)([O-:10])[Cl:21])C>>CCCCCCC1C(O[C:20](=[O:10])N1CC)C.[Cl-:21] 10=20;20,21=21"
"C1=CC=CC=C1C1C(C(O[C:20](N1C)([O-:10])[O:21][H])C)[H]>>C1=CC=CC=C1C1C(C(O[C:20](=[O:10])N1C)C)[H].[O-:21][H] 10=20;20,21=21"
"CCCCCCN([C:20](=[O:10])OC(C(C([O-:21])C1=CC=CC=C1)[H])CCCCCC)CCCCCC>>CCCCCCN([C:20]1(OC(C(C([O:21]1)C1=CC=CC=C1)[H])CCCCCC)[O-:10])CCCCCC 21=20;20,10=10"
"[NH:10](C)C(C)C(C)C(O)C(O)[C:20](C)=[O:21]>>[O-:21][C:20]1(C)C(O)C(O)C(C)C(C)[NH+:10]1(C) 10=20;20,21=21"
"[H]N([C:20]1(OC(C(C([O:21]1)CC)[H])[H])[O-:10])CC>>[H]N([C:20](=[O:10])OC(C(C([O-:21])CC)[H])[H])CC 10=20;20,21=21"
"[O-:21][C:20]1(OC)C([H])C([H])C(O)C([H])[NH+:10]1(C)>>[NH:10](C)C([H])C(O)C([H])C([H])[C:20](OC)=[O:21] 21=20;20,10=10"
"C[NH:10][H].C[NH+:21]=[C:20]([O]C8=CC=CC=C8)[O]C7=CC=CC=C7.[Cl-]>>[Cl-].C[NH+:10]([H])[C:20]([NH:21]C)([O]C8=CC=CC=C8)[O]C7=CC=CC=C7 10=20;20,21=21"
"C6=CC=CC=C6[NH+:21]=[C:20]2[NH][CH](C)[CH](C)C(C8=CC=CC=C8)[NH]2.C[NH:10][H].[Cl-]>>[Cl-].C[NH+:10]([H])[C:20]1([NH:21]C6=CC=CC=C6)[NH][CH](C)C(C)[CH](C8=CC=CC=C8)[NH]1 10=20;20,21=21"
"[H][S+:10](C([H])C(C)[S]1)[C:20]1([O:21][Si](C)(C)(C))[O][H].[Cl-]>>[Cl-].[H][S:10]C([H])C(C)[S][C:20]([O][H])=[O+:21][Si](C)(C)(C) 21=20;20,10=10"
"CCCCCCC1C(C(O[C:20](=[O:10])N1C)[H])CCCCCC.[O-:21]CC>>CCCCCCC1C(C(O[C:20](N1C)([O-:10])[O:21]CC)[H])CCCCCC 21=20;20,10=10"
"CN([C:20](=[O:10])OC(C([O-:21])[H])CCCCCC)[H]>>CN([C:20]1(OC(C([O:21]1)[H])CCCCCC)[O-:10])[H] 21=20;20,10=10"
"CCN([C:20]([O-:10])([O:21]N1C(=O)CCC1=O)C1=CC=CC=C1)[H]>>CCN([C:20](=[O:10])C1=CC=CC=C1)[H].C1CC(=O)N(C1=O)[O-:21] 10=20;20,21=21"
"[O:10]([K])C(C)C([H])C([H])C(C)[C:20](OC)=[O:21]>>[O-:21][C:20]1(OC)C(C)C([H])C([H])C(C)[O+:10]1([K]) 10=20;20,21=21"
"[O-:21][C:20]1(OC)C(C)=C(C)C(C)C(C)[NH+:10]1([H])>>[NH:10]([H])C(C)C(C)/C(C)=C(C)\[C:20](OC)=[O:21] 21=20;20,10=10"
"[H][O:10]C(C)C(C)C(C8=CC=CC=C8)[S][C:20]([O]C7=CC=CC=C7)=[O+:21]C.[Cl-]>>[Cl-].[H][O+:10](C(C)C(C)C(C8=CC=CC=C8)[S]1)[C:20]1([O:21]C)[O]C7=CC=CC=C7 10=20;20,21=21"
"[H][NH:10]C(CC)C(C8=CC=CC=C8)[O][C:20]([NH]C7=CC=CC=C7)=[NH+:21][H].[Cl-]>>[Cl-].[H][NH+:10](C(CC)C(C8=CC=CC=C8)[O]1)[C:20]1([NH:21][H])[NH]C7=CC=CC=C7 10=20;20,21=21"
"[H][NH+:10](C(C9=CC=CC=C9)C(C)C(C)[O]1)[C:20]1([NH:21]C6=CC=CC=C6)[NH]C.[Cl-]>>[Cl-].[H][NH:10]C(C9=CC=CC=C9)C(C)C(C)[O][C:20]([NH]C)=[NH+:21]C6=CC=CC=C6 21=20;20,10=10"
"[H][O+:10]([H])[C:20]1([NH:21]C)[O][CH]([H])C(C)[CH]([H])[O]1.[Cl-]>>[Cl-].C[NH+:21]=[C:20]2[O][CH]([H])[CH](C)C([H])[O]2.[H][O:10][H] 21=20;20,10=10"
"CCN([C:20]1(OC(C(C([O:21]1)C)[H])C1=CC=CC=C1)[O-:10])CC>>CCN([C:20](=[O:10])OC(C(C([O-:21])C)[H])C1=CC=CC=C1)CC 10=20;20,21=21"
"[H][O+:10]([H])[C:20]1([NH:21]C6=CC=CC=C6)[O][CH](C)C([H])[CH](C)[NH]1.[Cl-]>>[Cl-].C6=CC=CC=C6[NH+:21]=[C:20]2[O][CH](C)[CH]([H])C(C)[NH]2.[H][O:10][H] 21=20;20,10=10"
"[H][O+:10](C(C)C(CC)[S]1)[C:20]1([O:21][Si](C)(C)(C))[S]CC.[Cl-]>>[Cl-].[H][O:10]C(C)C(CC)[S][C:20]([S]CC)=[O+:21][Si](C)(C)(C) 21=20;20,10=10"
"[H][NH+:10]([H])[C:20]1([NH:21]CC)[NH]C(C)C(C)[O]1.[Cl-]>>[Cl-].CC[NH+:21]=[C:20]2[NH]C(C)C(C)[O]2.[H][NH:10][H] 21=20;20,10=10"
"[H][NH+:10](C(C)C([H])C([H])[O]1)[C:20]1([NH:21][H])[O][H].[Cl-]>>[Cl-].[H][NH:10]C(C)C([H])C([H])[O][C:20]([O][H])=[NH+:21][H] 21=20;20,10=10"
"[K][O:21]C.[C:20](=[O:10])(OCC)OCC>>[K][O+:21]([C:20]([O-:10])(OCC)OCC)C 21=20;20,10=10"
"[H][O:10]C(C9=CC=CC=C9)C([H])C(CC)[S][C:20]([O]C7=CC=CC=C7)=[O+:21]C.[Cl-]>>[Cl-].[H][O+:10](C(C9=CC=CC=C9)C([H])C(CC)[S]1)[C:20]1([O:21]C)[O]C7=CC=CC=C7 10=20;20,21=21"
"[H][O:10]C(CC)C([H])[O][C:20]([S]C7=CC=CC=C7)=[O+:21]C.[Cl-]>>[Cl-].[H][O+:10](C(CC)C([H])[O]1)[C:20]1([O:21]C)[S]C7=CC=CC=C7 10=20;20,21=21"
"[H][NH:10][H].CC[NH+:21]=[C:20]([O]CC)[NH]CC.[Cl-]>>[Cl-].[H][NH+:10]([H])[C:20]([NH:21]CC)([O]CC)[NH]CC 10=20;20,21=21"
"[H][O+:10]([H])[C:20]([O:21][H])([O][H])[O]CC.[Cl-]>>[Cl-].[H][O:10][H].[H][O+:21]=[C:20]([O][H])[O]CC 21=20;20,10=10"
"C9=CC=CC=C9[NH+:10]([H])[C:20]([NH:21][H])([NH][H])[NH]CC.[Cl-]>>[Cl-].C9=CC=CC=C9[NH:10][H].[H][NH+:21]=[C:20]([NH][H])[NH]CC 21=20;20,10=10"
"C[S+:10]([H])[C:20]1([O:21]C)[S][CH]([H])C([H])[CH]([H])[S]1.[Cl-]>>[Cl-].C[O+:21]=[C:20]2[S][CH]([H])[CH]([H])C([H])[S]2.C[S:10][H] 21=20;20,10=10"
"[Na][O+:21]([C:20]([O-:10])(OCCCCCC)OCCCCCC)C>>[Na][O:21]C.[C:20](=[O:10])(OCCCCCC)OCCCCCC 10=20;20,21=21"
"[Si](C)(C)(C)[O+:21]=[C:20]2[O]C(C7=CC=CC=C7)C(C8=CC=CC=C8)[O]2.C9=CC=CC=C9[O:10][H].[Cl-]>>[Cl-].C9=CC=CC=C9[O+:10]([H])[C:20]1([O:21][Si](C)(C)(C))[O]C(C7=CC=CC=C7)C(C8=CC=CC=C8)[O]1 10=20;20,21=21"
"C[O+:10]([H])[C:20]([NH:21][H])([O][H])[O]C.[Cl-]>>[Cl-].C[O:10][H].[H][NH+:21]=[C:20]([O][H])[O]C 21=20;20,10=10"
"[O-:21][C:20]1(C)C(O)C([H])C([H])C(CC)[NH+:10]1([H])>>[NH:10]([H])C(CC)C([H])C([H])C(O)[C:20](C)=[O:21] 21=20;20,10=10"
"C1(C(O[C:20]([O-:10])([O:21]C1[H])OCC)[H])CCCCCC>>C(C([O-:21])[H])(C(O[C:20](=[O:10])OCC)[H])CCCCCC 10=20;20,21=21"
"C[NH+:21]=[C:20]2[NH][CH](CC)[CH]([H])C([H])[NH]2.C[NH:10][H].[Cl-]>>[Cl-].C[NH+:10]([H])[C:20]1([NH:21]C)[NH][CH](CC)C([H])[CH]([H])[NH]1 10=20;20,21=21"
"CC[O+:10]([H])[C:20]([O:21]C)([O]C)[S]C7=CC=CC=C7.[Cl-]>>[Cl-].CC[O:10][H].C[O+:21]=[C:20]([O]C)[S]C7=CC=CC=C7 21=20;20,10=10"
"[H][O+:10](C(CC)C(C)[S]1)[C:20]1([O:21][Si](C)(C)(C))[O]CC.[Cl-]>>[Cl-].[H][O:10]C(CC)C(C)[S][C:20]([O]CC)=[O+:21][Si](C)(C)(C) 21=20;20,10=10"
"[OH:21][C:20]1([H])C([H])=C(C)C([H])C(CC)[OH+:10]1>>[OH:10]C(CC)C([H])/C(C)=C([H])\[C:20]([H])=[OH+:21] 21=20;20,10=10"
"[H][O:10]C(CC)C(C)C(C)[NH][C:20]([NH]C)=[NH+:21]C6=CC=CC=C6.[Cl-]>>[Cl-].[H][O+:10](C(CC)C(C)C(C)[NH]1)[C:20]1([NH:21]C6=CC=CC=C6)[NH]C 10=20;20,21=21"
"C[NH:10][H].C[NH+:21]=[C:20]([NH][H])[O][H].[Cl-]>>[Cl-].C[NH+:10]([H])[C:20]([NH:21]C)([NH][H])[O][H] 10=20;20,21=21"
"[H][NH+:21]=[C:20]2[NH]C([H])C(C)[O]2.CC[NH:10][H].[Cl-]>>[Cl-].CC[NH+:10]([H])[C:20]1([NH:21][H])[NH]C([H])C(C)[O]1 10=20;20,21=21"
"[H][O:10]C(CC)C(CC)[NH][C:20]([O]CC)=[NH+:21]C.[Cl-]>>[Cl-].[H][O+:10](C(CC)C(CC)[NH]1)[C:20]1([NH:21]C)[O]CC 10=20;20,21=21"
"CC[NH+:10]([H])[C:20]1([NH:21][H])[O]C([H])C(CC)[NH]1.[Cl-]>>[Cl-].[H][NH+:21]=[C:20]2[O]C([H])C(CC)[NH]2.CC[NH:10][H] 21=20;20,10=10"
"[O-:21][C:20]1([H])C([H])=C(C)C(C)C(CCC)[O+:10]1([Na])>>[O:10]([Na])C(CCC)C(C)/C(C)=C([H])\[C:20]([H])=[O:21] 21=20;20,10=10"
"[H][O+:10](C([H])C([H])C([H])[NH]1)[C:20]1([NH:21]C6=CC=CC=C6)[NH][H].[Cl-]>>[Cl-].[H][O:10]C([H])C([H])C([H])[NH][C:20]([NH][H])=[NH+:21]C6=CC=CC=C6 21=20;20,10=10"
"[H][O:10]C([H])C([H])C([H])[O][C:20]([O][H])=[NH+:21]CC.[Cl-]>>[Cl-].[H][O+:10](C([H])C([H])C([H])[O]1)[C:20]1([NH:21]CC)[O][H] 10=20;20,21=21"
"[H][NH+:10](C([H])C(C)C(C8=CC=CC=C8)[NH]1)[C:20]1([NH:21]CC)[NH]CC.[Cl-]>>[Cl-].[H][NH:10]C([H])C(C)C(C8=CC=CC=C8)[NH][C:20]([NH]CC)=[NH+:21]CC 21=20;20,10=10"
"[H][O:10]C([H])C(C)C(CC)[NH][C:20]([O]CC)=[NH+:21]CC.[Cl-]>>[Cl-].[H][O+:10](C([H])C(C)C(CC)[NH]1)[C:20]1([NH:21]CC)[O]CC 10=20;20,21=21"
"C9=CC=CC=C9[NH+:10]([H])[C:20]([NH:21][H])([NH]CC)[NH]CC.[Cl-]>>[Cl-].C9=CC=CC=C9[NH:10][H].[H][NH+:21]=[C:20]([NH]CC)[NH]CC 21=20;20,10=10"
"[OH:21][C:20]1(C)[OH+:10]C(C)C([H])=C1[H]>>[OH:10]C(C)/C([H])=C([C:20](C)=[OH+:21])/[H] 21=20;20,10=10"
"C[NH+:21]=[C:20]2[NH][CH]([H])[CH](C)C(C8=CC=CC=C8)[O]2.CC[O:10][H].[Cl-]>>[Cl-].CC[O+:10]([H])[C:20]1([NH:21]C)[NH][CH]([H])C(C)[CH](C8=CC=CC=C8)[O]1 10=20;20,21=21"
"C[S+:10]([H])[C:20]([O:21][H])([O][H])[O]C7=CC=CC=C7.[Cl-]>>[Cl-].C[S:10][H].[H][O+:21]=[C:20]([O][H])[O]C7=CC=CC=C7 21=20;20,10=10"
"[H][S+:10]([H])[C:20]1([O:21]C)[S][CH](CC)C([H])[CH](CC)[S]1.[Cl-]>>[Cl-].C[O+:21]=[C:20]2[S][CH](CC)[CH]([H])C(CC)[S]2.[H][S:10][H] 21=20;20,10=10"
"[H][O:10]C(CC)C([H])C(C8=CC=CC=C8)[O][C:20]([O]C)=[NH+:21]C6=CC=CC=C6.[Cl-]>>[Cl-].[H][O+:10](C(CC)C([H])C(C8=CC=CC=C8)[O]1)[C:20]1([NH:21]C6=CC=CC=C6)[O]C 10=20;20,21=21"
"[H][O+:10](C(CC)C(C)C(CC)[O]1)[C:20]1([NH:21]C)[O][H].[Cl-]>>[Cl-].[H][O:10]C(CC)C(C)C(CC)[O][C:20]([O][H])=[NH+:21]C 21=20;20,10=10"
"[OH:21][C:20]1(C)[OH+:10]C(C)C(C)C1C>>[OH:10]C(C)C(C)C([C:20](C)=[OH+:21])C 21=20;20,10=10"
"CC[NH+:10]([H])[C:20]([NH:21]CC)([O]CC)[NH]CC.[Cl-]>>[Cl-].CC[NH:10][H].CC[NH+:21]=[C:20]([O]CC)[NH]CC 21=20;20,10=10"
"[H][NH:10]C([H])C([H])C(C8=CC=CC=C8)[O][C:20]([NH][H])=[NH+:21]C.[Cl-]>>[Cl-].[H][NH+:10](C([H])C([H])C(C8=CC=CC=C8)[O]1)[C:20]1([NH:21]C)[NH][H] 10=20;20,21=21"
"CCCCCCN([C:20]1(OC(C(C([O:21]1)[H])CC)C1=CC=CC=C1)[O-:10])CC>>CCCCCCN([C:20](=[O:10])OC(C(C([O-:21])[H])CC)C1=CC=CC=C1)CC 10=20;20,21=21"
"C[S+:10]([H])[C:20]1([O:21][H])[S][CH](CC)C([H])[CH](C)[S]1.[Cl-]>>[Cl-].[H][O+:21]=[C:20]2[S][CH](CC)[CH]([H])C(C)[S]2.C[S:10][H] 21=20;20,10=10"
"[O-:21][C:20]1(C)C([H])C([H])=C(C)C(C)[O:10]1>>[O-:10]C(C)/C(C)=C([H])\C([H])[C:20](C)=[O:21] 21=20;20,10=10"
"CCCCCCN([C:20]1(OC(C(C([O:21]1)CCCCCC)CCCCCC)[H])[O-:10])[H]>>CCCCCCN([C:20](=[O:10])OC(C(C([O-:21])CCCCCC)CCCCCC)[H])[H] 10=20;20,21=21"
"[H][O+:10]([H])[C:20]1([NH:21]C6=CC=CC=C6)[NH][CH](C)C(C)[CH]([H])[O]1.[Cl-]>>[Cl-].C6=CC=CC=C6[NH+:21]=[C:20]2[NH][CH](C)[CH](C)C([H])[O]2.[H][O:10][H] 21=20;20,10=10"
"[H][O+:10](C([H])C([H])C(C)[O]1)[C:20]1([O:21][H])[S]CC.[Cl-]>>[Cl-].[H][O:10]C([H])C([H])C(C)[O][C:20]([S]CC)=[O+:21][H] 21=20;20,10=10"
"CCC1C(C(O[C:20](N1[H])([O-:10])[O:21]C1=CC=CC=C1)C1=CC=CC=C1)CCCCCC>>CCC1C(C(O[C:20](=[O:10])N1[H])C1=CC=CC=C1)CCCCCC.[O-:21]C1=CC=CC=C1 10=20;20,21=21"
"C6=CC=CC=C6[NH+:21]=[C:20]2[NH]C([H])C([H])[NH]2.C9=CC=CC=C9[NH:10][H].[Cl-]>>[Cl-].C9=CC=CC=C9[NH+:10]([H])[C:20]1([NH:21]C6=CC=CC=C6)[NH]C([H])C([H])[NH]1 10=20;20,21=21"
"CCCCCCN([C:20](=[O:10])OC(C(C([O-:21])CCCCCC)C)CC)[H]>>CCCCCCN([C:20]1(OC(C(C([O:21]1)CCCCCC)C)CC)[O-:10])[H] 21=20;20,10=10"
"C(C([O-:21])C)(C(O[C:20](=[O:10])OC1=CC=CC=C1)CC)C>>C1(C(O[C:20]([O-:10])([O:21]C1C)OC1=CC=CC=C1)CC)C 21=20;20,10=10"
"CC[NH+:10]([H])[C:20]([NH:21][H])([NH][H])[O]C.[Cl-]>>[Cl-].CC[NH:10][H].[H][NH+:21]=[C:20]([NH][H])[O]C 21=20;20,10=10"
"[H][NH+:10](C(C9=CC=CC=C9)C([H])C(CC)[NH]1)[C:20]1([NH:21]CC)[O]CC.[Cl-]>>[Cl-].[H][NH:10]C(C9=CC=CC=C9)C([H])C(CC)[NH][C:20]([O]CC)=[NH+:21]CC 21=20;20,10=10"
"[H][NH+:10](C(CC)C(C)C(C)[NH]1)[C:20]1([NH:21][H])[O]C7=CC=CC=C7.[Cl-]>>[Cl-].[H][NH:10]C(CC)C(C)C(C)[NH][C:20]([O]C7=CC=CC=C7)=[NH+:21][H] 21=20;20,10=10"
"CCCCCCN([C:20]1(OC(C([O:21]1)C1=CC=CC=C1)[H])[O-:10])C>>CCCCCCN([C:20](=[O:10])OC(C([O-:21])C1=CC=CC=C1)[H])C 10=20;20,21=21"
"C6=CC=CC=C6[NH+:21]=[C:20]2[O][CH](C)[CH](C)C(C8=CC=CC=C8)[O]2.C9=CC=CC=C9[O:10][H].[Cl-]>>[Cl-].C9=CC=CC=C9[O+:10]([H])[C:20]1([NH:21]C6=CC=CC=C6)[O][CH](C)C(C)[CH](C8=CC=CC=C8)[O]1 10=20;20,21=21"
"[H][O+:10](C(C)C(C)C(C8=CC=CC=C8)[O]1)[C:20]1([NH:21]C6=CC=CC=C6)[NH][H].[Cl-]>>[Cl-].[H][O:10]C(C)C(C)C(C8=CC=CC=C8)[O][C:20]([NH][H])=[NH+:21]C6=CC=CC=C6 21=20;20,10=10"
"C[O+:10]([H])[C:20]1([NH:21]C6=CC=CC=C6)[NH][CH](C)C(C)[CH](C)[O]1.[Cl-]>>[Cl-].C6=CC=CC=C6[NH+:21]=[C:20]2[NH][CH](C)[CH](C)C(C)[O]2.C[O:10][H] 21=20;20,10=10"
"[H][S:10]C([H])C(C)[O][C:20]([O]C)=[O+:21][Si](C)(C)(C).[Cl-]>>[Cl-].[H][S+:10](C([H])C(C)[O]1)[C:20]1([O:21][Si](C)(C)(C))[O]C 10=20;20,21=21"
"CN([C:20](=[O:10])OC(C(C([O-:21])CCCCCC)C)C1=CC=CC=C1)[H]>>CN([C:20]1(OC(C(C([O:21]1)CCCCCC)C)C1=CC=CC=C1)[O-:10])[H] 21=20;20,10=10"
"CCN([C:20](=[O:10])OC(C(C([O-:21])C)CCCCCC)CCCCCC)CCCCCC>>CCN([C:20]1(OC(C(C([O:21]1)C)CCCCCC)CCCCCC)[O-:10])CCCCCC 21=20;20,10=10"
"[OH:21][C:20]1(C)C([H])C(O)C(C)C([H])[OH+:10]1>>[OH:10]C([H])C(C)C(O)C([H])[C:20](C)=[OH+:21] 21=20;20,10=10"
"CC[S:10][H].[Si](C)(C)(C)[O+:21]=[C:20]([S]CC)[S]C.[Cl-]>>[Cl-].CC[S+:10]([H])[C:20]([O:21][Si](C)(C)(C))([S]CC)[S]C 10=20;20,21=21"
"[O:10]([Na])C(C)C(C)/C(C)=C([H])\[C:20](C)=[O:21]>>[O-:21][C:20]1(C)C([H])=C(C)C(C)C(C)[O+:10]1([Na]) 10=20;20,21=21"
"[H][O:10]C([H])C([H])C(CC)[O][C:20]([O]C)=[NH+:21]C.[Cl-]>>[Cl-].[H][O+:10](C([H])C([H])C(CC)[O]1)[C:20]1([NH:21]C)[O]C 10=20;20,21=21"
"[H][NH:10]C(C)C(C)C([H])[O][C:20]([NH]CC)=[NH+:21]C.[Cl-]>>[Cl-].[H][NH+:10](C(C)C(C)C([H])[O]1)[C:20]1([NH:21]C)[NH]CC 10=20;20,21=21"
"[H][NH+:21]=[C:20]2[O]C(C)C([H])[O]2.C9=CC=CC=C9[NH:10][H].[Cl-]>>[Cl-].C9=CC=CC=C9[NH+:10]([H])[C:20]1([NH:21][H])[O]C(C)C([H])[O]1 10=20;20,21=21"
"CCCCCCN([C:20]([O-:10])(OC1=CC=CC=C1)[O:21]CC)CC>>CCCCCCN([C:20](=[O:10])OC1=CC=CC=C1)CC.[O-:21]CC 10=20;20,21=21"
"CC[NH:10][H].CC[NH+:21]=[C:20]([NH]CC)[NH]C7=CC=CC=C7.[Cl-]>>[Cl-].CC[NH+:10]([H])[C:20]([NH:21]CC)([NH]CC)[NH]C7=CC=CC=C7 10=20;20,21=21"
"[H][O+:10](C(CC)C(C8=CC=CC=C8)[O]1)[C:20]1([O:21][H])[O]CC.[Cl-]>>[Cl-].[H][O:10]C(CC)C(C8=CC=CC=C8)[O][C:20]([O]CC)=[O+:21][H] 21=20;20,10=10"
"[H]N([C:20]1(OC(C(C([O:21]1)C)C)CC)[O-:10])CCCCCC>>[H]N([C:20](=[O:10])OC(C(C([O-:21])C)C)CC)CCCCCC 10=20;20,21=21"
"CC[NH+:10]([H])[C:20]1([NH:21]CC)[NH]C(CC)C(C)[O]1.[Cl-]>>[Cl-].CC[NH+:21]=[C:20]2[NH]C(CC)C(C)[O]2.CC[NH:10][H] 21=20;20,10=10"
"[H][S+:10](C([H])C([H])[O]1)[C:20]1([O:21][H])[S]CC.[Cl-]>>[Cl-].[H][S:10]C([H])C([H])[O][C:20]([S]CC)=[O+:21][H] 21=20;20,10=10"
"[H]N([C:20](=[O:10])OCC)CC.[O-:21][H]>>[H]N([C:20]([O-:10])(OCC)[O:21][H])CC 21=20;20,10=10"
"CC[NH+:21]=[C:20]2[NH]C(CC)C(C8=CC=CC=C8)[NH]2.C9=CC=CC=C9[O:10][H].[Cl-]>>[Cl-].C9=CC=CC=C9[O+:10]([H])[C:20]1([NH:21]CC)[NH]C(CC)C(C8=CC=CC=C8)[NH]1 10=20;20,21=21"
"[O-:21][C:20]1(C)[O+:10]([K])C(CCC)C([H])C1O>>[O:10]([K])C(CCC)C([H])C([C:20](C)=[O:21])O 21=20;20,10=10"
"CCC1C(C(O[C:20](=[O:10])N1C)CCCCCC)CCCCCC.[O-:21]C1=CC=CC=C1>>CCC1C(C(O[C:20](N1C)([O-:10])[O:21]C1=CC=CC=C1)CCCCCC)CCCCCC 21=20;20,10=10"
"C9=CC=CC=C9[NH+:10]([H])[C:20]1([NH:21]C)[O][CH](C7=CC=CC=C7)C(C)[CH](C8=CC=CC=C8)[NH]1.[Cl-]>>[Cl-].C[NH+:21]=[C:20]2[O][CH](C7=CC=CC=C7)[CH](C)C(C8=CC=CC=C8)[NH]2.C9=CC=CC=C9[NH:10][H] 21=20;20,10=10"
"C[O+:21]=[C:20]2[S][CH]([H])[CH]([H])C(C)[S]2.C9=CC=CC=C9[S:10][H].[Cl-]>>[Cl-].C9=CC=CC=C9[S+:10]([H])[C:20]1([O:21]C)[S][CH]([H])C([H])[CH](C)[S]1 10=20;20,21=21"
"C[O+:21]=[C:20]2[O][CH](CC)[CH](C)C(CC)[S]2.CC[O:10][H].[Cl-]>>[Cl-].CC[O+:10]([H])[C:20]1([O:21]C)[O][CH](CC)C(C)[CH](CC)[S]1 10=20;20,21=21"
"C[NH+:10]([H])[C:20]1([NH:21]C)[NH]C(C7=CC=CC=C7)C(CC)[NH]1.[Cl-]>>[Cl-].C[NH+:21]=[C:20]2[NH]C(C7=CC=CC=C7)C(CC)[NH]2.C[NH:10][H] 21=20;20,10=10"
"[H][NH:10]C(C)C(C)C(C8=CC=CC=C8)[O][C:20]([NH]CC)=[NH+:21]CC.[Cl-]>>[Cl-].[H][NH+:10](C(C)C(C)C(C8=CC=CC=C8)[O]1)[C:20]1([NH:21]CC)[NH]CC 10=20;20,21=21"
"C9=CC=CC=C9[O+:10]([H])[C:20]([O:21][Si](C)(C)(C))([S]C)[S]C7=CC=CC=C7.[Cl-]>>[Cl-].C9=CC=CC=C9[O:10][H].[Si](C)(C)(C)[O+:21]=[C:20]([S]C)[S]C7=CC=CC=C7 21=20;20,10=10"
"[O:10]([K])C(C)C(C)N([C:20](OCC)=[O:21])C>>[O-:21][C:20]1(OCC)[O+:10]([K])C(C)C(C)N1C 10=20;20,21=21"
"CC1C(C(O[C:20](N1CC)([O-:10])[O:21][H])C)CC>>CC1C(C(O[C:20](=[O:10])N1CC)C)CC.[O-:21][H] 10=20;20,21=21"
"[H][O:10]C(C9=CC=CC=C9)C(C)C(C8=CC=CC=C8)[O][C:20]([S]CC)=[O+:21][H].[Cl-]>>[Cl-].[H][O+:10](C(C9=CC=CC=C9)C(C)C(C8=CC=CC=C8)[O]1)[C:20]1([O:21][H])[S]CC 10=20;20,21=21"
"[OH:21][C:20]1(OCC)C(C)C(O)C(C)C([H])[OH+:10]1>>[OH:10]C([H])C(C)C(O)C(C)[C:20](OCC)=[OH+:21] 21=20;20,10=10"
"[H][NH:10]C(C)C([H])C(C)[O][C:20]([NH]C)=[NH+:21][H].[Cl-]>>[Cl-].[H][NH+:10](C(C)C([H])C(C)[O]1)[C:20]1([NH:21][H])[NH]C 10=20;20,21=21"
"C6=CC=CC=C6[NH+:21]=[C:20]2[NH][CH]([H])[CH](C)C(C8=CC=CC=C8)[NH]2.C9=CC=CC=C9[O:10][H].[Cl-]>>[Cl-].C9=CC=CC=C9[O+:10]([H])[C:20]1([NH:21]C6=CC=CC=C6)[NH][CH]([H])C(C)[CH](C8=CC=CC=C8)[NH]1 10=20;20,21=21"
"[O:10]([K])C(C)/C(C)=C([H])\C(C)[C:20](OC)=[O:21]>>[O-:21][C:20]1(OC)C(C)C([H])=C(C)C(C)[O+:10]1([K]) 10=20;20,21=21"
"CC[S+:10]([H])[C:20]([O:21][Si](C)(C)(C))([S]C8=CC=CC=C8)[S]CC.[Cl-]>>[Cl-].CC[S:10][H].[Si](C)(C)(C)[O+:21]=[C:20]([S]C8=CC=CC=C8)[S]CC 21=20;20,10=10"
"[H][S+:10](C(C9=CC=CC=C9)C(C)C(C8=CC=CC=C8)[S]1)[C:20]1([O:21]C)[O][H].[Cl-]>>[Cl-].[H][S:10]C(C9=CC=CC=C9)C(C)C(C8=CC=CC=C8)[S][C:20]([O][H])=[O+:21]C 21=20;20,10=10"
"[H][O+:21]=[C:20]2[O][CH](CC)[CH]([H])C([H])[S]2.C9=CC=CC=C9[S:10][H].[Cl-]>>[Cl-].C9=CC=CC=C9[S+:10]([H])[C:20]1([O:21][H])[O][CH](CC)C([H])[CH]([H])[S]1 10=20;20,21=21"
"[NH:10](C)C(CC)C([H])C(C)C(C)[C:20](C)=[O:21]>>[O-:21][C:20]1(C)C(C)C(C)C([H])C(CC)[NH+:10]1(C) 10=20;20,21=21"
"[H][NH+:21]=[C:20]2[NH]C(C)C([H])[O]2.[H][O:10][H].[Cl-]>>[Cl-].[H][O+:10]([H])[C:20]1([NH:21][H])[NH]C(C)C([H])[O]1 10=20;20,21=21"
"[H][NH+:10]([H])[C:20]1([NH:21]C6=CC=CC=C6)[O]C([H])C(CC)[O]1.[Cl-]>>[Cl-].C6=CC=CC=C6[NH+:21]=[C:20]2[O]C([H])C(CC)[O]2.[H][NH:10][H] 21=20;20,10=10"
"[NH:10]([H])C(C)C([H])C(O)C(C)[C:20](OC)=[O:21]>>[O-:21][C:20]1(OC)C(C)C(O)C([H])C(C)[NH+:10]1([H]) 10=20;20,21=21"
"[H][NH+:10](C([H])C(C)C(C8=CC=CC=C8)[NH]1)[C:20]1([NH:21]C)[O][H].[Cl-]>>[Cl-].[H][NH:10]C([H])C(C)C(C8=CC=CC=C8)[NH][C:20]([O][H])=[NH+:21]C 21=20;20,10=10"
"C9=CC=CC=C9[O+:10]([H])[C:20]1([NH:21]CC)[O]C([H])C(CC)[O]1.[Cl-]>>[Cl-].CC[NH+:21]=[C:20]2[O]C([H])C(CC)[O]2.C9=CC=CC=C9[O:10][H] 21=20;20,10=10"
"[H]N([C:20](=[O:10])OC(C(C([O-:21])CCCCCC)CC)CC)C>>[H]N([C:20]1(OC(C(C([O:21]1)CCCCCC)CC)CC)[O-:10])C 21=20;20,10=10"
"C9=CC=CC=C9[O+:10]([H])[C:20]1([O:21][H])[O]C(C7=CC=CC=C7)C(C8=CC=CC=C8)[O]1.[Cl-]>>[Cl-].[H][O+:21]=[C:20]2[O]C(C7=CC=CC=C7)C(C8=CC=CC=C8)[O]2.C9=CC=CC=C9[O:10][H] 21=20;20,10=10"
"CC[NH+:21]=[C:20]2[NH][CH](CC)[CH]([H])C(C)[O]2.[H][O:10][H].[Cl-]>>[Cl-].[H][O+:10]([H])[C:20]1([NH:21]CC)[NH][CH](CC)C([H])[CH](C)[O]1 10=20;20,21=21"
"C[NH+:10]([H])[C:20]([NH:21][H])([NH]C)[O]CC.[Cl-]>>[Cl-].C[NH:10][H].[H][NH+:21]=[C:20]([NH]C)[O]CC 21=20;20,10=10"
"CC[S+:10]([H])[C:20]1([O:21][Si](C)(C)(C))[S]C(C7=CC=CC=C7)C(CC)[O]1.[Cl-]>>[Cl-].[Si](C)(C)(C)[O+:21]=[C:20]2[S]C(C7=CC=CC=C7)C(CC)[O]2.CC[S:10][H] 21=20;20,10=10"
"[H]C1C(C(O[C:20](N1[H])([O-:10])[O:21][H])[H])CC>>[H]C1C(C(O[C:20](=[O:10])N1[H])[H])CC.[O-:21][H] 10=20;20,21=21"
"C9=CC=CC=C9[O+:10]([H])[C:20]([O:21]C)([O]C)[O]C.[Cl-]>>[Cl-].C9=CC=CC=C9[O:10][H].C[O+:21]=[C:20]([O]C)[O]C 21=20;20,10=10"
"CC[NH+:21]=[C:20]2[NH][CH](C)[CH](C)C(CC)[NH]2.[H][NH:10][H].[Cl-]>>[Cl-].[H][NH+:10]([H])[C:20]1([NH:21]CC)[NH][CH](C)C(C)[CH](CC)[NH]1 10=20;20,21=21"
"C[O+:10]([H])[C:20]1([O:21][H])[S][CH](C7=CC=CC=C7)C(C)[CH]([H])[S]1.[Cl-]>>[Cl-].[H][O+:21]=[C:20]2[S][CH](C7=CC=CC=C7)[CH](C)C([H])[S]2.C[O:10][H] 21=20;20,10=10"
"[H][O+:10](C(C9=CC=CC=C9)C(C)[O]1)[C:20]1([O:21][H])[S]C.[Cl-]>>[Cl-].[H][O:10]C(C9=CC=CC=C9)C(C)[O][C:20]([S]C)=[O+:21][H] 21=20;20,10=10"
"CC1C(C(O[C:20](N1C)([O-:10])[O:21]CC)CCCCCC)CCCCCC>>CC1C(C(O[C:20](=[O:10])N1C)CCCCCC)CCCCCC.[O-:21]CC 10=20;20,21=21"
"C9=CC=CC=C9[S:10][H].C[O+:21]=[C:20]([S]C8=CC=CC=C8)[S][H].[Cl-]>>[Cl-].C9=CC=CC=C9[S+:10]([H])[C:20]([O:21]C)([S]C8=CC=CC=C8)[S][H] 10=20;20,21=21"
"CCN([C:20](=[O:10])OC1=CC=CC=C1)[H].[O-:21]CCCCCC>>CCN([C:20]([O-:10])(OC1=CC=CC=C1)[O:21]CCCCCC)[H] 21=20;20,10=10"
"[H][NH+:10](C(C)C([H])C(CC)[NH]1)[C:20]1([NH:21]C)[NH]CC.[Cl-]>>[Cl-].[H][NH:10]C(C)C([H])C(CC)[NH][C:20]([NH]CC)=[NH+:21]C 21=20;20,10=10"
"[H][NH:10]C(C9=CC=CC=C9)C(C8=CC=CC=C8)[NH][C:20]([O]C7=CC=CC=C7)=[NH+:21]CC.[Cl-]>>[Cl-].[H][NH+:10](C(C9=CC=CC=C9)C(C8=CC=CC=C8)[NH]1)[C:20]1([NH:21]CC)[O]C7=CC=CC=C7 10=20;20,21=21"
"[OH:21][C:20]1([H])C(O)C(O)C(C)C(CC)[OH+:10]1>>[OH:10]C(CC)C(C)C(O)C(O)[C:20]([H])=[OH+:21] 21=20;20,10=10"
"C[O+:21]=[C:20]2[S][CH](C)[CH](C)C([H])[O]2.CC[S:10][H].[Cl-]>>[Cl-].CC[S+:10]([H])[C:20]1([O:21]C)[S][CH](C)C(C)[CH]([H])[O]1 10=20;20,21=21"
"CCCCCCC1C(C(O[C:20](=[O:10])N1C)C1=CC=CC=C1)[H].[O-:21]CCCCCC>>CCCCCCC1C(C(O[C:20](N1C)([O-:10])[O:21]CCCCCC)C1=CC=CC=C1)[H] 21=20;20,10=10"
"[O:10]([K])C(C)C([H])C(O)C([H])[C:20]([H])=[O:21]>>[O-:21][C:20]1([H])C([H])C(O)C([H])C(C)[O+:10]1([K]) 10=20;20,21=21"
"[H][NH:10]C(C9=CC=CC=C9)C(C)C(CC)[O][C:20]([O]CC)=[NH+:21]C6=CC=CC=C6.[Cl-]>>[Cl-].[H][NH+:10](C(C9=CC=CC=C9)C(C)C(CC)[O]1)[C:20]1([NH:21]C6=CC=CC=C6)[O]CC 10=20;20,21=21"
"[H][O+:21]=[C:20]2[S][CH]([H])[CH](C)C(CC)[S]2.C9=CC=CC=C9[O:10][H].[Cl-]>>[Cl-].C9=CC=CC=C9[O+:10]([H])[C:20]1([O:21][H])[S][CH]([H])C(C)[CH](CC)[S]1 10=20;20,21=21"
"CCC1C(C(O[C:20](=[O:10])N1C)C)[H].[O-:21][H]>>CCC1C(C(O[C:20](N1C)([O-:10])[O:21][H])C)[H] 21=20;20,10=10"
"[H][O:10]C(C9=CC=CC=C9)C(C8=CC=CC=C8)[NH][C:20]([O]CC)=[NH+:21]CC.[Cl-]>>[Cl-].[H][O+:10](C(C9=CC=CC=C9)C(C8=CC=CC=C8)[NH]1)[C:20]1([NH:21]CC)[O]CC 10=20;20,21=21"
"[H][NH+:10]([H])[C:20]1([NH:21]CC)[NH][CH](C)C(C)[CH](C8=CC=CC=C8)[NH]1.[Cl-]>>[Cl-].CC[NH+:21]=[C:20]2[NH][CH](C)[CH](C)C(C8=CC=CC=C8)[NH]2.[H][NH:10][H] 21=20;20,10=10"
"CC1C(C(O[C:20](N1CCCCCC)([O-:10])[Cl:21])CCCCCC)[H]>>CC1C(C(O[C:20](=[O:10])N1CCCCCC)CCCCCC)[H].[Cl-:21] 10=20;20,21=21"
"[H][O+:10](C(CC)C([H])C(C)[S]1)[C:20]1([O:21][H])[S][H].[Cl-]>>[Cl-].[H][O:10]C(CC)C([H])C(C)[S][C:20]([S][H])=[O+:21][H] 21=20;20,10=10"
"CCCCCCN([C:20]1(OC(C([O:21]1)C)C)[O-:10])[H]>>CCCCCCN([C:20](=[O:10])OC(C([O-:21])C)C)[H] 10=20;20,21=21"
"[H][O+:10]([H])[C:20]([NH:21]C)([O]C)[NH][H].[Cl-]>>[Cl-].[H][O:10][H].C[NH+:21]=[C:20]([O]C)[NH][H] 21=20;20,10=10"
"C[NH+:21]=[C:20]2[NH][CH](C)[CH](C)C(C)[O]2.C[NH:10][H].[Cl-]>>[Cl-].C[NH+:10]([H])[C:20]1([NH:21]C)[NH][CH](C)C(C)[CH](C)[O]1 10=20;20,21=21"
"CC[NH+:10]([H])[C:20]1([NH:21]CC)[O]C(CC)C(C)[O]1.[Cl-]>>[Cl-].CC[NH+:21]=[C:20]2[O]C(CC)C(C)[O]2.CC[NH:10][H] 21=20;20,10=10"
"[H][O:10]C([H])C(C)C(C8=CC=CC=C8)[O][C:20]([NH]C)=[NH+:21]C6=CC=CC=C6.[Cl-]>>[Cl-].[H][O+:10](C([H])C(C)C(C8=CC=CC=C8)[O]1)[C:20]1([NH:21]C6=CC=CC=C6)[NH]C 10=20;20,21=21"
"[H][NH:10]C(C)C(C8=CC=CC=C8)[O][C:20]([NH]C)=[NH+:21]C6=CC=CC=C6.[Cl-]>>[Cl-].[H][NH+:10](C(C)C(C8=CC=CC=C8)[O]1)[C:20]1([NH:21]C6=CC=CC=C6)[NH]C 10=20;20,21=21"
"[H][NH+:10]([H])[C:20]1([NH:21]C)[NH]C(C)C([H])[O]1.[Cl-]>>[Cl-].C[NH+:21]=[C:20]2[NH]C(C)C([H])[O]2.[H][NH:10][H] 21=20;20,10=10"
"[H][O:10]C(C9=CC=CC=C9)C(C8=CC=CC=C8)[O][C:20]([O]C)=[NH+:21][H].[Cl-]>>[Cl-].[H][O+:10](C(C9=CC=CC=C9)C(C8=CC=CC=C8)[O]1)[C:20]1([NH:21][H])[O]C 10=20;20,21=21"
"CCN([C:20](=[O:10])O[H])C1=CC=CC=C1.[O-:21]C1=CC=CC=C1>>CCN([C:20]([O-:10])(O[H])[O:21]C1=CC=CC=C1)C1=CC=CC=C1 21=20;20,10=10"
"CC[NH+:21]=[C:20]2[NH]C([H])C(C8=CC=CC=C8)[NH]2.[H][NH:10][H].[Cl-]>>[Cl-].[H][NH+:10]([H])[C:20]1([NH:21]CC)[NH]C([H])C(C8=CC=CC=C8)[NH]1 10=20;20,21=21"
"CC[O+:10]([H])[C:20]([NH:21]C6=CC=CC=C6)([O][H])[NH][H].[Cl-]>>[Cl-].CC[O:10][H].C6=CC=CC=C6[NH+:21]=[C:20]([O][H])[NH][H] 21=20;20,10=10"
"CC[NH+:21]=[C:20]2[O][CH]([H])[CH]([H])C(C8=CC=CC=C8)[O]2.C9=CC=CC=C9[NH:10][H].[Cl-]>>[Cl-].C9=CC=CC=C9[NH+:10]([H])[C:20]1([NH:21]CC)[O][CH]([H])C([H])[CH](C8=CC=CC=C8)[O]1 10=20;20,21=21"
"[H][S+:10](C([H])C([H])C(CC)[O]1)[C:20]1([O:21]C)[O]C7=CC=CC=C7.[Cl-]>>[Cl-].[H][S:10]C([H])C([H])C(CC)[O][C:20]([O]C7=CC=CC=C7)=[O+:21]C 21=20;20,10=10"
"[O-:10]C(CCC)C(C)C([C:20](OC)=[O:21])[H]>>[O-:21][C:20]1(OC)[O:10]C(CCC)C(C)C1[H] 10=20;20,21=21"
"[H][O+:10]([H])[C:20]1([O:21][H])[O]C(C)C([H])[O]1.[Cl-]>>[Cl-].[H][O+:21]=[C:20]2[O]C(C)C([H])[O]2.[H][O:10][H] 21=20;20,10=10"
"C9=CC=CC=C9[S+:10]([H])[C:20]1([O:21][H])[O][CH](C7=CC=CC=C7)C([H])[CH](C8=CC=CC=C8)[O]1.[Cl-]>>[Cl-].[H][O+:21]=[C:20]2[O][CH](C7=CC=CC=C7)[CH]([H])C(C8=CC=CC=C8)[O]2.C9=CC=CC=C9[S:10][H] 21=20;20,10=10"
"[OH:21][C:20]1(C)C(O)C(C)C(C)C(CC)[OH+:10]1>>[OH:10]C(CC)C(C)C(C)C(O)[C:20](C)=[OH+:21] 21=20;20,10=10"
"CN([C:20](=[O:10])OC(C(C([O-:21])CCCCCC)CCCCCC)CC)C>>CN([C:20]1(OC(C(C([O:21]1)CCCCCC)CCCCCC)CC)[O-:10])C 21=20;20,10=10"
"[H][S+:10](C(C)C(C)C(C8=CC=CC=C8)[O]1)[C:20]1([O:21]C)[S][H].[Cl-]>>[Cl-].[H][S:10]C(C)C(C)C(C8=CC=CC=C8)[O][C:20]([S][H])=[O+:21]C 21=20;20,10=10"
"[H][O:10]C([H])C(C)C([H])[O][C:20]([NH][H])=[NH+:21][H].[Cl-]>>[Cl-].[H][O+:10](C([H])C(C)C([H])[O]1)[C:20]1([NH:21][H])[NH][H] 10=20;20,21=21"
"[H][O+:10](C(C)C(C)C(C8=CC=CC=C8)[O]1)[C:20]1([NH:21]C6=CC=CC=C6)[NH]CC.[Cl-]>>[Cl-].[H][O:10]C(C)C(C)C(C8=CC=CC=C8)[O][C:20]([NH]CC)=[NH+:21]C6=CC=CC=C6 21=20;20,10=10"
"[H][O:10]C(C)C(C8=CC=CC=C8)[S][C:20]([S][H])=[O+:21]C.[Cl-]>>[Cl-].[H][O+:10](C(C)C(C8=CC=CC=C8)[S]1)[C:20]1([O:21]C)[S][H] 10=20;20,21=21"
"[H][NH:10]C(C)C(C)C([H])[NH][C:20]([O]CC)=[NH+:21]CC.[Cl-]>>[Cl-].[H][NH+:10](C(C)C(C)C([H])[NH]1)[C:20]1([NH:21]CC)[O]CC 10=20;20,21=21"
"CCC1C(C(O[C:20](N1[H])([O-:10])[Cl:21])[H])C>>CCC1C(C(O[C:20](=[O:10])N1[H])[H])C.[Cl-:21] 10=20;20,21=21"
"CC1C(C(O[C:20](=[O:10])N1C)CCCCCC)CC.[O-:21]CCCCCC>>CC1C(C(O[C:20](N1C)([O-:10])[O:21]CCCCCC)CCCCCC)CC 21=20;20,10=10"
"C[O:10][H].C[NH+:21]=[C:20]([NH]C8=CC=CC=C8)[NH]CC.[Cl-]>>[Cl-].C[O+:10]([H])[C:20]([NH:21]C)([NH]C8=CC=CC=C8)[NH]CC 10=20;20,21=21"
"CCC1C(C(O[C:20](N1C)([O-:10])[O:21]CCCCCC)C1=CC=CC=C1)CCCCCC>>CCC1C(C(O[C:20](=[O:10])N1C)C1=CC=CC=C1)CCCCCC.[O-:21]CCCCCC 10=20;20,21=21"
"[H][S+:10](C(C)C(C)C([H])[O]1)[C:20]1([O:21][H])[S]CC.[Cl-]>>[Cl-].[H][S:10]C(C)C(C)C([H])[O][C:20]([S]CC)=[O+:21][H] 21=20;20,10=10"
"[H][O+:10](C(C)C([H])[NH]1)[C:20]1([NH:21]C)[O][H].[Cl-]>>[Cl-].[H][O:10]C(C)C([H])[NH][C:20]([O][H])=[NH+:21]C 21=20;20,10=10"
"CCN([C:20]1(OC(C(C([O:21]1)[H])CCCCCC)CCCCCC)[O-:10])C>>CCN([C:20](=[O:10])OC(C(C([O-:21])[H])CCCCCC)CCCCCC)C 10=20;20,21=21"
"CCCCCCN([C:20]1(OC(C([O:21]1)C1=CC=CC=C1)[H])[O-:10])[H]>>CCCCCCN([C:20](=[O:10])OC(C([O-:21])C1=CC=CC=C1)[H])[H] 10=20;20,21=21"
"CCN([C:20]1(OC(C(C([O:21]1)[H])C)CC)[O-:10])CC>>CCN([C:20](=[O:10])OC(C(C([O-:21])[H])C)CC)CC 10=20;20,21=21"
"[NH:10](C)C(C)/C(C)=C(C)\C(C)[C:20](OCC)=[O:21]>>[O-:21][C:20]1(OCC)C(C)C(C)=C(C)C(C)[NH+:10]1(C) 10=20;20,21=21"
"[O-:21][C:20]1(OCC)[O+:10]([Na])C(C)C([H])C1O>>[O:10]([Na])C(C)C([H])C([C:20](OCC)=[O:21])O 21=20;20,10=10"
"C[O+:10]([H])[C:20]([NH:21][H])([NH]C8=CC=CC=C8)[O][H].[Cl-]>>[Cl-].C[O:10][H].[H][NH+:21]=[C:20]([NH]C8=CC=CC=C8)[O][H] 21=20;20,10=10"
"[H][NH+:21]=[C:20]2[O][CH]([H])[CH](C)C(C)[NH]2.CC[NH:10][H].[Cl-]>>[Cl-].CC[NH+:10]([H])[C:20]1([NH:21][H])[O][CH]([H])C(C)[CH](C)[NH]1 10=20;20,21=21"
"C[NH+:21]=[C:20]2[NH]C(C)C(C8=CC=CC=C8)[O]2.[H][NH:10][H].[Cl-]>>[Cl-].[H][NH+:10]([H])[C:20]1([NH:21]C)[NH]C(C)C(C8=CC=CC=C8)[O]1 10=20;20,21=21"
"C[S:10][H].C[O+:21]=[C:20]([O][H])[S]C7=CC=CC=C7.[Cl-]>>[Cl-].C[S+:10]([H])[C:20]([O:21]C)([O][H])[S]C7=CC=CC=C7 10=20;20,21=21"
"[H]C1C(C(O[C:20](=[O:10])N1C)C1=CC=CC=C1)CCCCCC.[O-:21]CC>>[H]C1C(C(O[C:20](N1C)([O-:10])[O:21]CC)C1=CC=CC=C1)CCCCCC 21=20;20,10=10"
"C[O+:21]=[C:20]2[S]C(CC)C(C8=CC=CC=C8)[S]2.CC[O:10][H].[Cl-]>>[Cl-].CC[O+:10]([H])[C:20]1([O:21]C)[S]C(CC)C(C8=CC=CC=C8)[S]1 10=20;20,21=21"
"[H]N([C:20]1(OC(C([O:21]1)C)C1=CC=CC=C1)[O-:10])C1=CC=CC=C1>>[H]N([C:20](=[O:10])OC(C([O-:21])C)C1=CC=CC=C1)C1=CC=CC=C1 10=20;20,21=21"
"C6=CC=CC=C6[NH+:21]=[C:20]2[NH]C([H])C(C8=CC=CC=C8)[O]2.C9=CC=CC=C9[NH:10][H].[Cl-]>>[Cl-].C9=CC=CC=C9[NH+:10]([H])[C:20]1([NH:21]C6=CC=CC=C6)[NH]C([H])C(C8=CC=CC=C8)[O]1 10=20;20,21=21"
"[H][NH+:21]=[C:20]2[NH][CH](CC)[CH](C)C(CC)[O]2.C[NH:10][H].[Cl-]>>[Cl-].C[NH+:10]([H])[C:20]1([NH:21][H])[NH][CH](CC)C(C)[CH](CC)[O]1 10=20;20,21=21"
"[H][O:10]C(C)C([H])[NH][C:20]([O]C7=CC=CC=C7)=[NH+:21][H].[Cl-]>>[Cl-].[H][O+:10](C(C)C([H])[NH]1)[C:20]1([NH:21][H])[O]C7=CC=CC=C7 10=20;20,21=21"
"C[NH+:21]=[C:20]2[O]C(C7=CC=CC=C7)C(C8=CC=CC=C8)[O]2.[H][NH:10][H].[Cl-]>>[Cl-].[H][NH+:10]([H])[C:20]1([NH:21]C)[O]C(C7=CC=CC=C7)C(C8=CC=CC=C8)[O]1 10=20;20,21=21"
"C9=CC=CC=C9[NH+:10]([H])[C:20]1([NH:21]C)[NH][CH](CC)C(C)[CH](C)[NH]1.[Cl-]>>[Cl-].C[NH+:21]=[C:20]2[NH][CH](CC)[CH](C)C(C)[NH]2.C9=CC=CC=C9[NH:10][H] 21=20;20,10=10"
"C1=CC=CC=C1N([C:20](=[O:10])OC(C(C([O-:21])[H])C)C)CCCCCC>>C1=CC=CC=C1N([C:20]1(OC(C(C([O:21]1)[H])C)C)[O-:10])CCCCCC 21=20;20,10=10"
"C[O:10][H].[H][O+:21]=[C:20]([S][H])[S]CC.[Cl-]>>[Cl-].C[O+:10]([H])[C:20]([O:21][H])([S][H])[S]CC 10=20;20,21=21"
"CCC1C(O[C:20](=[O:10])N1[H])[H].[O-:21]CC>>CCC1C(O[C:20](N1[H])([O-:10])[O:21]CC)[H] 21=20;20,10=10"
"CCN([C:20]1(OC(C(C([O:21]1)C1=CC=CC=C1)CC)C)[O-:10])[H]>>CCN([C:20](=[O:10])OC(C(C([O-:21])C1=CC=CC=C1)CC)C)[H] 10=20;20,21=21"
"[H]N([C:20]1(OC(C(C([O:21]1)C1=CC=CC=C1)CC)C)[O-:10])C1=CC=CC=C1>>[H]N([C:20](=[O:10])OC(C(C([O-:21])C1=CC=CC=C1)CC)C)C1=CC=CC=C1 10=20;20,21=21"
"CC[NH+:21]=[C:20]2[NH][CH]([H])[CH](C)C(C)[O]2.[H][NH:10][H].[Cl-]>>[Cl-].[H][NH+:10]([H])[C:20]1([NH:21]CC)[NH][CH]([H])C(C)[CH](C)[O]1 10=20;20,21=21"
"[H][NH:10]C([H])C(C)C(CC)[NH][C:20]([O]CC)=[NH+:21]C.[Cl-]>>[Cl-].[H][NH+:10](C([H])C(C)C(CC)[NH]1)[C:20]1([NH:21]C)[O]CC 10=20;20,21=21"
"[H]N([C:20](=[O:10])OC(C(C([O-:21])CCCCCC)CCCCCC)CC)CC>>[H]N([C:20]1(OC(C(C([O:21]1)CCCCCC)CCCCCC)CC)[O-:10])CC 21=20;20,10=10"
"CC[NH:10][H].CC[NH+:21]=[C:20]([O]C)[NH][H].[Cl-]>>[Cl-].CC[NH+:10]([H])[C:20]([NH:21]CC)([O]C)[NH][H] 10=20;20,21=21"
"CC[NH+:10]([H])[C:20]([NH:21][H])([O][H])[NH]CC.[Cl-]>>[Cl-].CC[NH:10][H].[H][NH+:21]=[C:20]([O][H])[NH]CC 21=20;20,10=10"
"[O-:21][C:20]1(OC)C([H])C([H])=C(C)C([H])[NH+:10]1(C)>>[NH:10](C)C([H])/C(C)=C([H])\C([H])[C:20](OC)=[O:21] 21=20;20,10=10"
"[H]N([C:20]1(OC(C(C([O:21]1)C)[H])CCCCCC)[O-:10])C1=CC=CC=C1>>[H]N([C:20](=[O:10])OC(C(C([O-:21])C)[H])CCCCCC)C1=CC=CC=C1 10=20;20,21=21"
"CC[NH+:10]([H])[C:20]([NH:21]C6=CC=CC=C6)([O]CC)[O]C7=CC=CC=C7.[Cl-]>>[Cl-].CC[NH:10][H].C6=CC=CC=C6[NH+:21]=[C:20]([O]CC)[O]C7=CC=CC=C7 21=20;20,10=10"
"[H][NH:10]C(C)C([H])C(CC)[NH][C:20]([NH]CC)=[NH+:21]C6=CC=CC=C6.[Cl-]>>[Cl-].[H][NH+:10](C(C)C([H])C(CC)[NH]1)[C:20]1([NH:21]C6=CC=CC=C6)[NH]CC 10=20;20,21=21"
"C9=CC=CC=C9[NH+:10]([H])[C:20]([NH:21]C6=CC=CC=C6)([NH][H])[NH][H].[Cl-]>>[Cl-].C9=CC=CC=C9[NH:10][H].C6=CC=CC=C6[NH+:21]=[C:20]([NH][H])[NH][H] 21=20;20,10=10"
"[O:20]=[C:21](OC1=CC=CC=C1)OC1=CC=CC=C1.CC[O:10][Na]>>CC[O+:10]([Na])[C:21]([O-:20])(OC1=CC=CC=C1)OC1=CC=CC=C1 10=21;21,20=20"
"[H][O+:10]([H])[C:20]1([O:21][H])[S]C(C7=CC=CC=C7)C(CC)[S]1.[Cl-]>>[Cl-].[H][O+:21]=[C:20]2[S]C(C7=CC=CC=C7)C(CC)[S]2.[H][O:10][H] 21=20;20,10=10"
"C[S+:10]([H])[C:20]1([O:21][H])[O]C(C)C(C)[S]1.[Cl-]>>[Cl-].[H][O+:21]=[C:20]2[O]C(C)C(C)[S]2.C[S:10][H] 21=20;20,10=10"
"C[O+:10]([H])[C:20]([O:21]C)([S]C)[O]CC.[Cl-]>>[Cl-].C[O:10][H].C[O+:21]=[C:20]([S]C)[O]CC 21=20;20,10=10"
"[H][O+:10](C(C9=CC=CC=C9)C(C)C(C8=CC=CC=C8)[O]1)[C:20]1([NH:21]C6=CC=CC=C6)[NH]C7=CC=CC=C7.[Cl-]>>[Cl-].[H][O:10]C(C9=CC=CC=C9)C(C)C(C8=CC=CC=C8)[O][C:20]([NH]C7=CC=CC=C7)=[NH+:21]C6=CC=CC=C6 21=20;20,10=10"
"[H][O+:10](C([H])C(CC)[NH]1)[C:20]1([NH:21]CC)[O]CC.[Cl-]>>[Cl-].[H][O:10]C([H])C(CC)[NH][C:20]([O]CC)=[NH+:21]CC 21=20;20,10=10"
"[NH:10]([H])C([H])C([H])N([C:20]([H])=[O:21])C>>[O-:21][C:20]1([H])[NH+:10]([H])C([H])C([H])N1C 10=20;20,21=21"
"[H]C1C(C(O[C:20](=[O:10])N1CCCCCC)CCCCCC)C.[O-:21]C>>[H]C1C(C(O[C:20](N1CCCCCC)([O-:10])[O:21]C)CCCCCC)C 21=20;20,10=10"
"C1=CC=CC=C1C1C(C(O[C:20](=[O:10])N1C)C1=CC=CC=C1)C.[O-:21][H]>>C1=CC=CC=C1C1C(C(O[C:20](N1C)([O-:10])[O:21][H])C1=CC=CC=C1)C 21=20;20,10=10"
"[H][O:10][H].[H][NH+:21]=[C:20]([NH]C8=CC=CC=C8)[NH]CC.[Cl-]>>[Cl-].[H][O+:10]([H])[C:20]([NH:21][H])([NH]C8=CC=CC=C8)[NH]CC 10=20;20,21=21"
"[H][O:10]C(C9=CC=CC=C9)C(CC)[S][C:20]([O]C)=[O+:21][Si](C)(C)(C).[Cl-]>>[Cl-].[H][O+:10](C(C9=CC=CC=C9)C(CC)[S]1)[C:20]1([O:21][Si](C)(C)(C))[O]C 10=20;20,21=21"
"C9=CC=CC=C9[O+:10]([H])[C:20]1([NH:21][H])[NH][CH](CC)C(C)[CH](C)[NH]1.[Cl-]>>[Cl-].[H][NH+:21]=[C:20]2[NH][CH](CC)[CH](C)C(C)[NH]2.C9=CC=CC=C9[O:10][H] 21=20;20,10=10"
"C[O+:21]=[C:20]2[O][CH](CC)[CH](C)C(C)[S]2.C[O:10][H].[Cl-]>>[Cl-].C[O+:10]([H])[C:20]1([O:21]C)[O][CH](CC)C(C)[CH](C)[S]1 10=20;20,21=21"
"C[O+:21]=[C:20]2[S][CH](CC)[CH](C)C([H])[O]2.CC[S:10][H].[Cl-]>>[Cl-].CC[S+:10]([H])[C:20]1([O:21]C)[S][CH](CC)C(C)[CH]([H])[O]1 10=20;20,21=21"
"[H][NH:10]C(CC)C(C8=CC=CC=C8)[NH][C:20]([O]CC)=[NH+:21][H].[Cl-]>>[Cl-].[H][NH+:10](C(CC)C(C8=CC=CC=C8)[NH]1)[C:20]1([NH:21][H])[O]CC 10=20;20,21=21"
"C(C([O-:21])CC)(C(O[C:20](=[O:10])OC)C1=CC=CC=C1)CC>>C1(C(O[C:20]([O-:10])([O:21]C1CC)OC)C1=CC=CC=C1)CC 21=20;20,10=10"
"[H][NH+:21]=[C:20]2[O][CH](CC)[CH](C)C(C8=CC=CC=C8)[O]2.C[O:10][H].[Cl-]>>[Cl-].C[O+:10]([H])[C:20]1([NH:21][H])[O][CH](CC)C(C)[CH](C8=CC=CC=C8)[O]1 10=20;20,21=21"
"[H][O:10]C(C)C([H])C(CC)[NH][C:20]([O]C7=CC=CC=C7)=[NH+:21][H].[Cl-]>>[Cl-].[H][O+:10](C(C)C([H])C(CC)[NH]1)[C:20]1([NH:21][H])[O]C7=CC=CC=C7 10=20;20,21=21"
"[O-:21][C:20]1(OC)C([H])C([H])C(O)C(C)[NH+:10]1([H])>>[NH:10]([H])C(C)C(O)C([H])C([H])[C:20](OC)=[O:21] 21=20;20,10=10"
"[H][NH:10]C(CC)C([H])C([H])[NH][C:20]([O]C)=[NH+:21][H].[Cl-]>>[Cl-].[H][NH+:10](C(CC)C([H])C([H])[NH]1)[C:20]1([NH:21][H])[O]C 10=20;20,21=21"
"[O-:21][C:20]1(C)[NH+:10](C)C([H])C([H])=C1[H]>>[NH:10](C)C([H])/C([H])=C([C:20](C)=[O:21])/[H] 21=20;20,10=10"
"[H]C1C(C(O[C:20](N1C1=CC=CC=C1)([O-:10])[O:21]CCCCCC)CCCCCC)CC>>[H]C1C(C(O[C:20](=[O:10])N1C1=CC=CC=C1)CCCCCC)CC.[O-:21]CCCCCC 10=20;20,21=21"
"[H][O+:10](C(CC)C(C)C(CC)[O]1)[C:20]1([NH:21]C)[NH][H].[Cl-]>>[Cl-].[H][O:10]C(CC)C(C)C(CC)[O][C:20]([NH][H])=[NH+:21]C 21=20;20,10=10"
"C9=CC=CC=C9[S+:10]([H])[C:20]([O:21][H])([S]C)[S]C.[Cl-]>>[Cl-].C9=CC=CC=C9[S:10][H].[H][O+:21]=[C:20]([S]C)[S]C 21=20;20,10=10"
"[H][O:10]C(C)C([H])C(C8=CC=CC=C8)[NH][C:20]([O]CC)=[NH+:21]C6=CC=CC=C6.[Cl-]>>[Cl-].[H][O+:10](C(C)C([H])C(C8=CC=CC=C8)[NH]1)[C:20]1([NH:21]C6=CC=CC=C6)[O]CC 10=20;20,21=21"
"[H][O+:10](C(C)C(C8=CC=CC=C8)[NH]1)[C:20]1([NH:21]C)[NH]C.[Cl-]>>[Cl-].[H][O:10]C(C)C(C8=CC=CC=C8)[NH][C:20]([NH]C)=[NH+:21]C 21=20;20,10=10"
"[OH:21][CH:20]2([H])C3=C(C(C([NH+:10]2(C))C)[H])C=CC=C3>>[NH:10](C)C(C(C1=C(C=CC=C1)[CH:20]([H])=[OH+:21])[H])C  21=20;20,10=10"
"[H][O:10][H].C[NH+:21]=[C:20]([NH]C)[O]C.[Cl-]>>[Cl-].[H][O+:10]([H])[C:20]([NH:21]C)([NH]C)[O]C 10=20;20,21=21"
"[O-:21][C:20]1(C)C([H])C(C)=C(C)C(CCC)[O:10]1>>[O-:10]C(CCC)/C(C)=C(C)\C([H])[C:20](C)=[O:21] 21=20;20,10=10"
"CC1C(C(O[C:20](=[O:10])N1C1=CC=CC=C1)CC)[H].[O-:21][H]>>CC1C(C(O[C:20](N1C1=CC=CC=C1)([O-:10])[O:21][H])CC)[H] 21=20;20,10=10"
"[H][NH+:10](C([H])C(CC)[O]1)[C:20]1([NH:21]CC)[O][H].[Cl-]>>[Cl-].[H][NH:10]C([H])C(CC)[O][C:20]([O][H])=[NH+:21]CC 21=20;20,10=10"
"[O-:10]C(C)/C([H])=C([C:20](OC)=[O:21])/O>>[O-:21][C:20]1(OC)[O:10]C(C)C([H])=C1O 10=20;20,21=21"
"C1=CC=CC=C1N([C:20](=[O:10])OC(C(C([O-:21])C)CC)CC)CC>>C1=CC=CC=C1N([C:20]1(OC(C(C([O:21]1)C)CC)CC)[O-:10])CC 21=20;20,10=10"
"CCC1C(C(O[C:20](N1CC)([O-:10])[O:21]C1=CC=CC=C1)[H])C>>CCC1C(C(O[C:20](=[O:10])N1CC)[H])C.[O-:21]C1=CC=CC=C1 10=20;20,21=21"
"[O-:21][C:20]1(OC)C([H])C([H])C([H])C([H])[O+:10]1([Na])>>[O:10]([Na])C([H])C([H])C([H])C([H])[C:20](OC)=[O:21] 21=20;20,10=10"
"C1=CC=CC=C1N([C:20](=[O:10])OC(C(C([O-:21])CCCCCC)[H])CCCCCC)CCCCCC>>C1=CC=CC=C1N([C:20]1(OC(C(C([O:21]1)CCCCCC)[H])CCCCCC)[O-:10])CCCCCC 21=20;20,10=10"
"[H]C1C(O[C:20](N1CC)([O-:10])[Cl:21])[H]>>[H]C1C(O[C:20](=[O:10])N1CC)[H].[Cl-:21] 10=20;20,21=21"
"CC1C(C(O[C:20](=[O:10])N1[H])C)CCCCCC.[O-:21][H]>>CC1C(C(O[C:20](N1[H])([O-:10])[O:21][H])C)CCCCCC 21=20;20,10=10"
"C1=CC=CC=C1C1C(C(O[C:20](N1C)([O-:10])[O:21]CC)CC)CCCCCC>>C1=CC=CC=C1C1C(C(O[C:20](=[O:10])N1C)CC)CCCCCC.[O-:21]CC 10=20;20,21=21"
"[H][S:10]C(CC)C(C)C(CC)[S][C:20]([S]CC)=[O+:21]C.[Cl-]>>[Cl-].[H][S+:10](C(CC)C(C)C(CC)[S]1)[C:20]1([O:21]C)[S]CC 10=20;20,21=21"
"C1(C(O[C:20]([O-:10])([O:21]C1[H])OC)C1=CC=CC=C1)[H]>>C(C([O-:21])[H])(C(O[C:20](=[O:10])OC)C1=CC=CC=C1)[H] 10=20;20,21=21"
"[Li][O+:21]([C:20]([O-:10])(OCC)O[H])C1=CC=CC=C1>>[Li][O:21]C1=CC=CC=C1.[C:20](=[O:10])(OCC)O[H] 10=20;20,21=21"
"C[NH+:10]([H])[C:20]([NH:21]CC)([NH][H])[NH]CC.[Cl-]>>[Cl-].C[NH:10][H].CC[NH+:21]=[C:20]([NH][H])[NH]CC 21=20;20,10=10"
"[O:10]([K])C(C)C([H])C([C:20](C)=[O:21])O>>[O-:21][C:20]1(C)[O+:10]([K])C(C)C([H])C1O 10=20;20,21=21"
"[O:10]([K])C([H])/C([H])=C([C:20](OCC)=[O:21])/[H]>>[O-:21][C:20]1(OCC)[O+:10]([K])C([H])C([H])=C1[H] 10=20;20,21=21"
"CN([C:20]1(OC(C(C([O:21]1)C1=CC=CC=C1)CC)CCCCCC)[O-:10])CC>>CN([C:20](=[O:10])OC(C(C([O-:21])C1=CC=CC=C1)CC)CCCCCC)CC 10=20;20,21=21"
"[O-:21][C:20]1(OC)[O+:10]([Na])C([H])C(O)=C1C>>[O:10]([Na])C([H])/C(O)=C([C:20](OC)=[O:21])/C 21=20;20,10=10"
"C[O+:10]([H])[C:20]1([NH:21]C)[NH][CH](CC)C([H])[CH](C8=CC=CC=C8)[NH]1.[Cl-]>>[Cl-].C[NH+:21]=[C:20]2[NH][CH](CC)[CH]([H])C(C8=CC=CC=C8)[NH]2.C[O:10][H] 21=20;20,10=10"
"C1=CC=CC=C1C1C(C(O[C:20](=[O:10])N1CC)C1=CC=CC=C1)C.[O-:21]C>>C1=CC=CC=C1C1C(C(O[C:20](N1CC)([O-:10])[O:21]C)C1=CC=CC=C1)C 21=20;20,10=10"
"[H][O:10]C(C9=CC=CC=C9)C(CC)[O][C:20]([O]C)=[O+:21][Si](C)(C)(C).[Cl-]>>[Cl-].[H][O+:10](C(C9=CC=CC=C9)C(CC)[O]1)[C:20]1([O:21][Si](C)(C)(C))[O]C 10=20;20,21=21"
"[Si](C)(C)(C)[O+:21]=[C:20]2[O]C([H])C(CC)[S]2.CC[S:10][H].[Cl-]>>[Cl-].CC[S+:10]([H])[C:20]1([O:21][Si](C)(C)(C))[O]C([H])C(CC)[S]1 10=20;20,21=21"
"C9=CC=CC=C9[NH+:10]([H])[C:20]1([NH:21]CC)[NH][CH](C7=CC=CC=C7)C([H])[CH](CC)[NH]1.[Cl-]>>[Cl-].CC[NH+:21]=[C:20]2[NH][CH](C7=CC=CC=C7)[CH]([H])C(CC)[NH]2.C9=CC=CC=C9[NH:10][H] 21=20;20,10=10"
"C9=CC=CC=C9[O+:10]([H])[C:20]1([O:21][H])[O]C(CC)C(C)[S]1.[Cl-]>>[Cl-].[H][O+:21]=[C:20]2[O]C(CC)C(C)[S]2.C9=CC=CC=C9[O:10][H] 21=20;20,10=10"
"C[NH+:21]=[C:20]2[NH]C(C)C(C)[O]2.CC[NH:10][H].[Cl-]>>[Cl-].CC[NH+:10]([H])[C:20]1([NH:21]C)[NH]C(C)C(C)[O]1 10=20;20,21=21"
"[H][NH+:10]([H])[C:20]1([NH:21]C6=CC=CC=C6)[O][CH](C)C(C)[CH](CC)[NH]1.[Cl-]>>[Cl-].C6=CC=CC=C6[NH+:21]=[C:20]2[O][CH](C)[CH](C)C(CC)[NH]2.[H][NH:10][H] 21=20;20,10=10"
"[H][NH:10]C(C)C(C)C([H])[O][C:20]([NH]CC)=[NH+:21]CC.[Cl-]>>[Cl-].[H][NH+:10](C(C)C(C)C([H])[O]1)[C:20]1([NH:21]CC)[NH]CC 10=20;20,21=21"
"[H][NH+:10](C(C9=CC=CC=C9)C([H])C([H])[NH]1)[C:20]1([NH:21]CC)[NH][H].[Cl-]>>[Cl-].[H][NH:10]C(C9=CC=CC=C9)C([H])C([H])[NH][C:20]([NH][H])=[NH+:21]CC 21=20;20,10=10"
"C1=CC=CC=C1N([C:20](=[O:10])OC(C(C([O-:21])C1=CC=CC=C1)CCCCCC)[H])CCCCCC>>C1=CC=CC=C1N([C:20]1(OC(C(C([O:21]1)C1=CC=CC=C1)CCCCCC)[H])[O-:10])CCCCCC 21=20;20,10=10"
"[H][O+:10](C([H])C([H])C(CC)[NH]1)[C:20]1([NH:21]CC)[NH][H].[Cl-]>>[Cl-].[H][O:10]C([H])C([H])C(CC)[NH][C:20]([NH][H])=[NH+:21]CC 21=20;20,10=10"
"[O:10]([K])C(CC)/C(C)=C([C:20](OC)=[O:21])/C>>[O-:21][C:20]1(OC)[O+:10]([K])C(CC)C(C)=C1C 10=20;20,21=21"
"[H][NH+:10](C(CC)C([H])C(CC)[O]1)[C:20]1([NH:21]CC)[NH]C7=CC=CC=C7.[Cl-]>>[Cl-].[H][NH:10]C(CC)C([H])C(CC)[O][C:20]([NH]C7=CC=CC=C7)=[NH+:21]CC 21=20;20,10=10"
"C[NH+:21]=[C:20]2[NH][CH](CC)[CH](C)C(CC)[NH]2.CC[O:10][H].[Cl-]>>[Cl-].CC[O+:10]([H])[C:20]1([NH:21]C)[NH][CH](CC)C(C)[CH](CC)[NH]1 10=20;20,21=21"
"CCCCCCN([C:20](=[O:10])O[H])[H].[O-:21]C>>CCCCCCN([C:20]([O-:10])(O[H])[O:21]C)[H] 21=20;20,10=10"
"CCN([C:20]1(OC(C(C([O:21]1)[H])CCCCCC)[H])[O-:10])CCCCCC>>CCN([C:20](=[O:10])OC(C(C([O-:21])[H])CCCCCC)[H])CCCCCC 10=20;20,21=21"
"[O:10]([K])C(CC)C(C)C([C:20](C)=[O:21])[H]>>[O-:21][C:20]1(C)[O+:10]([K])C(CC)C(C)C1[H] 10=20;20,21=21"
"C[O+:10]([H])[C:20]1([NH:21][H])[NH][CH](C)C([H])[CH](C)[NH]1.[Cl-]>>[Cl-].[H][NH+:21]=[C:20]2[NH][CH](C)[CH]([H])C(C)[NH]2.C[O:10][H] 21=20;20,10=10"
"[H][NH:10]C(CC)C(C)C([H])[O][C:20]([NH][H])=[NH+:21]C6=CC=CC=C6.[Cl-]>>[Cl-].[H][NH+:10](C(CC)C(C)C([H])[O]1)[C:20]1([NH:21]C6=CC=CC=C6)[NH][H] 10=20;20,21=21"
"[H][NH:10]C(C)C([H])C([H])[O][C:20]([NH]C)=[NH+:21]CC.[Cl-]>>[Cl-].[H][NH+:10](C(C)C([H])C([H])[O]1)[C:20]1([NH:21]CC)[NH]C 10=20;20,21=21"
"[NH:10](C)C(C1=C(C([CH:20](OC)=[O:21])[H])C=CC=C1)C>>[O-:21][CH:20]2(OC)C(C3=C(C([NH+:10]2(C))C)C=CC=C3)[H] 10=20;20,21=21"
"[O:10]([K])C([H])C(C)C(O)C([H])[C:20](C)=[O:21]>>[O-:21][C:20]1(C)C([H])C(O)C(C)C([H])[O+:10]1([K]) 10=20;20,21=21"
"CC1C(C(O[C:20](=[O:10])N1C)C)[H].[O-:21]CCCCCC>>CC1C(C(O[C:20](N1C)([O-:10])[O:21]CCCCCC)C)[H] 21=20;20,10=10"
"[H]C1C(C(O[C:20](N1[H])([O-:10])[O:21][H])C)CC>>[H]C1C(C(O[C:20](=[O:10])N1[H])C)CC.[O-:21][H] 10=20;20,21=21"
"C[NH+:21]=[C:20]2[O]C(CC)C([H])[NH]2.C9=CC=CC=C9[NH:10][H].[Cl-]>>[Cl-].C9=CC=CC=C9[NH+:10]([H])[C:20]1([NH:21]C)[O]C(CC)C([H])[NH]1 10=20;20,21=21"
"C[O+:10]([H])[C:20]1([NH:21]C6=CC=CC=C6)[NH][CH](C)C(C)[CH](C8=CC=CC=C8)[NH]1.[Cl-]>>[Cl-].C6=CC=CC=C6[NH+:21]=[C:20]2[NH][CH](C)[CH](C)C(C8=CC=CC=C8)[NH]2.C[O:10][H] 21=20;20,10=10"
"[H][O+:21]=[C:20]2[S][CH]([H])[CH](C)C(C)[S]2.[H][S:10][H].[Cl-]>>[Cl-].[H][S+:10]([H])[C:20]1([O:21][H])[S][CH]([H])C(C)[CH](C)[S]1 10=20;20,21=21"
"[H][O+:10](C(CC)C(C)C(C8=CC=CC=C8)[S]1)[C:20]1([O:21][H])[O]C.[Cl-]>>[Cl-].[H][O:10]C(CC)C(C)C(C8=CC=CC=C8)[S][C:20]([O]C)=[O+:21][H] 21=20;20,10=10"
"CC[O+:10]([H])[C:20]1([NH:21]C6=CC=CC=C6)[NH]C(C)C([H])[NH]1.[Cl-]>>[Cl-].C6=CC=CC=C6[NH+:21]=[C:20]2[NH]C(C)C([H])[NH]2.CC[O:10][H] 21=20;20,10=10"
"[H][NH+:10]([H])[C:20]1([NH:21]C)[O]C(C)C(C8=CC=CC=C8)[O]1.[Cl-]>>[Cl-].C[NH+:21]=[C:20]2[O]C(C)C(C8=CC=CC=C8)[O]2.[H][NH:10][H] 21=20;20,10=10"
"[H][O+:10]([K])[C:21]([O-:20])(OC1=CC=CC=C1)OCCCCCC>>[O:20]=[C:21](OC1=CC=CC=C1)OCCCCCC.[H][O:10][K] 20=21;21,10=10"
"CN([C:20]1(OC(C([O:21]1)CCCCCC)CC)[O-:10])C1=CC=CC=C1>>CN([C:20](=[O:10])OC(C([O-:21])CCCCCC)CC)C1=CC=CC=C1 10=20;20,21=21"
"C6=CC=CC=C6[NH+:21]=[C:20]2[NH][CH](CC)[CH](C)C(C8=CC=CC=C8)[O]2.C9=CC=CC=C9[O:10][H].[Cl-]>>[Cl-].C9=CC=CC=C9[O+:10]([H])[C:20]1([NH:21]C6=CC=CC=C6)[NH][CH](CC)C(C)[CH](C8=CC=CC=C8)[O]1 10=20;20,21=21"
"[O-:21][C:20]1([H])C([H])C(O)C(C)C([H])[O+:10]1([K])>>[O:10]([K])C([H])C(C)C(O)C([H])[C:20]([H])=[O:21] 21=20;20,10=10"
"C[S+:10]([H])[C:20]([O:21][H])([O]C)[O]C7=CC=CC=C7.[Cl-]>>[Cl-].C[S:10][H].[H][O+:21]=[C:20]([O]C)[O]C7=CC=CC=C7 21=20;20,10=10"
"[H]N([C:20](=[O:10])OC(C(C([O-:21])[H])CC)CC)C>>[H]N([C:20]1(OC(C(C([O:21]1)[H])CC)CC)[O-:10])C 21=20;20,10=10"
"C[NH+:21]=[C:20]2[O][CH](C7=CC=CC=C7)[CH](C)C(C8=CC=CC=C8)[NH]2.[H][NH:10][H].[Cl-]>>[Cl-].[H][NH+:10]([H])[C:20]1([NH:21]C)[O][CH](C7=CC=CC=C7)C(C)[CH](C8=CC=CC=C8)[NH]1 10=20;20,21=21"
"[O:10]([Na])C(CC)/C([H])=C(C)\C([H])[C:20](OCC)=[O:21]>>[O-:21][C:20]1(OCC)C([H])C(C)=C([H])C(CC)[O+:10]1([Na]) 10=20;20,21=21"
"CN([C:20](=[O:10])OC(C(C([O-:21])CCCCCC)CC)C1=CC=CC=C1)CC>>CN([C:20]1(OC(C(C([O:21]1)CCCCCC)CC)C1=CC=CC=C1)[O-:10])CC 21=20;20,10=10"
"[H][O:10]C([H])C([H])[NH][C:20]([NH]C)=[NH+:21][H].[Cl-]>>[Cl-].[H][O+:10](C([H])C([H])[NH]1)[C:20]1([NH:21][H])[NH]C 10=20;20,21=21"
"[H][O:10]C([H])C([H])C(C)[NH][C:20]([NH][H])=[NH+:21]CC.[Cl-]>>[Cl-].[H][O+:10](C([H])C([H])C(C)[NH]1)[C:20]1([NH:21]CC)[NH][H] 10=20;20,21=21"
"C1=CC=CC=C1N([C:20]1(OC(C([O:21]1)CCCCCC)C)[O-:10])CC>>C1=CC=CC=C1N([C:20](=[O:10])OC(C([O-:21])CCCCCC)C)CC 10=20;20,21=21"
"[H][O:10]C([H])C(C)C(C8=CC=CC=C8)[O][C:20]([S][H])=[O+:21][H].[Cl-]>>[Cl-].[H][O+:10](C([H])C(C)C(C8=CC=CC=C8)[O]1)[C:20]1([O:21][H])[S][H] 10=20;20,21=21"
"[O-:10]C([H])C(C)C(C)C(C)[C:20]([H])=[O:21]>>[O-:21][C:20]1([H])C(C)C(C)C(C)C([H])[O:10]1 10=20;20,21=21"
"CC[NH+:10]([H])[C:20]1([NH:21][H])[O]C(C7=CC=CC=C7)C(C8=CC=CC=C8)[O]1.[Cl-]>>[Cl-].[H][NH+:21]=[C:20]2[O]C(C7=CC=CC=C7)C(C8=CC=CC=C8)[O]2.CC[NH:10][H] 21=20;20,10=10"
"[H][S:10]C(CC)C(C)C(C8=CC=CC=C8)[S][C:20]([O][H])=[O+:21]C.[Cl-]>>[Cl-].[H][S+:10](C(CC)C(C)C(C8=CC=CC=C8)[S]1)[C:20]1([O:21]C)[O][H] 10=20;20,21=21"
"[H][NH+:10](C([H])C([H])C(CC)[O]1)[C:20]1([NH:21]CC)[O]C.[Cl-]>>[Cl-].[H][NH:10]C([H])C([H])C(CC)[O][C:20]([O]C)=[NH+:21]CC 21=20;20,10=10"
"C[O+:10]([H])[C:20]1([NH:21][H])[O]C(C7=CC=CC=C7)C([H])[O]1.[Cl-]>>[Cl-].[H][NH+:21]=[C:20]2[O]C(C7=CC=CC=C7)C([H])[O]2.C[O:10][H] 21=20;20,10=10"
"C[O:10][H].[H][O+:21]=[C:20]([S]CC)[S][H].[Cl-]>>[Cl-].C[O+:10]([H])[C:20]([O:21][H])([S]CC)[S][H] 10=20;20,21=21"
"[H]N([C:20]1(OC(C(C([O:21]1)CCCCCC)[H])CC)[O-:10])C1=CC=CC=C1>>[H]N([C:20](=[O:10])OC(C(C([O-:21])CCCCCC)[H])CC)C1=CC=CC=C1 10=20;20,21=21"
"[H][O+:10](C([H])C(C)C([H])[O]1)[C:20]1([NH:21]C)[O]CC.[Cl-]>>[Cl-].[H][O:10]C([H])C(C)C([H])[O][C:20]([O]CC)=[NH+:21]C 21=20;20,10=10"
"[H][O:10]C(C)C([H])C(CC)[NH][C:20]([O]C7=CC=CC=C7)=[NH+:21]C6=CC=CC=C6.[Cl-]>>[Cl-].[H][O+:10](C(C)C([H])C(CC)[NH]1)[C:20]1([NH:21]C6=CC=CC=C6)[O]C7=CC=CC=C7 10=20;20,21=21"
"[H][O:10][H].C6=CC=CC=C6[NH+:21]=[C:20]([O][H])[O][H].[Cl-]>>[Cl-].[H][O+:10]([H])[C:20]([NH:21]C6=CC=CC=C6)([O][H])[O][H] 10=20;20,21=21"
"C[NH+:21]=[C:20]2[O][CH]([H])[CH](C)C(C8=CC=CC=C8)[NH]2.[H][O:10][H].[Cl-]>>[Cl-].[H][O+:10]([H])[C:20]1([NH:21]C)[O][CH]([H])C(C)[CH](C8=CC=CC=C8)[NH]1 10=20;20,21=21"
"[H][O+:10](C([H])C([H])C(C8=CC=CC=C8)[O]1)[C:20]1([NH:21]CC)[NH]CC.[Cl-]>>[Cl-].[H][O:10]C([H])C([H])C(C8=CC=CC=C8)[O][C:20]([NH]CC)=[NH+:21]CC 21=20;20,10=10"
"CC[S+:10]([H])[C:20]1([O:21]C)[S]C(C7=CC=CC=C7)C(CC)[O]1.[Cl-]>>[Cl-].C[O+:21]=[C:20]2[S]C(C7=CC=CC=C7)C(CC)[O]2.CC[S:10][H] 21=20;20,10=10"
"CCN([C:20]1(OC(C(C([O:21]1)C1=CC=CC=C1)C)C1=CC=CC=C1)[O-:10])CC>>CCN([C:20](=[O:10])OC(C(C([O-:21])C1=CC=CC=C1)C)C1=CC=CC=C1)CC 10=20;20,21=21"
"CCCCCCC1C(O[C:20](N1C1=CC=CC=C1)([O-:10])[Cl:21])[H]>>CCCCCCC1C(O[C:20](=[O:10])N1C1=CC=CC=C1)[H].[Cl-:21] 10=20;20,21=21"
"CC[NH+:21]=[C:20]2[NH][CH](C)[CH]([H])C([H])[NH]2.C9=CC=CC=C9[NH:10][H].[Cl-]>>[Cl-].C9=CC=CC=C9[NH+:10]([H])[C:20]1([NH:21]CC)[NH][CH](C)C([H])[CH]([H])[NH]1 10=20;20,21=21"
"C6=CC=CC=C6[NH+:21]=[C:20]2[O][CH](CC)[CH]([H])C(C)[NH]2.[H][O:10][H].[Cl-]>>[Cl-].[H][O+:10]([H])[C:20]1([NH:21]C6=CC=CC=C6)[O][CH](CC)C([H])[CH](C)[NH]1 10=20;20,21=21"
"CC1C(C(O[C:20](=[O:10])N1C1=CC=CC=C1)CC)CCCCCC.[O-:21]C1=CC=CC=C1>>CC1C(C(O[C:20](N1C1=CC=CC=C1)([O-:10])[O:21]C1=CC=CC=C1)CC)CCCCCC 21=20;20,10=10"
"[H][S+:10](C(C9=CC=CC=C9)C(C)C(C8=CC=CC=C8)[S]1)[C:20]1([O:21][H])[S]CC.[Cl-]>>[Cl-].[H][S:10]C(C9=CC=CC=C9)C(C)C(C8=CC=CC=C8)[S][C:20]([S]CC)=[O+:21][H] 21=20;20,10=10"
"[O-:21][C:20]1(OC)C(O)C(O)C(O)C([H])[NH+:10]1(C)>>[NH:10](C)C([H])C(O)C(O)C(O)[C:20](OC)=[O:21] 21=20;20,10=10"
"C[O+:21]=[C:20]2[S][CH](C7=CC=CC=C7)[CH]([H])C([H])[O]2.CC[O:10][H].[Cl-]>>[Cl-].CC[O+:10]([H])[C:20]1([O:21]C)[S][CH](C7=CC=CC=C7)C([H])[CH]([H])[O]1 10=20;20,21=21"
"C[NH+:10]([H])[C:20]1([NH:21]C)[O][CH](C7=CC=CC=C7)C([H])[CH](C)[NH]1.[Cl-]>>[Cl-].C[NH+:21]=[C:20]2[O][CH](C7=CC=CC=C7)[CH]([H])C(C)[NH]2.C[NH:10][H] 21=20;20,10=10"
"[H][S+:10]([H])[C:20]1([O:21]C)[O]C([H])C(CC)[S]1.[Cl-]>>[Cl-].C[O+:21]=[C:20]2[O]C([H])C(CC)[S]2.[H][S:10][H] 21=20;20,10=10"
"[O-:21][C:20]1([H])[NH+:10]([H])C([H])C([H])N1[H]>>[NH:10]([H])C([H])C([H])N([C:20]([H])=[O:21])[H] 21=20;20,10=10"
"[H][O+:10](C(CC)C([H])C(C)[O]1)[C:20]1([NH:21]CC)[NH]C7=CC=CC=C7.[Cl-]>>[Cl-].[H][O:10]C(CC)C([H])C(C)[O][C:20]([NH]C7=CC=CC=C7)=[NH+:21]CC 21=20;20,10=10"
"[O-:21][C:20]1(C)C([H])=C(C)C(C)C(CCC)[O+:10]1([Na])>>[O:10]([Na])C(CCC)C(C)/C(C)=C([H])\[C:20](C)=[O:21] 21=20;20,10=10"
"[O:20]=[C:21](OC)O[H].C1=CC=CC=C1[O:10][Li]>>C1=CC=CC=C1[O+:10]([Li])[C:21]([O-:20])(OC)O[H] 10=21;21,20=20"
"[H]N([C:20]([O-:10])([O:21]N1C(=O)CCC1=O)OC)[H]>>[H]N([C:20](=[O:10])OC)[H].C1CC(=O)N(C1=O)[O-:21] 10=20;20,21=21"
"[H][NH+:10]([H])[C:20]1([NH:21]CC)[NH][CH]([H])C([H])[CH](C8=CC=CC=C8)[O]1.[Cl-]>>[Cl-].CC[NH+:21]=[C:20]2[NH][CH]([H])[CH]([H])C(C8=CC=CC=C8)[O]2.[H][NH:10][H] 21=20;20,10=10"
"[H][O:10]C(C9=CC=CC=C9)C(C)[O][C:20]([O]C)=[O+:21][H].[Cl-]>>[Cl-].[H][O+:10](C(C9=CC=CC=C9)C(C)[O]1)[C:20]1([O:21][H])[O]C 10=20;20,21=21"
"[H][O+:10](C(C9=CC=CC=C9)C(C)C(C8=CC=CC=C8)[O]1)[C:20]1([NH:21]C)[O]CC.[Cl-]>>[Cl-].[H][O:10]C(C9=CC=CC=C9)C(C)C(C8=CC=CC=C8)[O][C:20]([O]CC)=[NH+:21]C 21=20;20,10=10"
"CC[NH:10][H].[H][NH+:21]=[C:20]([O][H])[O][H].[Cl-]>>[Cl-].CC[NH+:10]([H])[C:20]([NH:21][H])([O][H])[O][H] 10=20;20,21=21"
"C[S+:10]([H])[C:20]1([O:21][H])[S]C(C)C([H])[O]1.[Cl-]>>[Cl-].[H][O+:21]=[C:20]2[S]C(C)C([H])[O]2.C[S:10][H] 21=20;20,10=10"
"C9=CC=CC=C9[NH+:10]([H])[C:20]1([NH:21]CC)[NH][CH](C7=CC=CC=C7)C([H])[CH]([H])[NH]1.[Cl-]>>[Cl-].CC[NH+:21]=[C:20]2[NH][CH](C7=CC=CC=C7)[CH]([H])C([H])[NH]2.C9=CC=CC=C9[NH:10][H] 21=20;20,10=10"
"C1=CC=CC=C1C1C(O[C:20](N1CC)([O-:10])[O:21]CC)[H]>>C1=CC=CC=C1C1C(O[C:20](=[O:10])N1CC)[H].[O-:21]CC 10=20;20,21=21"
"C1=CC=CC=C1C1C(C(O[C:20](=[O:10])N1C)C1=CC=CC=C1)CC.[O-:21][H]>>C1=CC=CC=C1C1C(C(O[C:20](N1C)([O-:10])[O:21][H])C1=CC=CC=C1)CC 21=20;20,10=10"
"C[S:10][H].C[O+:21]=[C:20]([O]C)[S][H].[Cl-]>>[Cl-].C[S+:10]([H])[C:20]([O:21]C)([O]C)[S][H] 10=20;20,21=21"
"[H][NH:10]C(C)C(C8=CC=CC=C8)[O][C:20]([O][H])=[NH+:21]C6=CC=CC=C6.[Cl-]>>[Cl-].[H][NH+:10](C(C)C(C8=CC=CC=C8)[O]1)[C:20]1([NH:21]C6=CC=CC=C6)[O][H] 10=20;20,21=21"
"CC1C(O[C:20](N1CC)([O-:10])[Cl:21])CCCCCC>>CC1C(O[C:20](=[O:10])N1CC)CCCCCC.[Cl-:21] 10=20;20,21=21"
"CCC1C(C(O[C:20](N1C1=CC=CC=C1)([O-:10])[O:21]CCCCCC)C)CCCCCC>>CCC1C(C(O[C:20](=[O:10])N1C1=CC=CC=C1)C)CCCCCC.[O-:21]CCCCCC 10=20;20,21=21"
"[H][NH+:10](C([H])C([H])C(C8=CC=CC=C8)[O]1)[C:20]1([NH:21][H])[O]C7=CC=CC=C7.[Cl-]>>[Cl-].[H][NH:10]C([H])C([H])C(C8=CC=CC=C8)[O][C:20]([O]C7=CC=CC=C7)=[NH+:21][H] 21=20;20,10=10"
"[H][O:10]C([H])C(C8=CC=CC=C8)[O][C:20]([O]CC)=[O+:21]C.[Cl-]>>[Cl-].[H][O+:10](C([H])C(C8=CC=CC=C8)[O]1)[C:20]1([O:21]C)[O]CC 10=20;20,21=21"
"C1(C(O[C:20]([O-:10])([O:21]C1CC)OCCCCCC)C)C>>C(C([O-:21])CC)(C(O[C:20](=[O:10])OCCCCCC)C)C 10=20;20,21=21"
"C[S:10][H].[H][O+:21]=[C:20]([O][H])[S]CC.[Cl-]>>[Cl-].C[S+:10]([H])[C:20]([O:21][H])([O][H])[S]CC 10=20;20,21=21"
"C9=CC=CC=C9[O:10][H].C[NH+:21]=[C:20]([NH][H])[NH]C7=CC=CC=C7.[Cl-]>>[Cl-].C9=CC=CC=C9[O+:10]([H])[C:20]([NH:21]C)([NH][H])[NH]C7=CC=CC=C7 10=20;20,21=21"
"[H][O+:10](C(C)C([H])[O]1)[C:20]1([NH:21][H])[O]C.[Cl-]>>[Cl-].[H][O:10]C(C)C([H])[O][C:20]([O]C)=[NH+:21][H] 21=20;20,10=10"
"C[NH+:21]=[C:20]2[O]C(C)C(CC)[NH]2.CC[O:10][H].[Cl-]>>[Cl-].CC[O+:10]([H])[C:20]1([NH:21]C)[O]C(C)C(CC)[NH]1 10=20;20,21=21"
"CC[S:10][H].[H][O+:21]=[C:20]([S]C)[S]C.[Cl-]>>[Cl-].CC[S+:10]([H])[C:20]([O:21][H])([S]C)[S]C 10=20;20,21=21"
"[O:10]([K])C(CCC)/C(O)=C([C:20](OC)=[O:21])/O>>[O-:21][C:20]1(OC)[O+:10]([K])C(CCC)C(O)=C1O 10=20;20,21=21"
"[H][NH+:10](C(C9=CC=CC=C9)C([H])[NH]1)[C:20]1([NH:21]CC)[O][H].[Cl-]>>[Cl-].[H][NH:10]C(C9=CC=CC=C9)C([H])[NH][C:20]([O][H])=[NH+:21]CC 21=20;20,10=10"
"C9=CC=CC=C9[NH+:10]([H])[C:20]([NH:21]C)([NH]CC)[NH]C7=CC=CC=C7.[Cl-]>>[Cl-].C9=CC=CC=C9[NH:10][H].C[NH+:21]=[C:20]([NH]CC)[NH]C7=CC=CC=C7 21=20;20,10=10"
"C(C([O-:21])CCCCCC)(C(O[C:20](=[O:10])OCCCCCC)[H])C1=CC=CC=C1>>C1(C(O[C:20]([O-:10])([O:21]C1CCCCCC)OCCCCCC)[H])C1=CC=CC=C1 21=20;20,10=10"
"C1=CC=CC=C1C1C(C(O[C:20](N1CC)([O-:10])[Cl:21])C)CC>>C1=CC=CC=C1C1C(C(O[C:20](=[O:10])N1CC)C)CC.[Cl-:21] 10=20;20,21=21"
"CC[O+:10]([H])[C:20]1([NH:21]CC)[NH]C(CC)C(C8=CC=CC=C8)[NH]1.[Cl-]>>[Cl-].CC[NH+:21]=[C:20]2[NH]C(CC)C(C8=CC=CC=C8)[NH]2.CC[O:10][H] 21=20;20,10=10"
"[O-:10]C(C(C=CC=C9)=C9[C:20](OC)=[O:21])C>>[O-:21][C:20]2([O:10]C(C7=C2C=CC=C7)C)OC 10=20;20,21=21"
"[H]N([C:20]([O-:10])(OCC)[O:21]C1=CC=CC=C1)C1=CC=CC=C1>>[H]N([C:20](=[O:10])OCC)C1=CC=CC=C1.[O-:21]C1=CC=CC=C1 10=20;20,21=21"
"C9=CC=CC=C9[S:10][H].[Si](C)(C)(C)[O+:21]=[C:20]([S]C8=CC=CC=C8)[O]CC.[Cl-]>>[Cl-].C9=CC=CC=C9[S+:10]([H])[C:20]([O:21][Si](C)(C)(C))([S]C8=CC=CC=C8)[O]CC 10=20;20,21=21"
"C9=CC=CC=C9[O:10][H].[H][O+:21]=[C:20]([O]C)[S]C7=CC=CC=C7.[Cl-]>>[Cl-].C9=CC=CC=C9[O+:10]([H])[C:20]([O:21][H])([O]C)[S]C7=CC=CC=C7 10=20;20,21=21"
"CN([C:20]1(OC(C(C([O:21]1)C)CCCCCC)C)[O-:10])CC>>CN([C:20](=[O:10])OC(C(C([O-:21])C)CCCCCC)C)CC 10=20;20,21=21"
"C(C(O[C:20](=[O:10])OC1=CC=CC=C1)CCCCCC)([O-:21])CCCCCC>>C1(C([O:21][C:20](O1)([O-:10])OC1=CC=CC=C1)CCCCCC)CCCCCC 21=20;20,10=10"
"C[O+:21]=[C:20]2[O][CH]([H])[CH](C)C(C)[S]2.CC[O:10][H].[Cl-]>>[Cl-].CC[O+:10]([H])[C:20]1([O:21]C)[O][CH]([H])C(C)[CH](C)[S]1 10=20;20,21=21"
"[O:20]=[C:21](OC1=CC=CC=C1)OCCCCCC.[H][O:10][Na]>>[H][O+:10]([Na])[C:21]([O-:20])(OC1=CC=CC=C1)OCCCCCC 10=21;21,20=20"
"CC[NH+:10]([H])[C:20]1([NH:21]CC)[O][CH](C)C([H])[CH](CC)[NH]1.[Cl-]>>[Cl-].CC[NH+:21]=[C:20]2[O][CH](C)[CH]([H])C(CC)[NH]2.CC[NH:10][H] 21=20;20,10=10"
"C6=CC=CC=C6[NH+:21]=[C:20]2[O][CH](C7=CC=CC=C7)[CH](C)C(CC)[NH]2.CC[O:10][H].[Cl-]>>[Cl-].CC[O+:10]([H])[C:20]1([NH:21]C6=CC=CC=C6)[O][CH](C7=CC=CC=C7)C(C)[CH](CC)[NH]1 10=20;20,21=21"
"CCCCCCC1C(O[C:20](N1C)([O-:10])[O:21]CCCCCC)CCCCCC>>CCCCCCC1C(O[C:20](=[O:10])N1C)CCCCCC.[O-:21]CCCCCC 10=20;20,21=21"
"[H][O:10]C(CC)C([H])C(C)[O][C:20]([S]CC)=[O+:21]C.[Cl-]>>[Cl-].[H][O+:10](C(CC)C([H])C(C)[O]1)[C:20]1([O:21]C)[S]CC 10=20;20,21=21"
"[H][NH+:10](C(C)C(C)C(C)[NH]1)[C:20]1([NH:21]C)[NH][H].[Cl-]>>[Cl-].[H][NH:10]C(C)C(C)C(C)[NH][C:20]([NH][H])=[NH+:21]C 21=20;20,10=10"
"[H]C1C(O[C:20](N1CC)([O-:10])[Cl:21])CCCCCC>>[H]C1C(O[C:20](=[O:10])N1CC)CCCCCC.[Cl-:21] 10=20;20,21=21"
"[H][NH+:21]=[C:20]2[O][CH](C7=CC=CC=C7)[CH]([H])C(CC)[O]2.C9=CC=CC=C9[O:10][H].[Cl-]>>[Cl-].C9=CC=CC=C9[O+:10]([H])[C:20]1([NH:21][H])[O][CH](C7=CC=CC=C7)C([H])[CH](CC)[O]1 10=20;20,21=21"
"CC[NH+:10]([H])[C:20]1([NH:21][H])[O]C(CC)C(CC)[NH]1.[Cl-]>>[Cl-].[H][NH+:21]=[C:20]2[O]C(CC)C(CC)[NH]2.CC[NH:10][H] 21=20;20,10=10"
"[H][O+:21]=[C:20]2[O][CH](C7=CC=CC=C7)[CH]([H])C([H])[O]2.CC[S:10][H].[Cl-]>>[Cl-].CC[S+:10]([H])[C:20]1([O:21][H])[O][CH](C7=CC=CC=C7)C([H])[CH]([H])[O]1 10=20;20,21=21"
"CCCCCCN([C:20]([O-:10])(OC)[O:21]C)C1=CC=CC=C1>>CCCCCCN([C:20](=[O:10])OC)C1=CC=CC=C1.[O-:21]C 10=20;20,21=21"
"[H][O+:10](C(CC)C([H])C(CC)[O]1)[C:20]1([NH:21][H])[NH][H].[Cl-]>>[Cl-].[H][O:10]C(CC)C([H])C(CC)[O][C:20]([NH][H])=[NH+:21][H] 21=20;20,10=10"
"[O-:10]C(CCC)C(C)C(C)C([H])[C:20](OC)=[O:21]>>[O-:21][C:20]1(OC)C([H])C(C)C(C)C(CCC)[O:10]1 10=20;20,21=21"
"[O-:21][C:20]1(C)[NH+:10]([H])C([H])C(C)C1O>>[NH:10]([H])C([H])C(C)C([C:20](C)=[O:21])O 21=20;20,10=10"
"[O-:10]C(CC)/C(O)=C([C:20](C)=[O:21])/O>>[O-:21][C:20]1(C)[O:10]C(CC)C(O)=C1O 10=20;20,21=21"
"[H][NH+:10](C(C9=CC=CC=C9)C([H])C(C8=CC=CC=C8)[O]1)[C:20]1([NH:21]CC)[NH]CC.[Cl-]>>[Cl-].[H][NH:10]C(C9=CC=CC=C9)C([H])C(C8=CC=CC=C8)[O][C:20]([NH]CC)=[NH+:21]CC 21=20;20,10=10"
"[H][NH+:10](C([H])C(C)C(C)[NH]1)[C:20]1([NH:21]C6=CC=CC=C6)[NH]CC.[Cl-]>>[Cl-].[H][NH:10]C([H])C(C)C(C)[NH][C:20]([NH]CC)=[NH+:21]C6=CC=CC=C6 21=20;20,10=10"
"C[O+:10]([K])[C:21]([O-:20])(OC)OC>>[O:20]=[C:21](OC)OC.C[O:10][K] 20=21;21,10=10"
"[H][NH+:10]([H])[C:20]1([NH:21]C)[O]C(C)C([H])[O]1.[Cl-]>>[Cl-].C[NH+:21]=[C:20]2[O]C(C)C([H])[O]2.[H][NH:10][H] 21=20;20,10=10"
"[H][O:10]C(C9=CC=CC=C9)C([H])C(C8=CC=CC=C8)[NH][C:20]([O]C7=CC=CC=C7)=[NH+:21]CC.[Cl-]>>[Cl-].[H][O+:10](C(C9=CC=CC=C9)C([H])C(C8=CC=CC=C8)[NH]1)[C:20]1([NH:21]CC)[O]C7=CC=CC=C7 10=20;20,21=21"
"CC[NH+:10]([H])[C:20]1([NH:21]CC)[NH][CH](C)C(C)[CH]([H])[O]1.[Cl-]>>[Cl-].CC[NH+:21]=[C:20]2[NH][CH](C)[CH](C)C([H])[O]2.CC[NH:10][H] 21=20;20,10=10"
"CN([C:20](=[O:10])OC(C(C([O-:21])C)CCCCCC)[H])C>>CN([C:20]1(OC(C(C([O:21]1)C)CCCCCC)[H])[O-:10])C 21=20;20,10=10"
"C9=CC=CC=C9[O+:10]([H])[C:20]1([O:21][H])[O][CH](C)C(C)[CH]([H])[O]1.[Cl-]>>[Cl-].[H][O+:21]=[C:20]2[O][CH](C)[CH](C)C([H])[O]2.C9=CC=CC=C9[O:10][H] 21=20;20,10=10"
"CCN([C:20]1(OC(C([O:21]1)C)CCCCCC)[O-:10])C>>CCN([C:20](=[O:10])OC(C([O-:21])C)CCCCCC)C 10=20;20,21=21"
"[H][NH:10]C(CC)C([H])C(CC)[NH][C:20]([NH]C)=[NH+:21]C6=CC=CC=C6.[Cl-]>>[Cl-].[H][NH+:10](C(CC)C([H])C(CC)[NH]1)[C:20]1([NH:21]C6=CC=CC=C6)[NH]C 10=20;20,21=21"
"[O-:21][C:20]2([NH+:10](C)C(C=CC=C3)=C3C2C)[H]>>[NH:10](C)C1=C(C(C)[C:20]([H])=[O:21])C=CC=C1 21=20;20,10=10"
"[Si](C)(C)(C)[O+:21]=[C:20]2[O]C(C7=CC=CC=C7)C(C)[O]2.[H][O:10][H].[Cl-]>>[Cl-].[H][O+:10]([H])[C:20]1([O:21][Si](C)(C)(C))[O]C(C7=CC=CC=C7)C(C)[O]1 10=20;20,21=21"
"[O:10]([Na])C(CCC)C([H])/C([H])=C([H])\[C:20](OC)=[O:21]>>[O-:21][C:20]1(OC)C([H])=C([H])C([H])C(CCC)[O+:10]1([Na]) 10=20;20,21=21"
"[H][O:10]C([H])C([H])C(C)[O][C:20]([O][H])=[NH+:21]CC.[Cl-]>>[Cl-].[H][O+:10](C([H])C([H])C(C)[O]1)[C:20]1([NH:21]CC)[O][H] 10=20;20,21=21"
"[H][NH+:10]([H])[C:20]1([NH:21][H])[NH]C(C7=CC=CC=C7)C(C8=CC=CC=C8)[NH]1.[Cl-]>>[Cl-].[H][NH+:21]=[C:20]2[NH]C(C7=CC=CC=C7)C(C8=CC=CC=C8)[NH]2.[H][NH:10][H] 21=20;20,10=10"
"[H][NH:10]C(CC)C(C)[NH][C:20]([NH][H])=[NH+:21]C6=CC=CC=C6.[Cl-]>>[Cl-].[H][NH+:10](C(CC)C(C)[NH]1)[C:20]1([NH:21]C6=CC=CC=C6)[NH][H] 10=20;20,21=21"
"[H][O+:10](C(CC)C([H])[O]1)[C:20]1([NH:21][H])[O]CC.[Cl-]>>[Cl-].[H][O:10]C(CC)C([H])[O][C:20]([O]CC)=[NH+:21][H] 21=20;20,10=10"
"C[O:10][H].[Si](C)(C)(C)[O+:21]=[C:20]([S]C)[O]C.[Cl-]>>[Cl-].C[O+:10]([H])[C:20]([O:21][Si](C)(C)(C))([S]C)[O]C 10=20;20,21=21"
"CC1C(C(O[C:20](N1C)([O-:10])[O:21]C1=CC=CC=C1)C)C>>CC1C(C(O[C:20](=[O:10])N1C)C)C.[O-:21]C1=CC=CC=C1 10=20;20,21=21"
"C[O+:10]([H])[C:20]1([O:21]C)[O]C([H])C(C8=CC=CC=C8)[O]1.[Cl-]>>[Cl-].C[O+:21]=[C:20]2[O]C([H])C(C8=CC=CC=C8)[O]2.C[O:10][H] 21=20;20,10=10"
"C(C([O-:21])CCCCCC)(C(O[C:20](=[O:10])OC)C1=CC=CC=C1)C>>C1(C(O[C:20]([O-:10])([O:21]C1CCCCCC)OC)C1=CC=CC=C1)C 21=20;20,10=10"
"[H][O+:10](C(CC)C(C)C([H])[NH]1)[C:20]1([NH:21]CC)[O]C7=CC=CC=C7.[Cl-]>>[Cl-].[H][O:10]C(CC)C(C)C([H])[NH][C:20]([O]C7=CC=CC=C7)=[NH+:21]CC 21=20;20,10=10"
"C9=CC=CC=C9[NH+:10]([H])[C:20]1([NH:21]CC)[NH][CH](C)C([H])[CH]([H])[O]1.[Cl-]>>[Cl-].CC[NH+:21]=[C:20]2[NH][CH](C)[CH]([H])C([H])[O]2.C9=CC=CC=C9[NH:10][H] 21=20;20,10=10"
"C(C(O[C:20](=[O:10])OC1=CC=CC=C1)CC)([O-:21])C>>C1(C([O:21][C:20](O1)([O-:10])OC1=CC=CC=C1)C)CC 21=20;20,10=10"
"C1=CC=CC=C1C1C(C(O[C:20](N1CC)([O-:10])[O:21]C)C1=CC=CC=C1)[H]>>C1=CC=CC=C1C1C(C(O[C:20](=[O:10])N1CC)C1=CC=CC=C1)[H].[O-:21]C 10=20;20,21=21"
"C[O+:10]([H])[C:20]1([O:21][H])[O][CH](C)C(C)[CH](C)[S]1.[Cl-]>>[Cl-].[H][O+:21]=[C:20]2[O][CH](C)[CH](C)C(C)[S]2.C[O:10][H] 21=20;20,10=10"
"C6=CC=CC=C6[NH+:21]=[C:20]2[O][CH](C7=CC=CC=C7)[CH]([H])C([H])[O]2.C9=CC=CC=C9[O:10][H].[Cl-]>>[Cl-].C9=CC=CC=C9[O+:10]([H])[C:20]1([NH:21]C6=CC=CC=C6)[O][CH](C7=CC=CC=C7)C([H])[CH]([H])[O]1 10=20;20,21=21"
"[H][O+:10](C([H])C([H])C(CC)[O]1)[C:20]1([O:21]C)[S]C.[Cl-]>>[Cl-].[H][O:10]C([H])C([H])C(CC)[O][C:20]([S]C)=[O+:21]C 21=20;20,10=10"
"[OH:10]C(C)C(C)C([H])C([H])[C:20](C)=[OH+:21]>>[OH:21][C:20]1(C)C([H])C([H])C(C)C(C)[OH+:10]1 10=20;20,21=21"
"[H][O:10]C(C)C(C8=CC=CC=C8)[S][C:20]([O]CC)=[O+:21][Si](C)(C)(C).[Cl-]>>[Cl-].[H][O+:10](C(C)C(C8=CC=CC=C8)[S]1)[C:20]1([O:21][Si](C)(C)(C))[O]CC 10=20;20,21=21"
"[H][S:10]C(CC)C(C)C(C)[S][C:20]([O]C)=[O+:21]C.[Cl-]>>[Cl-].[H][S+:10](C(CC)C(C)C(C)[S]1)[C:20]1([O:21]C)[O]C 10=20;20,21=21"
"[O-:10]C(CCC)C(C)C(O)C(C)[C:20]([H])=[O:21]>>[O-:21][C:20]1([H])C(C)C(O)C(C)C(CCC)[O:10]1 10=20;20,21=21"
"[H][NH+:10]([H])[C:20]([NH:21]C)([O]C8=CC=CC=C8)[O][H].[Cl-]>>[Cl-].[H][NH:10][H].C[NH+:21]=[C:20]([O]C8=CC=CC=C8)[O][H] 21=20;20,10=10"
"CN([C:20](=[O:10])OC(C(C([O-:21])C1=CC=CC=C1)[H])[H])C>>CN([C:20]1(OC(C(C([O:21]1)C1=CC=CC=C1)[H])[H])[O-:10])C 21=20;20,10=10"
"CC[NH+:10]([H])[C:20]1([NH:21]CC)[NH][CH](C7=CC=CC=C7)C([H])[CH](C8=CC=CC=C8)[O]1.[Cl-]>>[Cl-].CC[NH+:21]=[C:20]2[NH][CH](C7=CC=CC=C7)[CH]([H])C(C8=CC=CC=C8)[O]2.CC[NH:10][H] 21=20;20,10=10"
"[NH:10](C)C([H])C(C)/C(C)=C([H])\[C:20](OCC)=[O:21]>>[O-:21][C:20]1(OCC)C([H])=C(C)C(C)C([H])[NH+:10]1(C) 10=20;20,21=21"
"CCCCCCC1C(C(O[C:20](=[O:10])N1[H])C)CCCCCC.[O-:21]CC>>CCCCCCC1C(C(O[C:20](N1[H])([O-:10])[O:21]CC)C)CCCCCC 21=20;20,10=10"
"[H]C1C(C(O[C:20](N1CCCCCC)([O-:10])[Cl:21])[H])CC>>[H]C1C(C(O[C:20](=[O:10])N1CCCCCC)[H])CC.[Cl-:21] 10=20;20,21=21"
"[OH:21][CH:20]2(C)C3=C(C(C([OH+:10]2)C)[H])C=CC=C3>>[OH:10]C(C(C1=C(C=CC=C1)[CH:20](C)=[OH+:21])[H])C 21=20;20,10=10"
"C[O+:10]([H])[C:20]([O:21][H])([O]C8=CC=CC=C8)[S]C7=CC=CC=C7.[Cl-]>>[Cl-].C[O:10][H].[H][O+:21]=[C:20]([O]C8=CC=CC=C8)[S]C7=CC=CC=C7 21=20;20,10=10"
"[H][NH:10]C(C)C([H])C(CC)[NH][C:20]([NH]C7=CC=CC=C7)=[NH+:21][H].[Cl-]>>[Cl-].[H][NH+:10](C(C)C([H])C(CC)[NH]1)[C:20]1([NH:21][H])[NH]C7=CC=CC=C7 10=20;20,21=21"
"CN([C:20](=[O:10])OC(C(C([O-:21])C1=CC=CC=C1)[H])C1=CC=CC=C1)CCCCCC>>CN([C:20]1(OC(C(C([O:21]1)C1=CC=CC=C1)[H])C1=CC=CC=C1)[O-:10])CCCCCC 21=20;20,10=10"
"[H][O+:21]=[C:20]2[S][CH](CC)[CH](C)C(C)[S]2.[H][S:10][H].[Cl-]>>[Cl-].[H][S+:10]([H])[C:20]1([O:21][H])[S][CH](CC)C(C)[CH](C)[S]1 10=20;20,21=21"
"C1(C(O[C:20]([O-:10])([O:21]C1C1=CC=CC=C1)OC)C1=CC=CC=C1)[H]>>C(C([O-:21])C1=CC=CC=C1)(C(O[C:20](=[O:10])OC)C1=CC=CC=C1)[H] 10=20;20,21=21"
"CC[NH+:21]=[C:20]2[O][CH](CC)[CH](C)C(C)[NH]2.C[O:10][H].[Cl-]>>[Cl-].C[O+:10]([H])[C:20]1([NH:21]CC)[O][CH](CC)C(C)[CH](C)[NH]1 10=20;20,21=21"
"[O-:21][C:20]1(OC)C(O)C([H])C([H])C(C)[O+:10]1([K])>>[O:10]([K])C(C)C([H])C([H])C(O)[C:20](OC)=[O:21] 21=20;20,10=10"
"[O-:21][C:20]1(OCC)C([H])C(C)C([H])C(CCC)[O+:10]1([K])>>[O:10]([K])C(CCC)C([H])C(C)C([H])[C:20](OCC)=[O:21] 21=20;20,10=10"
"[H][S:10][H].[H][O+:21]=[C:20]([O]C)[O][H].[Cl-]>>[Cl-].[H][S+:10]([H])[C:20]([O:21][H])([O]C)[O][H] 10=20;20,21=21"
"C[NH+:10]([H])[C:20]([NH:21]C)([NH]C)[NH]C.[Cl-]>>[Cl-].C[NH:10][H].C[NH+:21]=[C:20]([NH]C)[NH]C 21=20;20,10=10"
"CC[S+:10]([H])[C:20]1([O:21]C)[S]C(CC)C(C8=CC=CC=C8)[S]1.[Cl-]>>[Cl-].C[O+:21]=[C:20]2[S]C(CC)C(C8=CC=CC=C8)[S]2.CC[S:10][H] 21=20;20,10=10"
"C1=CC=CC=C1N([C:20]1(OC(C(C([O:21]1)CC)[H])C)[O-:10])[H]>>C1=CC=CC=C1N([C:20](=[O:10])OC(C(C([O-:21])CC)[H])C)[H] 10=20;20,21=21"
"CCCCCCN([C:20](=[O:10])OC(C([O-:21])CC)CC)[H]>>CCCCCCN([C:20]1(OC(C([O:21]1)CC)CC)[O-:10])[H] 21=20;20,10=10"
"[H][NH+:10](C(C9=CC=CC=C9)C(C)C(C8=CC=CC=C8)[NH]1)[C:20]1([NH:21][H])[NH]CC.[Cl-]>>[Cl-].[H][NH:10]C(C9=CC=CC=C9)C(C)C(C8=CC=CC=C8)[NH][C:20]([NH]CC)=[NH+:21][H] 21=20;20,10=10"
"CC[NH+:21]=[C:20]2[O]C(CC)C([H])[NH]2.[H][NH:10][H].[Cl-]>>[Cl-].[H][NH+:10]([H])[C:20]1([NH:21]CC)[O]C(CC)C([H])[NH]1 10=20;20,21=21"
"C9=CC=CC=C9[S+:10]([H])[C:20]([O:21]C)([O]CC)[O]C.[Cl-]>>[Cl-].C9=CC=CC=C9[S:10][H].C[O+:21]=[C:20]([O]CC)[O]C 21=20;20,10=10"
"C[S+:10]([H])[C:20]([O:21]C)([S]C)[O]C7=CC=CC=C7.[Cl-]>>[Cl-].C[S:10][H].C[O+:21]=[C:20]([S]C)[O]C7=CC=CC=C7 21=20;20,10=10"
"[O:10]([Na])C([H])C([H])C([H])C(O)[C:20]([H])=[O:21]>>[O-:21][C:20]1([H])C(O)C([H])C([H])C([H])[O+:10]1([Na]) 10=20;20,21=21"
"[H][O:10]C(C9=CC=CC=C9)C([H])C(C)[O][C:20]([O][H])=[NH+:21][H].[Cl-]>>[Cl-].[H][O+:10](C(C9=CC=CC=C9)C([H])C(C)[O]1)[C:20]1([NH:21][H])[O][H] 10=20;20,21=21"
"[H][O+:10]([H])[C:20]1([NH:21]C6=CC=CC=C6)[NH][CH](C)C([H])[CH](C)[O]1.[Cl-]>>[Cl-].C6=CC=CC=C6[NH+:21]=[C:20]2[NH][CH](C)[CH]([H])C(C)[O]2.[H][O:10][H] 21=20;20,10=10"
"C1=CC=CC=C1C1C(C(O[C:20](N1[H])([O-:10])[O:21][H])[H])CC>>C1=CC=CC=C1C1C(C(O[C:20](=[O:10])N1[H])[H])CC.[O-:21][H] 10=20;20,21=21"
"[H][NH:10]C(C9=CC=CC=C9)C([H])C([H])[NH][C:20]([O]C)=[NH+:21]CC.[Cl-]>>[Cl-].[H][NH+:10](C(C9=CC=CC=C9)C([H])C([H])[NH]1)[C:20]1([NH:21]CC)[O]C 10=20;20,21=21"
"C6=CC=CC=C6[NH+:21]=[C:20]2[O][CH]([H])[CH]([H])C(C)[O]2.C[NH:10][H].[Cl-]>>[Cl-].C[NH+:10]([H])[C:20]1([NH:21]C6=CC=CC=C6)[O][CH]([H])C([H])[CH](C)[O]1 10=20;20,21=21"
"[OH:10]C(CCC)C([H])/C([H])=C([H])\[C:20](C)=[OH+:21]>>[OH:21][C:20]1(C)C([H])=C([H])C([H])C(CCC)[OH+:10]1 10=20;20,21=21"
"C1=CC=CC=C1C1C(C(O[C:20](=[O:10])N1CCCCCC)[H])CC.[O-:21]C>>C1=CC=CC=C1C1C(C(O[C:20](N1CCCCCC)([O-:10])[O:21]C)[H])CC 21=20;20,10=10"
"[H][O+:10](C([H])C([H])C(CC)[O]1)[C:20]1([NH:21]C)[O]C7=CC=CC=C7.[Cl-]>>[Cl-].[H][O:10]C([H])C([H])C(CC)[O][C:20]([O]C7=CC=CC=C7)=[NH+:21]C 21=20;20,10=10"
"C[NH+:21]=[C:20]2[NH]C(CC)C(C)[NH]2.CC[NH:10][H].[Cl-]>>[Cl-].CC[NH+:10]([H])[C:20]1([NH:21]C)[NH]C(CC)C(C)[NH]1 10=20;20,21=21"
"C[NH+:21]=[C:20]2[O]C(C7=CC=CC=C7)C([H])[NH]2.[H][NH:10][H].[Cl-]>>[Cl-].[H][NH+:10]([H])[C:20]1([NH:21]C)[O]C(C7=CC=CC=C7)C([H])[NH]1 10=20;20,21=21"
"[O-:10]C(C(C1=C(C=CC=C1)[CH:20](OCC)=[O:21])O)[H]>>[O-:21][CH:20]2(OCC)C3=C(C(C([O:10]2)[H])O)C=CC=C3  10=20;20,21=21"
"[H][NH+:10]([H])[C:20]1([NH:21]CC)[NH][CH](C)C(C)[CH](CC)[NH]1.[Cl-]>>[Cl-].CC[NH+:21]=[C:20]2[NH][CH](C)[CH](C)C(CC)[NH]2.[H][NH:10][H] 21=20;20,10=10"
"C[O+:21]=[C:20]2[O][CH](CC)[CH]([H])C(CC)[S]2.CC[O:10][H].[Cl-]>>[Cl-].CC[O+:10]([H])[C:20]1([O:21]C)[O][CH](CC)C([H])[CH](CC)[S]1 10=20;20,21=21"
"CC[O+:10]([H])[C:20]([NH:21]C)([O][H])[O][H].[Cl-]>>[Cl-].CC[O:10][H].C[NH+:21]=[C:20]([O][H])[O][H] 21=20;20,10=10"
"[H][O:10]C([H])C([H])[O][C:20]([NH]C7=CC=CC=C7)=[NH+:21]C.[Cl-]>>[Cl-].[H][O+:10](C([H])C([H])[O]1)[C:20]1([NH:21]C)[NH]C7=CC=CC=C7 10=20;20,21=21"
"[H][O:10]C(C9=CC=CC=C9)C(C)C(CC)[S][C:20]([S]CC)=[O+:21][H].[Cl-]>>[Cl-].[H][O+:10](C(C9=CC=CC=C9)C(C)C(CC)[S]1)[C:20]1([O:21][H])[S]CC 10=20;20,21=21"
"[H][NH+:10]([H])[C:20]1([NH:21]C6=CC=CC=C6)[O][CH](C)C([H])[CH](C8=CC=CC=C8)[NH]1.[Cl-]>>[Cl-].C6=CC=CC=C6[NH+:21]=[C:20]2[O][CH](C)[CH]([H])C(C8=CC=CC=C8)[NH]2.[H][NH:10][H] 21=20;20,10=10"
"[H][S:10]C([H])C(C)C(C8=CC=CC=C8)[O][C:20]([O]CC)=[O+:21]C.[Cl-]>>[Cl-].[H][S+:10](C([H])C(C)C(C8=CC=CC=C8)[O]1)[C:20]1([O:21]C)[O]CC 10=20;20,21=21"
"C[O+:21]=[C:20]2[O]C(C7=CC=CC=C7)C(CC)[S]2.[H][S:10][H].[Cl-]>>[Cl-].[H][S+:10]([H])[C:20]1([O:21]C)[O]C(C7=CC=CC=C7)C(CC)[S]1 10=20;20,21=21"
"[H]N([C:20]1(OC(C(C([O:21]1)C)C)CC)[O-:10])[H]>>[H]N([C:20](=[O:10])OC(C(C([O-:21])C)C)CC)[H] 10=20;20,21=21"
"[H][NH+:21]=[C:20]2[O][CH]([H])[CH]([H])C(C8=CC=CC=C8)[NH]2.CC[NH:10][H].[Cl-]>>[Cl-].CC[NH+:10]([H])[C:20]1([NH:21][H])[O][CH]([H])C([H])[CH](C8=CC=CC=C8)[NH]1 10=20;20,21=21"
"CCC1C(C(O[C:20](=[O:10])N1C)C)CCCCCC.[O-:21]CC>>CCC1C(C(O[C:20](N1C)([O-:10])[O:21]CC)C)CCCCCC 21=20;20,10=10"
"[H][O:10][H].[H][O+:21]=[C:20]([S][H])[S][H].[Cl-]>>[Cl-].[H][O+:10]([H])[C:20]([O:21][H])([S][H])[S][H] 10=20;20,21=21"
"[O-:21][C:20]1(OCC)C(C)C(C)=C([H])C(CC)[O+:10]1([K])>>[O:10]([K])C(CC)/C([H])=C(C)\C(C)[C:20](OCC)=[O:21] 21=20;20,10=10"
"CC[S+:10]([H])[C:20]1([O:21][H])[O][CH]([H])C([H])[CH](C)[O]1.[Cl-]>>[Cl-].[H][O+:21]=[C:20]2[O][CH]([H])[CH]([H])C(C)[O]2.CC[S:10][H] 21=20;20,10=10"
"C6=CC=CC=C6[NH+:21]=[C:20]2[NH][CH]([H])[CH](C)C(C8=CC=CC=C8)[O]2.[H][O:10][H].[Cl-]>>[Cl-].[H][O+:10]([H])[C:20]1([NH:21]C6=CC=CC=C6)[NH][CH]([H])C(C)[CH](C8=CC=CC=C8)[O]1 10=20;20,21=21"
"[H][O+:10](C(C)C([H])C([H])[O]1)[C:20]1([NH:21]C6=CC=CC=C6)[O]C7=CC=CC=C7.[Cl-]>>[Cl-].[H][O:10]C(C)C([H])C([H])[O][C:20]([O]C7=CC=CC=C7)=[NH+:21]C6=CC=CC=C6 21=20;20,10=10"
"[H][O+:10]([H])[C:20]([NH:21][H])([NH][H])[NH]CC.[Cl-]>>[Cl-].[H][O:10][H].[H][NH+:21]=[C:20]([NH][H])[NH]CC 21=20;20,10=10"
"[O-:10]C([H])C([H])C(C)C([H])[C:20](OCC)=[O:21]>>[O-:21][C:20]1(OCC)C([H])C(C)C([H])C([H])[O:10]1 10=20;20,21=21"
"CCN([C:20](=[O:10])OC(C(C([O-:21])CCCCCC)CC)[H])CCCCCC>>CCN([C:20]1(OC(C(C([O:21]1)CCCCCC)CC)[H])[O-:10])CCCCCC 21=20;20,10=10"
"[H][O:10]C([H])C([H])C(C)[O][C:20]([S]C)=[O+:21][H].[Cl-]>>[Cl-].[H][O+:10](C([H])C([H])C(C)[O]1)[C:20]1([O:21][H])[S]C 10=20;20,21=21"
"CC[O+:10]([H])[C:20]1([NH:21]C6=CC=CC=C6)[NH][CH]([H])C([H])[CH](C)[O]1.[Cl-]>>[Cl-].C6=CC=CC=C6[NH+:21]=[C:20]2[NH][CH]([H])[CH]([H])C(C)[O]2.CC[O:10][H] 21=20;20,10=10"
"[H]N([C:20]1(OC(C(C([O:21]1)C)[H])CCCCCC)[O-:10])CC>>[H]N([C:20](=[O:10])OC(C(C([O-:21])C)[H])CCCCCC)CC 10=20;20,21=21"
"[H][O:10]C(C9=CC=CC=C9)C([H])[S][C:20]([O]CC)=[O+:21][H].[Cl-]>>[Cl-].[H][O+:10](C(C9=CC=CC=C9)C([H])[S]1)[C:20]1([O:21][H])[O]CC 10=20;20,21=21"
"C1(C(O[C:20]([O-:10])([O:21]C1[H])OC)C)CC>>C(C([O-:21])[H])(C(O[C:20](=[O:10])OC)C)CC 10=20;20,21=21"
"[H]C1C(C(O[C:20](N1CCCCCC)([O-:10])[O:21]CC)[H])CCCCCC>>[H]C1C(C(O[C:20](=[O:10])N1CCCCCC)[H])CCCCCC.[O-:21]CC 10=20;20,21=21"
"C9=CC=CC=C9[O+:10]([H])[C:20]1([O:21][H])[O]C(CC)C([H])[O]1.[Cl-]>>[Cl-].[H][O+:21]=[C:20]2[O]C(CC)C([H])[O]2.C9=CC=CC=C9[O:10][H] 21=20;20,10=10"
"[NH:10](C)C(CC)C([H])C(C)C(C)[C:20](OCC)=[O:21]>>[O-:21][C:20]1(OCC)C(C)C(C)C([H])C(CC)[NH+:10]1(C) 10=20;20,21=21"
"[O-:21][C:20]1(C)[O:10]C(CC)C(C)C1O>>[O-:10]C(CC)C(C)C([C:20](C)=[O:21])O 21=20;20,10=10"
"[H][O+:10]([H])[C:20]([O:21][H])([S]CC)[O][H].[Cl-]>>[Cl-].[H][O:10][H].[H][O+:21]=[C:20]([S]CC)[O][H] 21=20;20,10=10"
"C1=CC=CC=C1C1C(C(O[C:20](=[O:10])N1CC)C)C.[O-:21]C>>C1=CC=CC=C1C1C(C(O[C:20](N1CC)([O-:10])[O:21]C)C)C 21=20;20,10=10"
"CC1C(O[C:20](N1CC)([O-:10])[O:21][H])C>>CC1C(O[C:20](=[O:10])N1CC)C.[O-:21][H] 10=20;20,21=21"
"[H][O+:10](C(C)C([H])[O]1)[C:20]1([NH:21]CC)[NH]CC.[Cl-]>>[Cl-].[H][O:10]C(C)C([H])[O][C:20]([NH]CC)=[NH+:21]CC 21=20;20,10=10"
"[H][O+:21]=[C:20]2[S][CH](C)[CH]([H])C(C8=CC=CC=C8)[O]2.[H][S:10][H].[Cl-]>>[Cl-].[H][S+:10]([H])[C:20]1([O:21][H])[S][CH](C)C([H])[CH](C8=CC=CC=C8)[O]1 10=20;20,21=21"
"[H][O+:21]=[C:20]2[S][CH](CC)[CH](C)C(CC)[O]2.CC[O:10][H].[Cl-]>>[Cl-].CC[O+:10]([H])[C:20]1([O:21][H])[S][CH](CC)C(C)[CH](CC)[O]1 10=20;20,21=21"
"C(C([O-:21])C)(C(O[C:20](=[O:10])OCC)CC)CC>>C1(C(O[C:20]([O-:10])([O:21]C1C)OCC)CC)CC 21=20;20,10=10"
"[H][O:10]C(CC)C([H])C(C)[O][C:20]([S]C7=CC=CC=C7)=[O+:21]C.[Cl-]>>[Cl-].[H][O+:10](C(CC)C([H])C(C)[O]1)[C:20]1([O:21]C)[S]C7=CC=CC=C7 10=20;20,21=21"
"[H][NH+:10]([H])[C:20]([NH:21]C6=CC=CC=C6)([NH]CC)[NH]C7=CC=CC=C7.[Cl-]>>[Cl-].[H][NH:10][H].C6=CC=CC=C6[NH+:21]=[C:20]([NH]CC)[NH]C7=CC=CC=C7 21=20;20,10=10"
"[H][O+:10](C(CC)C(C)C(C)[O]1)[C:20]1([O:21][H])[S]CC.[Cl-]>>[Cl-].[H][O:10]C(CC)C(C)C(C)[O][C:20]([S]CC)=[O+:21][H] 21=20;20,10=10"
"[H][O+:10]([H])[C:20]([NH:21][H])([O]C8=CC=CC=C8)[NH]C.[Cl-]>>[Cl-].[H][O:10][H].[H][NH+:21]=[C:20]([O]C8=CC=CC=C8)[NH]C 21=20;20,10=10"
"C[O:10][H].CC[NH+:21]=[C:20]([O]CC)[NH]C.[Cl-]>>[Cl-].C[O+:10]([H])[C:20]([NH:21]CC)([O]CC)[NH]C 10=20;20,21=21"
"[H][NH+:10](C([H])C(CC)[NH]1)[C:20]1([NH:21]C6=CC=CC=C6)[O]CC.[Cl-]>>[Cl-].[H][NH:10]C([H])C(CC)[NH][C:20]([O]CC)=[NH+:21]C6=CC=CC=C6 21=20;20,10=10"
"[H][O:10]C([H])C([H])C(C)[NH][C:20]([O]C7=CC=CC=C7)=[NH+:21]C.[Cl-]>>[Cl-].[H][O+:10](C([H])C([H])C(C)[NH]1)[C:20]1([NH:21]C)[O]C7=CC=CC=C7 10=20;20,21=21"
"[H][O:10]C(CC)C(C8=CC=CC=C8)[NH][C:20]([NH]CC)=[NH+:21][H].[Cl-]>>[Cl-].[H][O+:10](C(CC)C(C8=CC=CC=C8)[NH]1)[C:20]1([NH:21][H])[NH]CC 10=20;20,21=21"
"CC[NH+:21]=[C:20]2[NH][CH](C7=CC=CC=C7)[CH](C)C(CC)[O]2.[H][O:10][H].[Cl-]>>[Cl-].[H][O+:10]([H])[C:20]1([NH:21]CC)[NH][CH](C7=CC=CC=C7)C(C)[CH](CC)[O]1 10=20;20,21=21"
"[H][NH+:10]([H])[C:20]([NH:21]C6=CC=CC=C6)([NH][H])[O]CC.[Cl-]>>[Cl-].[H][NH:10][H].C6=CC=CC=C6[NH+:21]=[C:20]([NH][H])[O]CC 21=20;20,10=10"
"[H][NH:10][H].CC[NH+:21]=[C:20]([O][H])[NH]C.[Cl-]>>[Cl-].[H][NH+:10]([H])[C:20]([NH:21]CC)([O][H])[NH]C 10=20;20,21=21"
"[H][NH+:10]([H])[C:20]([NH:21]CC)([NH][H])[O]C7=CC=CC=C7.[Cl-]>>[Cl-].[H][NH:10][H].CC[NH+:21]=[C:20]([NH][H])[O]C7=CC=CC=C7 21=20;20,10=10"
"C9=CC=CC=C9[O+:10]([H])[C:20]1([O:21]C)[O][CH](C)C([H])[CH](C)[S]1.[Cl-]>>[Cl-].C[O+:21]=[C:20]2[O][CH](C)[CH]([H])C(C)[S]2.C9=CC=CC=C9[O:10][H] 21=20;20,10=10"
"CCC1C(C(O[C:20](=[O:10])N1CC)[H])C.[O-:21]CC>>CCC1C(C(O[C:20](N1CC)([O-:10])[O:21]CC)[H])C 21=20;20,10=10"
"[H][O:10]C(CC)C(C)C(C)[O][C:20]([O]C7=CC=CC=C7)=[O+:21][H].[Cl-]>>[Cl-].[H][O+:10](C(CC)C(C)C(C)[O]1)[C:20]1([O:21][H])[O]C7=CC=CC=C7 10=20;20,21=21"
"[H][O:10]C(CC)C([H])C(C8=CC=CC=C8)[S][C:20]([S][H])=[O+:21][H].[Cl-]>>[Cl-].[H][O+:10](C(CC)C([H])C(C8=CC=CC=C8)[S]1)[C:20]1([O:21][H])[S][H] 10=20;20,21=21"
"CCCCCCC1C(O[C:20](N1CC)([O-:10])[Cl:21])C1=CC=CC=C1>>CCCCCCC1C(O[C:20](=[O:10])N1CC)C1=CC=CC=C1.[Cl-:21] 10=20;20,21=21"
"[O-:10]C(C)C(O)C([C:20](OC)=[O:21])[H]>>[O-:21][C:20]1(OC)[O:10]C(C)C(O)C1[H] 10=20;20,21=21"
"[H][O:10]C([H])C([H])C(C8=CC=CC=C8)[O][C:20]([O]C7=CC=CC=C7)=[O+:21][H].[Cl-]>>[Cl-].[H][O+:10](C([H])C([H])C(C8=CC=CC=C8)[O]1)[C:20]1([O:21][H])[O]C7=CC=CC=C7 10=20;20,21=21"
"[H][O+:21]=[C:20]2[S][CH](C)[CH]([H])C(CC)[S]2.[H][S:10][H].[Cl-]>>[Cl-].[H][S+:10]([H])[C:20]1([O:21][H])[S][CH](C)C([H])[CH](CC)[S]1 10=20;20,21=21"
"[OH:10]C(C)C(O)C([C:20](OC)=[OH+:21])C>>[OH:21][C:20]1(OC)[OH+:10]C(C)C(O)C1C 10=20;20,21=21"
"[H][O+:21]=[C:20]2[S]C(C7=CC=CC=C7)C(CC)[O]2.C9=CC=CC=C9[O:10][H].[Cl-]>>[Cl-].C9=CC=CC=C9[O+:10]([H])[C:20]1([O:21][H])[S]C(C7=CC=CC=C7)C(CC)[O]1 10=20;20,21=21"
"[H][S+:10](C(CC)C(CC)[S]1)[C:20]1([O:21][Si](C)(C)(C))[O]C7=CC=CC=C7.[Cl-]>>[Cl-].[H][S:10]C(CC)C(CC)[S][C:20]([O]C7=CC=CC=C7)=[O+:21][Si](C)(C)(C) 21=20;20,10=10"
"C[NH+:21]=[C:20]2[NH]C(CC)C([H])[O]2.C9=CC=CC=C9[O:10][H].[Cl-]>>[Cl-].C9=CC=CC=C9[O+:10]([H])[C:20]1([NH:21]C)[NH]C(CC)C([H])[O]1 10=20;20,21=21"
"[Si](C)(C)(C)[O+:21]=[C:20]2[S]C([H])C(C8=CC=CC=C8)[S]2.CC[S:10][H].[Cl-]>>[Cl-].CC[S+:10]([H])[C:20]1([O:21][Si](C)(C)(C))[S]C([H])C(C8=CC=CC=C8)[S]1 10=20;20,21=21"
"CC[NH+:10]([H])[C:20]([NH:21]C6=CC=CC=C6)([O]C)[NH][H].[Cl-]>>[Cl-].CC[NH:10][H].C6=CC=CC=C6[NH+:21]=[C:20]([O]C)[NH][H] 21=20;20,10=10"
"[H][O+:10](C([H])C(CC)[S]1)[C:20]1([O:21][H])[O]CC.[Cl-]>>[Cl-].[H][O:10]C([H])C(CC)[S][C:20]([O]CC)=[O+:21][H] 21=20;20,10=10"
"[OH:21][C:20]1([H])[OH+:10]C([H])C(O)C1[H]>>[OH:10]C([H])C(O)C([C:20]([H])=[OH+:21])[H] 21=20;20,10=10"
"CC1C(O[C:20](N1C)([O-:10])[Cl:21])CCCCCC>>CC1C(O[C:20](=[O:10])N1C)CCCCCC.[Cl-:21] 10=20;20,21=21"
"C[NH+:21]=[C:20]2[NH][CH](C)[CH]([H])C(CC)[NH]2.CC[O:10][H].[Cl-]>>[Cl-].CC[O+:10]([H])[C:20]1([NH:21]C)[NH][CH](C)C([H])[CH](CC)[NH]1 10=20;20,21=21"
"C6=CC=CC=C6[NH+:21]=[C:20]2[O][CH]([H])[CH](C)C([H])[O]2.CC[NH:10][H].[Cl-]>>[Cl-].CC[NH+:10]([H])[C:20]1([NH:21]C6=CC=CC=C6)[O][CH]([H])C(C)[CH]([H])[O]1 10=20;20,21=21"
"[H]C1C(C(O[C:20](N1CC)([O-:10])[O:21]C)[H])CCCCCC>>[H]C1C(C(O[C:20](=[O:10])N1CC)[H])CCCCCC.[O-:21]C 10=20;20,21=21"
"C9=CC=CC=C9[S+:10]([H])[C:20]([O:21]C)([S]CC)[S]C.[Cl-]>>[Cl-].C9=CC=CC=C9[S:10][H].C[O+:21]=[C:20]([S]CC)[S]C 21=20;20,10=10"
"C1=CC=CC=C1N([C:20]1(OC(C([O:21]1)C1=CC=CC=C1)CCCCCC)[O-:10])[H]>>C1=CC=CC=C1N([C:20](=[O:10])OC(C([O-:21])C1=CC=CC=C1)CCCCCC)[H] 10=20;20,21=21"
"[H][NH+:10](C([H])C(C8=CC=CC=C8)[O]1)[C:20]1([NH:21]CC)[NH]CC.[Cl-]>>[Cl-].[H][NH:10]C([H])C(C8=CC=CC=C8)[O][C:20]([NH]CC)=[NH+:21]CC 21=20;20,10=10"
"C[NH+:10]([H])[C:20]([NH:21]CC)([NH]CC)[O]C.[Cl-]>>[Cl-].C[NH:10][H].CC[NH+:21]=[C:20]([NH]CC)[O]C 21=20;20,10=10"
"[H][O+:10](C(C)C([H])C(C)[NH]1)[C:20]1([NH:21]CC)[O]C7=CC=CC=C7.[Cl-]>>[Cl-].[H][O:10]C(C)C([H])C(C)[NH][C:20]([O]C7=CC=CC=C7)=[NH+:21]CC 21=20;20,10=10"
"[H][O:10]C(CC)C(C)C(C8=CC=CC=C8)[O][C:20]([O]C7=CC=CC=C7)=[O+:21][H].[Cl-]>>[Cl-].[H][O+:10](C(CC)C(C)C(C8=CC=CC=C8)[O]1)[C:20]1([O:21][H])[O]C7=CC=CC=C7 10=20;20,21=21"
"[CH:20](O)([Br:21])CC>>[CH+:20](O)CC.[Br-:21] 20,21=21"
"CC1C(C(O[C:20](=[O:10])N1C1=CC=CC=C1)[H])CCCCCC.[O-:21]CC>>CC1C(C(O[C:20](N1C1=CC=CC=C1)([O-:10])[O:21]CC)[H])CCCCCC 21=20;20,10=10"
"CC[NH+:21]=[C:20]2[O]C(C7=CC=CC=C7)C([H])[NH]2.C9=CC=CC=C9[O:10][H].[Cl-]>>[Cl-].C9=CC=CC=C9[O+:10]([H])[C:20]1([NH:21]CC)[O]C(C7=CC=CC=C7)C([H])[NH]1 10=20;20,21=21"
"C[NH+:21]=[C:20]2[O][CH](CC)[CH](C)C(CC)[NH]2.C9=CC=CC=C9[NH:10][H].[Cl-]>>[Cl-].C9=CC=CC=C9[NH+:10]([H])[C:20]1([NH:21]C)[O][CH](CC)C(C)[CH](CC)[NH]1 10=20;20,21=21"
"[H][S+:10](C([H])C([H])C(C)[O]1)[C:20]1([O:21][H])[S]C.[Cl-]>>[Cl-].[H][S:10]C([H])C([H])C(C)[O][C:20]([S]C)=[O+:21][H] 21=20;20,10=10"
"[OH:10]C(CCC)C([H])C(C)C(O)[C:20](OC)=[OH+:21]>>[OH:21][C:20]1(OC)C(O)C(C)C([H])C(CCC)[OH+:10]1 10=20;20,21=21"
"[H][O:10]C(C9=CC=CC=C9)C([H])C(C)[NH][C:20]([O]C)=[NH+:21]CC.[Cl-]>>[Cl-].[H][O+:10](C(C9=CC=CC=C9)C([H])C(C)[NH]1)[C:20]1([NH:21]CC)[O]C 10=20;20,21=21"
"[H][NH:10]C([H])C(C)[O][C:20]([NH]CC)=[NH+:21]CC.[Cl-]>>[Cl-].[H][NH+:10](C([H])C(C)[O]1)[C:20]1([NH:21]CC)[NH]CC 10=20;20,21=21"
"[H][S+:10](C(CC)C(C)C([H])[O]1)[C:20]1([O:21]C)[S][H].[Cl-]>>[Cl-].[H][S:10]C(CC)C(C)C([H])[O][C:20]([S][H])=[O+:21]C 21=20;20,10=10"
"[O-:21][C:20]1([H])[O:10]C(CC)C(O)C1[H]>>[O-:10]C(CC)C(O)C([C:20]([H])=[O:21])[H] 21=20;20,10=10"
"CCC1C(C(O[C:20](N1[H])([O-:10])[O:21]C)CC)CCCCCC>>CCC1C(C(O[C:20](=[O:10])N1[H])CC)CCCCCC.[O-:21]C 10=20;20,21=21"
"[H][O+:21]=[C:20]2[S][CH](C7=CC=CC=C7)[CH](C)C(CC)[O]2.C9=CC=CC=C9[O:10][H].[Cl-]>>[Cl-].C9=CC=CC=C9[O+:10]([H])[C:20]1([O:21][H])[S][CH](C7=CC=CC=C7)C(C)[CH](CC)[O]1 10=20;20,21=21"
"[H][O:10]C(C)C(C)C([H])[O][C:20]([O]C7=CC=CC=C7)=[NH+:21]C.[Cl-]>>[Cl-].[H][O+:10](C(C)C(C)C([H])[O]1)[C:20]1([NH:21]C)[O]C7=CC=CC=C7 10=20;20,21=21"
"[H][NH+:10](C(C9=CC=CC=C9)C(C)[O]1)[C:20]1([NH:21]C6=CC=CC=C6)[O][H].[Cl-]>>[Cl-].[H][NH:10]C(C9=CC=CC=C9)C(C)[O][C:20]([O][H])=[NH+:21]C6=CC=CC=C6 21=20;20,10=10"
"[H][O+:10](C(CC)C(CC)[S]1)[C:20]1([O:21][H])[O][H].[Cl-]>>[Cl-].[H][O:10]C(CC)C(CC)[S][C:20]([O][H])=[O+:21][H] 21=20;20,10=10"
"CCCCCCC1C(O[C:20](N1CCCCCC)([O-:10])[O:21]C1=CC=CC=C1)[H]>>CCCCCCC1C(O[C:20](=[O:10])N1CCCCCC)[H].[O-:21]C1=CC=CC=C1 10=20;20,21=21"
"[H][O+:10](C(CC)C(C)C([H])[O]1)[C:20]1([NH:21]C6=CC=CC=C6)[NH]C7=CC=CC=C7.[Cl-]>>[Cl-].[H][O:10]C(CC)C(C)C([H])[O][C:20]([NH]C7=CC=CC=C7)=[NH+:21]C6=CC=CC=C6 21=20;20,10=10"
"[H][O+:10](C(C)C([H])C(C)[S]1)[C:20]1([O:21]C)[O]C7=CC=CC=C7.[Cl-]>>[Cl-].[H][O:10]C(C)C([H])C(C)[S][C:20]([O]C7=CC=CC=C7)=[O+:21]C 21=20;20,10=10"
"[H][O:10]C(C)C(C8=CC=CC=C8)[O][C:20]([NH]C)=[NH+:21]C6=CC=CC=C6.[Cl-]>>[Cl-].[H][O+:10](C(C)C(C8=CC=CC=C8)[O]1)[C:20]1([NH:21]C6=CC=CC=C6)[NH]C 10=20;20,21=21"
"[O-:21][C:20]1([H])[O+:10]([K])C([H])C(O)C1[H]>>[O:10]([K])C([H])C(O)C([C:20]([H])=[O:21])[H] 21=20;20,10=10"
"[H][O+:10](C(CC)C(CC)[O]1)[C:20]1([O:21][Si](C)(C)(C))[S]C.[Cl-]>>[Cl-].[H][O:10]C(CC)C(CC)[O][C:20]([S]C)=[O+:21][Si](C)(C)(C) 21=20;20,10=10"
"[H][S:10]C([H])C(C8=CC=CC=C8)[S][C:20]([O]C7=CC=CC=C7)=[O+:21][H].[Cl-]>>[Cl-].[H][S+:10](C([H])C(C8=CC=CC=C8)[S]1)[C:20]1([O:21][H])[O]C7=CC=CC=C7 10=20;20,21=21"
"[H][NH+:21]=[C:20]2[NH][CH](C)[CH](C)C(CC)[O]2.CC[O:10][H].[Cl-]>>[Cl-].CC[O+:10]([H])[C:20]1([NH:21][H])[NH][CH](C)C(C)[CH](CC)[O]1 10=20;20,21=21"
"[H][S:10]C(CC)C([H])C(C8=CC=CC=C8)[O][C:20]([O]C)=[O+:21][H].[Cl-]>>[Cl-].[H][S+:10](C(CC)C([H])C(C8=CC=CC=C8)[O]1)[C:20]1([O:21][H])[O]C 10=20;20,21=21"
"[H][O:10]C([H])C(C)[S][C:20]([O]C7=CC=CC=C7)=[O+:21]C.[Cl-]>>[Cl-].[H][O+:10](C([H])C(C)[S]1)[C:20]1([O:21]C)[O]C7=CC=CC=C7 10=20;20,21=21"
"[H][NH+:10]([H])[C:20]1([NH:21]C)[O][CH]([H])C(C)[CH](CC)[NH]1.[Cl-]>>[Cl-].C[NH+:21]=[C:20]2[O][CH]([H])[CH](C)C(CC)[NH]2.[H][NH:10][H] 21=20;20,10=10"
"C[NH+:10]([H])[C:20]1([NH:21]CC)[NH]C(C7=CC=CC=C7)C(CC)[O]1.[Cl-]>>[Cl-].CC[NH+:21]=[C:20]2[NH]C(C7=CC=CC=C7)C(CC)[O]2.C[NH:10][H] 21=20;20,10=10"
"C9=CC=CC=C9[O+:10]([H])[C:20]1([NH:21]C)[NH]C(CC)C([H])[O]1.[Cl-]>>[Cl-].C[NH+:21]=[C:20]2[NH]C(CC)C([H])[O]2.C9=CC=CC=C9[O:10][H] 21=20;20,10=10"
"C[NH+:10]([H])[C:20]1([NH:21]C)[NH][CH]([H])C(C)[CH](C8=CC=CC=C8)[O]1.[Cl-]>>[Cl-].C[NH+:21]=[C:20]2[NH][CH]([H])[CH](C)C(C8=CC=CC=C8)[O]2.C[NH:10][H] 21=20;20,10=10"
"[H]N([C:20]([O-:10])(OC)[O:21]CCCCCC)[H]>>[H]N([C:20](=[O:10])OC)[H].[O-:21]CCCCCC 10=20;20,21=21"
"[OH:10]C(CCC)C([H])/C(C)=C(C)\[C:20](OC)=[OH+:21]>>[OH:21][C:20]1(OC)C(C)=C(C)C([H])C(CCC)[OH+:10]1 10=20;20,21=21"
"[H][O:10]C(C9=CC=CC=C9)C([H])[O][C:20]([O]CC)=[O+:21]C.[Cl-]>>[Cl-].[H][O+:10](C(C9=CC=CC=C9)C([H])[O]1)[C:20]1([O:21]C)[O]CC 10=20;20,21=21"
"C9=CC=CC=C9[O+:10]([H])[C:20]1([NH:21][H])[O][CH]([H])C([H])[CH]([H])[O]1.[Cl-]>>[Cl-].[H][NH+:21]=[C:20]2[O][CH]([H])[CH]([H])C([H])[O]2.C9=CC=CC=C9[O:10][H] 21=20;20,10=10"
"[H][O:10]C([H])C(C)C(CC)[O][C:20]([O]C7=CC=CC=C7)=[NH+:21]C.[Cl-]>>[Cl-].[H][O+:10](C([H])C(C)C(CC)[O]1)[C:20]1([NH:21]C)[O]C7=CC=CC=C7 10=20;20,21=21"
"C9=CC=CC=C9[O:10][H].C[O+:21]=[C:20]([S][H])[O]C.[Cl-]>>[Cl-].C9=CC=CC=C9[O+:10]([H])[C:20]([O:21]C)([S][H])[O]C 10=20;20,21=21"
"CCCCCCN([C:20](=[O:10])OC(C(C([O-:21])[H])CC)CCCCCC)CCCCCC>>CCCCCCN([C:20]1(OC(C(C([O:21]1)[H])CC)CCCCCC)[O-:10])CCCCCC 21=20;20,10=10"
"[O:10]([Na])C(CCC)/C(C)=C([C:20](OC)=[O:21])/O>>[O-:21][C:20]1(OC)[O+:10]([Na])C(CCC)C(C)=C1O 10=20;20,21=21"
"C9=CC=CC=C9[O+:10]([H])[C:20]1([NH:21]C)[O]C(CC)C(C)[NH]1.[Cl-]>>[Cl-].C[NH+:21]=[C:20]2[O]C(CC)C(C)[NH]2.C9=CC=CC=C9[O:10][H] 21=20;20,10=10"
"[H][NH+:10]([H])[C:20]1([NH:21]CC)[O][CH]([H])C(C)[CH](C8=CC=CC=C8)[NH]1.[Cl-]>>[Cl-].CC[NH+:21]=[C:20]2[O][CH]([H])[CH](C)C(C8=CC=CC=C8)[NH]2.[H][NH:10][H] 21=20;20,10=10"
"C1=CC=CC=C1C1C(C(O[C:20](N1CC)([O-:10])[O:21][H])CCCCCC)[H]>>C1=CC=CC=C1C1C(C(O[C:20](=[O:10])N1CC)CCCCCC)[H].[O-:21][H] 10=20;20,21=21"
"[OH:21][C:20]1(OC)C([H])C(C)C(C)C(CCC)[OH+:10]1>>[OH:10]C(CCC)C(C)C(C)C([H])[C:20](OC)=[OH+:21] 21=20;20,10=10"
"[H][O:10]C(CC)C(C)C([H])[O][C:20]([NH]C7=CC=CC=C7)=[NH+:21]CC.[Cl-]>>[Cl-].[H][O+:10](C(CC)C(C)C([H])[O]1)[C:20]1([NH:21]CC)[NH]C7=CC=CC=C7 10=20;20,21=21"
"[H][NH:10]C(C9=CC=CC=C9)C(CC)[NH][C:20]([O]C)=[NH+:21][H].[Cl-]>>[Cl-].[H][NH+:10](C(C9=CC=CC=C9)C(CC)[NH]1)[C:20]1([NH:21][H])[O]C 10=20;20,21=21"
"[OH:21][C:20]1(OCC)C(O)C(C)C(C)C(CCC)[OH+:10]1>>[OH:10]C(CCC)C(C)C(C)C(O)[C:20](OCC)=[OH+:21] 21=20;20,10=10"
"[H][O+:21]=[C:20]2[S]C(C)C(C8=CC=CC=C8)[S]2.C[S:10][H].[Cl-]>>[Cl-].C[S+:10]([H])[C:20]1([O:21][H])[S]C(C)C(C8=CC=CC=C8)[S]1 10=20;20,21=21"
"CN([C:20](=[O:10])OC1=CC=CC=C1)CCCCCC.[O-:21]C>>CN([C:20]([O-:10])(OC1=CC=CC=C1)[O:21]C)CCCCCC 21=20;20,10=10"
"[O:10]([Na])C(CCC)/C(C)=C([H])\C(C)[C:20](OC)=[O:21]>>[O-:21][C:20]1(OC)C(C)C([H])=C(C)C(CCC)[O+:10]1([Na]) 10=20;20,21=21"
"[H][O+:10]([H])[C:20]1([O:21][Si](C)(C)(C))[O]C(C)C([H])[S]1.[Cl-]>>[Cl-].[Si](C)(C)(C)[O+:21]=[C:20]2[O]C(C)C([H])[S]2.[H][O:10][H] 21=20;20,10=10"
"[H]C1C(C(O[C:20](=[O:10])N1C)C)C.[O-:21]C1=CC=CC=C1>>[H]C1C(C(O[C:20](N1C)([O-:10])[O:21]C1=CC=CC=C1)C)C 21=20;20,10=10"
"C[S+:10]([H])[C:20]1([O:21][H])[S][CH]([H])C(C)[CH](C8=CC=CC=C8)[O]1.[Cl-]>>[Cl-].[H][O+:21]=[C:20]2[S][CH]([H])[CH](C)C(C8=CC=CC=C8)[O]2.C[S:10][H] 21=20;20,10=10"
"C1(C(O[C:20]([O-:10])([O:21]C1C)OC)[H])CC>>C(C([O-:21])C)(C(O[C:20](=[O:10])OC)[H])CC 10=20;20,21=21"
"[H][NH+:10]([H])[C:20]([NH:21]C6=CC=CC=C6)([O]CC)[O]C.[Cl-]>>[Cl-].[H][NH:10][H].C6=CC=CC=C6[NH+:21]=[C:20]([O]CC)[O]C 21=20;20,10=10"
"[O-:21][C:20]1(OCC)C([H])C(C)=C([H])C(CC)[NH+:10]1([H])>>[NH:10]([H])C(CC)/C([H])=C(C)\C([H])[C:20](OCC)=[O:21] 21=20;20,10=10"
"CCCCCCN([C:20]1(OC(C(C([O:21]1)C1=CC=CC=C1)C)CC)[O-:10])C>>CCCCCCN([C:20](=[O:10])OC(C(C([O-:21])C1=CC=CC=C1)C)CC)C 10=20;20,21=21"
"CCN([C:20]([O-:10])(OCCCCCC)[O:21]C1=CC=CC=C1)C>>CCN([C:20](=[O:10])OCCCCCC)C.[O-:21]C1=CC=CC=C1 10=20;20,21=21"
"CCC1C(C(O[C:20](N1CC)([O-:10])[O:21][H])C)CCCCCC>>CCC1C(C(O[C:20](=[O:10])N1CC)C)CCCCCC.[O-:21][H] 10=20;20,21=21"
"[H][O:10]C([H])C([H])[O][C:20]([O]C)=[NH+:21]CC.[Cl-]>>[Cl-].[H][O+:10](C([H])C([H])[O]1)[C:20]1([NH:21]CC)[O]C 10=20;20,21=21"
"[H][O:10]C(CC)C([H])C([H])[O][C:20]([O]CC)=[NH+:21][H].[Cl-]>>[Cl-].[H][O+:10](C(CC)C([H])C([H])[O]1)[C:20]1([NH:21][H])[O]CC 10=20;20,21=21"
"[H][O:10]C(C9=CC=CC=C9)C(C)C(C8=CC=CC=C8)[O][C:20]([NH][H])=[NH+:21]C.[Cl-]>>[Cl-].[H][O+:10](C(C9=CC=CC=C9)C(C)C(C8=CC=CC=C8)[O]1)[C:20]1([NH:21]C)[NH][H] 10=20;20,21=21"
"CC[O+:10]([H])[C:20]([O:21]C)([S]CC)[S][H].[Cl-]>>[Cl-].CC[O:10][H].C[O+:21]=[C:20]([S]CC)[S][H] 21=20;20,10=10"
"[O-:21][C:20]1(OCC)C(C)C(C)=C([H])C([H])[O+:10]1([Na])>>[O:10]([Na])C([H])/C([H])=C(C)\C(C)[C:20](OCC)=[O:21] 21=20;20,10=10"
"CC[O+:10]([H])[C:20]1([NH:21][H])[O][CH]([H])C([H])[CH](CC)[NH]1.[Cl-]>>[Cl-].[H][NH+:21]=[C:20]2[O][CH]([H])[CH]([H])C(CC)[NH]2.CC[O:10][H] 21=20;20,10=10"
"[H][O+:10](C([H])C(C)C(C)[O]1)[C:20]1([NH:21]CC)[NH]C.[Cl-]>>[Cl-].[H][O:10]C([H])C(C)C(C)[O][C:20]([NH]C)=[NH+:21]CC 21=20;20,10=10"
"C[NH+:10]([H])[C:20]([NH:21]CC)([NH]C)[NH]C7=CC=CC=C7.[Cl-]>>[Cl-].C[NH:10][H].CC[NH+:21]=[C:20]([NH]C)[NH]C7=CC=CC=C7 21=20;20,10=10"
"[H][O:10]C(C)C(C)C(CC)[O][C:20]([O]C)=[NH+:21][H].[Cl-]>>[Cl-].[H][O+:10](C(C)C(C)C(CC)[O]1)[C:20]1([NH:21][H])[O]C 10=20;20,21=21"
"[O-:21][C:20]1(OC)C(C)C([H])=C([H])C([H])[O+:10]1([K])>>[O:10]([K])C([H])/C([H])=C([H])\C(C)[C:20](OC)=[O:21] 21=20;20,10=10"
"CN([C:20](=[O:10])OC(C(C([O-:21])[H])CCCCCC)[H])CCCCCC>>CN([C:20]1(OC(C(C([O:21]1)[H])CCCCCC)[H])[O-:10])CCCCCC 21=20;20,10=10"
"CC[NH+:10]([H])[C:20]1([NH:21]CC)[O][CH](C7=CC=CC=C7)C([H])[CH](CC)[NH]1.[Cl-]>>[Cl-].CC[NH+:21]=[C:20]2[O][CH](C7=CC=CC=C7)[CH]([H])C(CC)[NH]2.CC[NH:10][H] 21=20;20,10=10"
"[O-:10]C(CC)C([H])C(C)C(C)[C:20](OC)=[O:21]>>[O-:21][C:20]1(OC)C(C)C(C)C([H])C(CC)[O:10]1 10=20;20,21=21"
"CC[O+:10]([H])[C:20]1([NH:21]C)[NH][CH](C7=CC=CC=C7)C(C)[CH]([H])[NH]1.[Cl-]>>[Cl-].C[NH+:21]=[C:20]2[NH][CH](C7=CC=CC=C7)[CH](C)C([H])[NH]2.CC[O:10][H] 21=20;20,10=10"
"[H][O+:10](C(C9=CC=CC=C9)C(C)C(C)[O]1)[C:20]1([NH:21][H])[NH]C7=CC=CC=C7.[Cl-]>>[Cl-].[H][O:10]C(C9=CC=CC=C9)C(C)C(C)[O][C:20]([NH]C7=CC=CC=C7)=[NH+:21][H] 21=20;20,10=10"
"[H][O:10]C([H])C(C)C(C)[S][C:20]([O]C7=CC=CC=C7)=[O+:21]C.[Cl-]>>[Cl-].[H][O+:10](C([H])C(C)C(C)[S]1)[C:20]1([O:21]C)[O]C7=CC=CC=C7 10=20;20,21=21"
"[H][NH+:21]=[C:20]2[O][CH](CC)[CH](C)C(C)[NH]2.C9=CC=CC=C9[O:10][H].[Cl-]>>[Cl-].C9=CC=CC=C9[O+:10]([H])[C:20]1([NH:21][H])[O][CH](CC)C(C)[CH](C)[NH]1 10=20;20,21=21"
"[O-:21][C:20]1([H])C([H])C(O)C(O)C(C)[NH+:10]1(C)>>[NH:10](C)C(C)C(O)C(O)C([H])[C:20]([H])=[O:21] 21=20;20,10=10"
"[H][NH:10]C(C)C([H])C([H])[NH][C:20]([NH][H])=[NH+:21][H].[Cl-]>>[Cl-].[H][NH+:10](C(C)C([H])C([H])[NH]1)[C:20]1([NH:21][H])[NH][H] 10=20;20,21=21"
"[H][NH:10]C(CC)C(C)C(CC)[O][C:20]([O][H])=[NH+:21]CC.[Cl-]>>[Cl-].[H][NH+:10](C(CC)C(C)C(CC)[O]1)[C:20]1([NH:21]CC)[O][H] 10=20;20,21=21"
"[H][O:10]C(CC)C(CC)[NH][C:20]([NH]C7=CC=CC=C7)=[NH+:21]C.[Cl-]>>[Cl-].[H][O+:10](C(CC)C(CC)[NH]1)[C:20]1([NH:21]C)[NH]C7=CC=CC=C7 10=20;20,21=21"
"[H]C1C(O[C:20](=[O:10])N1C)[H].[O-:21][H]>>[H]C1C(O[C:20](N1C)([O-:10])[O:21][H])[H] 21=20;20,10=10"
"[H][NH+:10]([H])[C:20]1([NH:21][H])[NH][CH](CC)C([H])[CH](C8=CC=CC=C8)[O]1.[Cl-]>>[Cl-].[H][NH+:21]=[C:20]2[NH][CH](CC)[CH]([H])C(C8=CC=CC=C8)[O]2.[H][NH:10][H] 21=20;20,10=10"
"[CH2:20]([O:10]C1=CC=CC=C1)[Br:21]>>[CH2:20]=[O+:10]C1=CC=CC=C1.[Br-:21] 10=20;20,21=21"
"[NH:10]([H])C(C)C([H])/C([H])=C([H])\[C:20](OCC)=[O:21]>>[O-:21][C:20]1(OCC)C([H])=C([H])C([H])C(C)[NH+:10]1([H]) 10=20;20,21=21"
"[NH:10]([H])C(C)C(C)C([C:20](OC)=[O:21])C>>[O-:21][C:20]1(OC)[NH+:10]([H])C(C)C(C)C1C 10=20;20,21=21"
"[H][S:10]C(C)C(C)C(CC)[S][C:20]([O]CC)=[O+:21]C.[Cl-]>>[Cl-].[H][S+:10](C(C)C(C)C(CC)[S]1)[C:20]1([O:21]C)[O]CC 10=20;20,21=21"
"[H][O+:10](C([H])C(C)C(C8=CC=CC=C8)[S]1)[C:20]1([O:21]C)[S]C7=CC=CC=C7.[Cl-]>>[Cl-].[H][O:10]C([H])C(C)C(C8=CC=CC=C8)[S][C:20]([S]C7=CC=CC=C7)=[O+:21]C 21=20;20,10=10"
"C9=CC=CC=C9[NH+:10]([H])[C:20]1([NH:21][H])[O][CH](C)C(C)[CH]([H])[NH]1.[Cl-]>>[Cl-].[H][NH+:21]=[C:20]2[O][CH](C)[CH](C)C([H])[NH]2.C9=CC=CC=C9[NH:10][H] 21=20;20,10=10"
"C1=CC=CC=C1C1C(C(O[C:20](N1CCCCCC)([O-:10])[O:21][H])C1=CC=CC=C1)CCCCCC>>C1=CC=CC=C1C1C(C(O[C:20](=[O:10])N1CCCCCC)C1=CC=CC=C1)CCCCCC.[O-:21][H] 10=20;20,21=21"
"CCCCCCC1C(C(O[C:20](N1[H])([O-:10])[Cl:21])CC)C1=CC=CC=C1>>CCCCCCC1C(C(O[C:20](=[O:10])N1[H])CC)C1=CC=CC=C1.[Cl-:21] 10=20;20,21=21"
"[H][O:10]C([H])C([H])C(C)[S][C:20]([S]C)=[O+:21][H].[Cl-]>>[Cl-].[H][O+:10](C([H])C([H])C(C)[S]1)[C:20]1([O:21][H])[S]C 10=20;20,21=21"
"CCCCCCC1C(C(O[C:20](=[O:10])N1CC)CCCCCC)CC.[O-:21]C1=CC=CC=C1>>CCCCCCC1C(C(O[C:20](N1CC)([O-:10])[O:21]C1=CC=CC=C1)CCCCCC)CC 21=20;20,10=10"
"[OH:10]C(C)C(C)C([C:20]([H])=[OH+:21])[H]>>[OH:21][C:20]1([H])[OH+:10]C(C)C(C)C1[H] 10=20;20,21=21"
"CC[O+:10]([H])[C:20]([O:21][H])([S]C8=CC=CC=C8)[S]C7=CC=CC=C7.[Cl-]>>[Cl-].CC[O:10][H].[H][O+:21]=[C:20]([S]C8=CC=CC=C8)[S]C7=CC=CC=C7 21=20;20,10=10"
"[H][O+:21]=[C:20]2[S]C(C)C(C)[S]2.CC[O:10][H].[Cl-]>>[Cl-].CC[O+:10]([H])[C:20]1([O:21][H])[S]C(C)C(C)[S]1 10=20;20,21=21"
"C6=CC=CC=C6[NH+:21]=[C:20]2[O][CH](C7=CC=CC=C7)[CH]([H])C(CC)[O]2.C[NH:10][H].[Cl-]>>[Cl-].C[NH+:10]([H])[C:20]1([NH:21]C6=CC=CC=C6)[O][CH](C7=CC=CC=C7)C([H])[CH](CC)[O]1 10=20;20,21=21"
"[H][O+:10](C(C)C(C)C([H])[O]1)[C:20]1([NH:21]C)[NH]CC.[Cl-]>>[Cl-].[H][O:10]C(C)C(C)C([H])[O][C:20]([NH]CC)=[NH+:21]C 21=20;20,10=10"
"[H][NH:10]C(C)C(C8=CC=CC=C8)[NH][C:20]([O]C7=CC=CC=C7)=[NH+:21][H].[Cl-]>>[Cl-].[H][NH+:10](C(C)C(C8=CC=CC=C8)[NH]1)[C:20]1([NH:21][H])[O]C7=CC=CC=C7 10=20;20,21=21"
"[OH:21][CH:20]2(C)C(C3=C(C([OH+:10]2)C)C=CC=C3)[H]>>[OH:10]C(C1=C(C([CH:20](C)=[OH+:21])[H])C=CC=C1)C 21=20;20,10=10"
"C9=CC=CC=C9[S:10][H].[H][O+:21]=[C:20]([S][H])[O]C7=CC=CC=C7.[Cl-]>>[Cl-].C9=CC=CC=C9[S+:10]([H])[C:20]([O:21][H])([S][H])[O]C7=CC=CC=C7 10=20;20,21=21"
"[H][O:10]C(CC)C([H])C(CC)[NH][C:20]([O]C7=CC=CC=C7)=[NH+:21]C.[Cl-]>>[Cl-].[H][O+:10](C(CC)C([H])C(CC)[NH]1)[C:20]1([NH:21]C)[O]C7=CC=CC=C7 10=20;20,21=21"
"C[S+:10]([H])[C:20]1([O:21][H])[S]C([H])C(C8=CC=CC=C8)[S]1.[Cl-]>>[Cl-].[H][O+:21]=[C:20]2[S]C([H])C(C8=CC=CC=C8)[S]2.C[S:10][H] 21=20;20,10=10"
"CCC1C(C(O[C:20](N1C1=CC=CC=C1)([O-:10])[O:21]C)CCCCCC)CCCCCC>>CCC1C(C(O[C:20](=[O:10])N1C1=CC=CC=C1)CCCCCC)CCCCCC.[O-:21]C 10=20;20,21=21"
"[O:20]=[C:21](OC)OCCCCCC.C[O:10][Na]>>C[O+:10]([Na])[C:21]([O-:20])(OC)OCCCCCC 10=21;21,20=20"
"[O-:21][C:20]1([H])C(C)C([H])C(C)C(CC)[O+:10]1([Na])>>[O:10]([Na])C(CC)C(C)C([H])C(C)[C:20]([H])=[O:21] 21=20;20,10=10"
"CC[O:10][H].C[O+:21]=[C:20]([S]CC)[S][H].[Cl-]>>[Cl-].CC[O+:10]([H])[C:20]([O:21]C)([S]CC)[S][H] 10=20;20,21=21"
"CCCCCCN([C:20]1(OC(C(C([O:21]1)CCCCCC)CCCCCC)[H])[O-:10])C>>CCCCCCN([C:20](=[O:10])OC(C(C([O-:21])CCCCCC)CCCCCC)[H])C 10=20;20,21=21"
"[H][O:10]C(C9=CC=CC=C9)C([H])C(C)[NH][C:20]([O][H])=[NH+:21]C6=CC=CC=C6.[Cl-]>>[Cl-].[H][O+:10](C(C9=CC=CC=C9)C([H])C(C)[NH]1)[C:20]1([NH:21]C6=CC=CC=C6)[O][H] 10=20;20,21=21"
"[H][O:10]C(C9=CC=CC=C9)C(C)C(C)[O][C:20]([O][H])=[NH+:21]C.[Cl-]>>[Cl-].[H][O+:10](C(C9=CC=CC=C9)C(C)C(C)[O]1)[C:20]1([NH:21]C)[O][H] 10=20;20,21=21"
"CC[NH+:21]=[C:20]2[O][CH](C7=CC=CC=C7)[CH](C)C(C)[NH]2.C[O:10][H].[Cl-]>>[Cl-].C[O+:10]([H])[C:20]1([NH:21]CC)[O][CH](C7=CC=CC=C7)C(C)[CH](C)[NH]1 10=20;20,21=21"
"[H][O:10]C(C9=CC=CC=C9)C(C8=CC=CC=C8)[S][C:20]([O]C7=CC=CC=C7)=[O+:21][Si](C)(C)(C).[Cl-]>>[Cl-].[H][O+:10](C(C9=CC=CC=C9)C(C8=CC=CC=C8)[S]1)[C:20]1([O:21][Si](C)(C)(C))[O]C7=CC=CC=C7 10=20;20,21=21"
"C1=CC=CC=C1C1C(C(O[C:20](=[O:10])N1C)C)C.[O-:21]CC>>C1=CC=CC=C1C1C(C(O[C:20](N1C)([O-:10])[O:21]CC)C)C 21=20;20,10=10"
"[NH:10]([H])C(C)/C([H])=C(C)\C([H])[C:20](OC)=[O:21]>>[O-:21][C:20]1(OC)C([H])C(C)=C([H])C(C)[NH+:10]1([H]) 10=20;20,21=21"
"C[O:10][H].[Si](C)(C)(C)[O+:21]=[C:20]([S]C8=CC=CC=C8)[S]C7=CC=CC=C7.[Cl-]>>[Cl-].C[O+:10]([H])[C:20]([O:21][Si](C)(C)(C))([S]C8=CC=CC=C8)[S]C7=CC=CC=C7 10=20;20,21=21"
"CC1C(C(O[C:20](N1C)([O-:10])[O:21][H])[H])C>>CC1C(C(O[C:20](=[O:10])N1C)[H])C.[O-:21][H] 10=20;20,21=21"
"C[O+:21]=[C:20]2[S]C(C)C(CC)[S]2.C[O:10][H].[Cl-]>>[Cl-].C[O+:10]([H])[C:20]1([O:21]C)[S]C(C)C(CC)[S]1 10=20;20,21=21"
"[O-:21][C:20]1([H])C([H])=C(C)C([H])C(CCC)[O:10]1>>[O-:10]C(CCC)C([H])/C(C)=C([H])\[C:20]([H])=[O:21] 21=20;20,10=10"
"C[O+:10]([H])[C:20]1([NH:21]C)[NH]C(C7=CC=CC=C7)C(CC)[O]1.[Cl-]>>[Cl-].C[NH+:21]=[C:20]2[NH]C(C7=CC=CC=C7)C(CC)[O]2.C[O:10][H] 21=20;20,10=10"
"[H]N([C:20]([O-:10])(O[H])[O:21]CC)CC>>[H]N([C:20](=[O:10])O[H])CC.[O-:21]CC 10=20;20,21=21"
"[Si](C)(C)(C)[O+:21]=[C:20]2[O]C(C)C([H])[O]2.CC[S:10][H].[Cl-]>>[Cl-].CC[S+:10]([H])[C:20]1([O:21][Si](C)(C)(C))[O]C(C)C([H])[O]1 10=20;20,21=21"
"[H][NH+:10](C(CC)C(C8=CC=CC=C8)[O]1)[C:20]1([NH:21]C6=CC=CC=C6)[O]C.[Cl-]>>[Cl-].[H][NH:10]C(CC)C(C8=CC=CC=C8)[O][C:20]([O]C)=[NH+:21]C6=CC=CC=C6 21=20;20,10=10"
"[H][NH+:10](C(C)C(C)C(C)[NH]1)[C:20]1([NH:21]C)[O]C.[Cl-]>>[Cl-].[H][NH:10]C(C)C(C)C(C)[NH][C:20]([O]C)=[NH+:21]C 21=20;20,10=10"
"C1=CC=CC=C1N([C:20](=[O:10])OCCCCCC)C1=CC=CC=C1.[O-:21]C>>C1=CC=CC=C1N([C:20]([O-:10])(OCCCCCC)[O:21]C)C1=CC=CC=C1 21=20;20,10=10"
"[H][O+:10](C(C9=CC=CC=C9)C(C)C(C)[NH]1)[C:20]1([NH:21]C6=CC=CC=C6)[NH][H].[Cl-]>>[Cl-].[H][O:10]C(C9=CC=CC=C9)C(C)C(C)[NH][C:20]([NH][H])=[NH+:21]C6=CC=CC=C6 21=20;20,10=10"
"C9=CC=CC=C9[O+:10]([H])[C:20]([NH:21][H])([NH][H])[O]C.[Cl-]>>[Cl-].C9=CC=CC=C9[O:10][H].[H][NH+:21]=[C:20]([NH][H])[O]C 21=20;20,10=10"
"[H][S+:10](C(C)C([H])[S]1)[C:20]1([O:21][H])[O]C7=CC=CC=C7.[Cl-]>>[Cl-].[H][S:10]C(C)C([H])[S][C:20]([O]C7=CC=CC=C7)=[O+:21][H] 21=20;20,10=10"
"CCCCCCC1C(C(O[C:20](N1CCCCCC)([O-:10])[O:21]CC)CCCCCC)CCCCCC>>CCCCCCC1C(C(O[C:20](=[O:10])N1CCCCCC)CCCCCC)CCCCCC.[O-:21]CC 10=20;20,21=21"
"CC[NH+:21]=[C:20]2[O][CH](C)[CH]([H])C(C)[O]2.C[NH:10][H].[Cl-]>>[Cl-].C[NH+:10]([H])[C:20]1([NH:21]CC)[O][CH](C)C([H])[CH](C)[O]1 10=20;20,21=21"
"C[O+:21]=[C:20]2[O][CH]([H])[CH]([H])C(CC)[O]2.C9=CC=CC=C9[O:10][H].[Cl-]>>[Cl-].C9=CC=CC=C9[O+:10]([H])[C:20]1([O:21]C)[O][CH]([H])C([H])[CH](CC)[O]1 10=20;20,21=21"
"CCCCCCC1C(C(O[C:20](=[O:10])N1[H])[H])CC.[O-:21]C1=CC=CC=C1>>CCCCCCC1C(C(O[C:20](N1[H])([O-:10])[O:21]C1=CC=CC=C1)[H])CC 21=20;20,10=10"
"CC[NH+:21]=[C:20]2[O]C(CC)C(C)[NH]2.C[NH:10][H].[Cl-]>>[Cl-].C[NH+:10]([H])[C:20]1([NH:21]CC)[O]C(CC)C(C)[NH]1 10=20;20,21=21"
"[H]N([C:20](=[O:10])OCC)C1=CC=CC=C1.[O-:21]C>>[H]N([C:20]([O-:10])(OCC)[O:21]C)C1=CC=CC=C1 21=20;20,10=10"
"[H][O:10]C([H])C(C)C(CC)[O][C:20]([O]C)=[NH+:21][H].[Cl-]>>[Cl-].[H][O+:10](C([H])C(C)C(CC)[O]1)[C:20]1([NH:21][H])[O]C 10=20;20,21=21"
"[H][NH:10]C(C)C([H])C(CC)[NH][C:20]([NH]C7=CC=CC=C7)=[NH+:21]C6=CC=CC=C6.[Cl-]>>[Cl-].[H][NH+:10](C(C)C([H])C(CC)[NH]1)[C:20]1([NH:21]C6=CC=CC=C6)[NH]C7=CC=CC=C7 10=20;20,21=21"
"[H][O+:10](C(C)C(C)C(CC)[NH]1)[C:20]1([NH:21]C6=CC=CC=C6)[NH]CC.[Cl-]>>[Cl-].[H][O:10]C(C)C(C)C(CC)[NH][C:20]([NH]CC)=[NH+:21]C6=CC=CC=C6 21=20;20,10=10"
"C[NH+:21]=[C:20]2[NH]C(CC)C(C8=CC=CC=C8)[O]2.C[NH:10][H].[Cl-]>>[Cl-].C[NH+:10]([H])[C:20]1([NH:21]C)[NH]C(CC)C(C8=CC=CC=C8)[O]1 10=20;20,21=21"
"[H]N([C:20](=[O:10])OC(C(C([O-:21])C1=CC=CC=C1)CCCCCC)CC)[H]>>[H]N([C:20]1(OC(C(C([O:21]1)C1=CC=CC=C1)CCCCCC)CC)[O-:10])[H] 21=20;20,10=10"
"[O-:21][C:20]2([NH+:10](CC)C(C=CC=C3)=C3C2C)OCC>>[NH:10](CC)C1=C(C(C)[C:20](OCC)=[O:21])C=CC=C1 21=20;20,10=10"
"C1(C(O[C:20]([O-:10])([O:21]C1C)OCC)C1=CC=CC=C1)CCCCCC>>C(C([O-:21])C)(C(O[C:20](=[O:10])OCC)C1=CC=CC=C1)CCCCCC 10=20;20,21=21"
"C[O+:10]([H])[C:20]1([NH:21]C6=CC=CC=C6)[NH][CH](CC)C(C)[CH](C)[O]1.[Cl-]>>[Cl-].C6=CC=CC=C6[NH+:21]=[C:20]2[NH][CH](CC)[CH](C)C(C)[O]2.C[O:10][H] 21=20;20,10=10"
"C[O+:21]=[C:20]2[O][CH](CC)[CH]([H])C(C8=CC=CC=C8)[S]2.[H][S:10][H].[Cl-]>>[Cl-].[H][S+:10]([H])[C:20]1([O:21]C)[O][CH](CC)C([H])[CH](C8=CC=CC=C8)[S]1 10=20;20,21=21"
"[H]N([C:20](=[O:10])OC(C(C([O-:21])C1=CC=CC=C1)CC)C)[H]>>[H]N([C:20]1(OC(C(C([O:21]1)C1=CC=CC=C1)CC)C)[O-:10])[H] 21=20;20,10=10"
"C[O+:10]([H])[C:20]1([NH:21]C)[O][CH](CC)C(C)[CH](C8=CC=CC=C8)[NH]1.[Cl-]>>[Cl-].C[NH+:21]=[C:20]2[O][CH](CC)[CH](C)C(C8=CC=CC=C8)[NH]2.C[O:10][H] 21=20;20,10=10"
"C1(C([O:21][C:20](O1)([O-:10])OCC)CCCCCC)C>>C(C(O[C:20](=[O:10])OCC)C)([O-:21])CCCCCC 10=20;20,21=21"
"C[N:10](C)[CH:20]([Cl:21])C1=C-C=C-C=C1>>C[N+:10](=[CH:20]C1=C-C=C-C=C1)C.[Cl-:21] 10=20;20,21=21"
"C[S+:10]([H])[C:20]1([O:21][Si](C)(C)(C))[S]C(C)C(C)[O]1.[Cl-]>>[Cl-].[Si](C)(C)(C)[O+:21]=[C:20]2[S]C(C)C(C)[O]2.C[S:10][H] 21=20;20,10=10"
"[H][O+:10](C(C9=CC=CC=C9)C(C)C(C)[S]1)[C:20]1([O:21][H])[S]CC.[Cl-]>>[Cl-].[H][O:10]C(C9=CC=CC=C9)C(C)C(C)[S][C:20]([S]CC)=[O+:21][H] 21=20;20,10=10"
"[H][NH+:10](C(CC)C(C8=CC=CC=C8)[O]1)[C:20]1([NH:21][H])[O][H].[Cl-]>>[Cl-].[H][NH:10]C(CC)C(C8=CC=CC=C8)[O][C:20]([O][H])=[NH+:21][H] 21=20;20,10=10"
"CC[O+:10]([H])[C:20]1([O:21][H])[S][CH](CC)C([H])[CH](C)[O]1.[Cl-]>>[Cl-].[H][O+:21]=[C:20]2[S][CH](CC)[CH]([H])C(C)[O]2.CC[O:10][H] 21=20;20,10=10"
"[H][NH+:10](C(C9=CC=CC=C9)C([H])C(C8=CC=CC=C8)[NH]1)[C:20]1([NH:21]C)[O][H].[Cl-]>>[Cl-].[H][NH:10]C(C9=CC=CC=C9)C([H])C(C8=CC=CC=C8)[NH][C:20]([O][H])=[NH+:21]C 21=20;20,10=10"
"C[O+:21]=[C:20]2[S][CH](CC)[CH](C)C([H])[S]2.C9=CC=CC=C9[S:10][H].[Cl-]>>[Cl-].C9=CC=CC=C9[S+:10]([H])[C:20]1([O:21]C)[S][CH](CC)C(C)[CH]([H])[S]1 10=20;20,21=21"
"CC[NH+:10]([H])[C:20]1([NH:21]CC)[O][CH](CC)C([H])[CH](C8=CC=CC=C8)[NH]1.[Cl-]>>[Cl-].CC[NH+:21]=[C:20]2[O][CH](CC)[CH]([H])C(C8=CC=CC=C8)[NH]2.CC[NH:10][H] 21=20;20,10=10"
"CC[O+:10]([H])[C:20]1([NH:21][H])[O][CH](C7=CC=CC=C7)C(C)[CH]([H])[O]1.[Cl-]>>[Cl-].[H][NH+:21]=[C:20]2[O][CH](C7=CC=CC=C7)[CH](C)C([H])[O]2.CC[O:10][H] 21=20;20,10=10"
"[O-:21][C:20]1(OC)[NH+:10]([H])C(C)C([H])=C1C>>[NH:10]([H])C(C)/C([H])=C([C:20](OC)=[O:21])/C 21=20;20,10=10"
"[H][NH:10]C(C)C(C)[NH][C:20]([NH]CC)=[NH+:21]CC.[Cl-]>>[Cl-].[H][NH+:10](C(C)C(C)[NH]1)[C:20]1([NH:21]CC)[NH]CC 10=20;20,21=21"
"C[O:10][H].CC[NH+:21]=[C:20]([NH]C8=CC=CC=C8)[NH]C7=CC=CC=C7.[Cl-]>>[Cl-].C[O+:10]([H])[C:20]([NH:21]CC)([NH]C8=CC=CC=C8)[NH]C7=CC=CC=C7 10=20;20,21=21"
"[O:10]([K])C(CC)/C(C)=C([H])\C(C)[C:20]([H])=[O:21]>>[O-:21][C:20]1([H])C(C)C([H])=C(C)C(CC)[O+:10]1([K]) 10=20;20,21=21"
"[H][NH+:10](C(C)C(C)C(C8=CC=CC=C8)[O]1)[C:20]1([NH:21]CC)[NH]CC.[Cl-]>>[Cl-].[H][NH:10]C(C)C(C)C(C8=CC=CC=C8)[O][C:20]([NH]CC)=[NH+:21]CC 21=20;20,10=10"
"C1=CC=CC=C1C1C(C(O[C:20](=[O:10])N1CC)C1=CC=CC=C1)CCCCCC.[O-:21]C>>C1=CC=CC=C1C1C(C(O[C:20](N1CC)([O-:10])[O:21]C)C1=CC=CC=C1)CCCCCC 21=20;20,10=10"
"[H][NH+:10](C([H])C([H])C(CC)[O]1)[C:20]1([NH:21][H])[O]C.[Cl-]>>[Cl-].[H][NH:10]C([H])C([H])C(CC)[O][C:20]([O]C)=[NH+:21][H] 21=20;20,10=10"
"C[O+:10]([H])[C:20]([O:21]C)([O]C8=CC=CC=C8)[O][H].[Cl-]>>[Cl-].C[O:10][H].C[O+:21]=[C:20]([O]C8=CC=CC=C8)[O][H] 21=20;20,10=10"
"[H][O+:21]=[C:20]2[S]C(C)C(C8=CC=CC=C8)[S]2.CC[O:10][H].[Cl-]>>[Cl-].CC[O+:10]([H])[C:20]1([O:21][H])[S]C(C)C(C8=CC=CC=C8)[S]1 10=20;20,21=21"
"[H][S:10]C(C)C(C)[O][C:20]([O]C)=[O+:21]C.[Cl-]>>[Cl-].[H][S+:10](C(C)C(C)[O]1)[C:20]1([O:21]C)[O]C 10=20;20,21=21"
"[H][O+:10](C(CC)C(C)[O]1)[C:20]1([NH:21]CC)[O]C.[Cl-]>>[Cl-].[H][O:10]C(CC)C(C)[O][C:20]([O]C)=[NH+:21]CC 21=20;20,10=10"
"[H][S+:10](C(C)C(CC)[S]1)[C:20]1([O:21]C)[O]CC.[Cl-]>>[Cl-].[H][S:10]C(C)C(CC)[S][C:20]([O]CC)=[O+:21]C 21=20;20,10=10"
"[H][NH:10]C(CC)C(C)[O][C:20]([O]C7=CC=CC=C7)=[NH+:21]C.[Cl-]>>[Cl-].[H][NH+:10](C(CC)C(C)[O]1)[C:20]1([NH:21]C)[O]C7=CC=CC=C7 10=20;20,21=21"
"C[O+:21]=[C:20]2[S][CH](C)[CH](C)C([H])[S]2.CC[S:10][H].[Cl-]>>[Cl-].CC[S+:10]([H])[C:20]1([O:21]C)[S][CH](C)C(C)[CH]([H])[S]1 10=20;20,21=21"
"[H][NH+:10](C(C)C(CC)[O]1)[C:20]1([NH:21]CC)[NH]C7=CC=CC=C7.[Cl-]>>[Cl-].[H][NH:10]C(C)C(CC)[O][C:20]([NH]C7=CC=CC=C7)=[NH+:21]CC 21=20;20,10=10"
"C1=CC=CC=C1C1C(C(O[C:20](=[O:10])N1CC)CC)[H].[O-:21]CCCCCC>>C1=CC=CC=C1C1C(C(O[C:20](N1CC)([O-:10])[O:21]CCCCCC)CC)[H] 21=20;20,10=10"
"[H][O:10]C([H])C(C)C(CC)[S][C:20]([O][H])=[O+:21]C.[Cl-]>>[Cl-].[H][O+:10](C([H])C(C)C(CC)[S]1)[C:20]1([O:21]C)[O][H] 10=20;20,21=21"
"[H][O:10]C(CC)C([H])C(CC)[NH][C:20]([O]C7=CC=CC=C7)=[NH+:21][H].[Cl-]>>[Cl-].[H][O+:10](C(CC)C([H])C(CC)[NH]1)[C:20]1([NH:21][H])[O]C7=CC=CC=C7 10=20;20,21=21"
"[H][NH:10]C(CC)C([H])C([H])[O][C:20]([NH]C7=CC=CC=C7)=[NH+:21]C6=CC=CC=C6.[Cl-]>>[Cl-].[H][NH+:10](C(CC)C([H])C([H])[O]1)[C:20]1([NH:21]C6=CC=CC=C6)[NH]C7=CC=CC=C7 10=20;20,21=21"
"C[NH+:21]=[C:20]2[O][CH]([H])[CH](C)C(C8=CC=CC=C8)[NH]2.C[NH:10][H].[Cl-]>>[Cl-].C[NH+:10]([H])[C:20]1([NH:21]C)[O][CH]([H])C(C)[CH](C8=CC=CC=C8)[NH]1 10=20;20,21=21"
"CC1C(C(O[C:20](=[O:10])N1CC)CC)C.[O-:21]C>>CC1C(C(O[C:20](N1CC)([O-:10])[O:21]C)CC)C 21=20;20,10=10"
"CCN([C:20]([O-:10])(OCC)[O:21]C1=CC=CC=C1)CC>>CCN([C:20](=[O:10])OCC)CC.[O-:21]C1=CC=CC=C1 10=20;20,21=21"
"C9=CC=CC=C9[O+:10]([H])[C:20]1([O:21]C)[S]C(C)C(C8=CC=CC=C8)[O]1.[Cl-]>>[Cl-].C[O+:21]=[C:20]2[S]C(C)C(C8=CC=CC=C8)[O]2.C9=CC=CC=C9[O:10][H] 21=20;20,10=10"
"CCN([C:20]1(OC(C(C([O:21]1)CCCCCC)CC)[H])[O-:10])CCCCCC>>CCN([C:20](=[O:10])OC(C(C([O-:21])CCCCCC)CC)[H])CCCCCC 10=20;20,21=21"
"CC1C(C(O[C:20](N1CC)([O-:10])[O:21]CCCCCC)CCCCCC)[H]>>CC1C(C(O[C:20](=[O:10])N1CC)CCCCCC)[H].[O-:21]CCCCCC 10=20;20,21=21"
"[O-:21][C:20]1([H])C(C)=C(C)C(C)C(CCC)[O+:10]1([K])>>[O:10]([K])C(CCC)C(C)/C(C)=C(C)\[C:20]([H])=[O:21] 21=20;20,10=10"
"CC[NH+:21]=[C:20]2[O][CH]([H])[CH]([H])C([H])[NH]2.CC[O:10][H].[Cl-]>>[Cl-].CC[O+:10]([H])[C:20]1([NH:21]CC)[O][CH]([H])C([H])[CH]([H])[NH]1 10=20;20,21=21"
"CCCCCCC1C(C(O[C:20](=[O:10])N1CCCCCC)CC)C.[O-:21]C1=CC=CC=C1>>CCCCCCC1C(C(O[C:20](N1CCCCCC)([O-:10])[O:21]C1=CC=CC=C1)CC)C 21=20;20,10=10"
"CCN([C:20](=[O:10])OC(C(C([O-:21])C)[H])CC)CCCCCC>>CCN([C:20]1(OC(C(C([O:21]1)C)[H])CC)[O-:10])CCCCCC 21=20;20,10=10"
"[H][O+:10]([H])[C:20]([O:21][H])([S]C)[S]C7=CC=CC=C7.[Cl-]>>[Cl-].[H][O:10][H].[H][O+:21]=[C:20]([S]C)[S]C7=CC=CC=C7 21=20;20,10=10"
"C9=CC=CC=C9[NH+:10]([H])[C:20]([NH:21]CC)([O]C8=CC=CC=C8)[O][H].[Cl-]>>[Cl-].C9=CC=CC=C9[NH:10][H].CC[NH+:21]=[C:20]([O]C8=CC=CC=C8)[O][H] 21=20;20,10=10"
"[H][O:10]C(C9=CC=CC=C9)C([H])C([H])[O][C:20]([O]C7=CC=CC=C7)=[NH+:21]C6=CC=CC=C6.[Cl-]>>[Cl-].[H][O+:10](C(C9=CC=CC=C9)C([H])C([H])[O]1)[C:20]1([NH:21]C6=CC=CC=C6)[O]C7=CC=CC=C7 10=20;20,21=21"
"[OH:21][C:20]2([H])C(C([H])C3=C([NH+:10]2([H]))C=CC=C3)O>>[NH:10]([H])C(C=CC=C1)=C1C([H])C([C:20]([H])=[OH+:21])O 21=20;20,10=10"
"[H]N([C:20](=[O:10])OC(C(C([O-:21])C1=CC=CC=C1)C)C)C>>[H]N([C:20]1(OC(C(C([O:21]1)C1=CC=CC=C1)C)C)[O-:10])C 21=20;20,10=10"
"[H][O+:10](C([H])C([H])[O]1)[C:20]1([O:21]C)[O]CC.[Cl-]>>[Cl-].[H][O:10]C([H])C([H])[O][C:20]([O]CC)=[O+:21]C 21=20;20,10=10"
"[H][O:10]C([H])C(C)[NH][C:20]([NH][H])=[NH+:21][H].[Cl-]>>[Cl-].[H][O+:10](C([H])C(C)[NH]1)[C:20]1([NH:21][H])[NH][H] 10=20;20,21=21"
"[H]C1C(C(O[C:20](=[O:10])N1CCCCCC)[H])CC.[O-:21][H]>>[H]C1C(C(O[C:20](N1CCCCCC)([O-:10])[O:21][H])[H])CC 21=20;20,10=10"
"[H][NH:10]C(C9=CC=CC=C9)C(C)C(C8=CC=CC=C8)[O][C:20]([O][H])=[NH+:21]C6=CC=CC=C6.[Cl-]>>[Cl-].[H][NH+:10](C(C9=CC=CC=C9)C(C)C(C8=CC=CC=C8)[O]1)[C:20]1([NH:21]C6=CC=CC=C6)[O][H] 10=20;20,21=21"
"[O-:10]C(C(C1=C(C=CC=C1)[CH:20]([H])=[O:21])[H])C>>[O-:21][CH:20]2([H])C3=C(C(C([O:10]2)C)[H])C=CC=C3  10=20;20,21=21"
"[H][NH+:10](C(C9=CC=CC=C9)C(C)C(C)[NH]1)[C:20]1([NH:21]C)[O]C.[Cl-]>>[Cl-].[H][NH:10]C(C9=CC=CC=C9)C(C)C(C)[NH][C:20]([O]C)=[NH+:21]C 21=20;20,10=10"
"C[O+:10]([H])[C:20]1([NH:21]C)[O]C([H])C(CC)[O]1.[Cl-]>>[Cl-].C[NH+:21]=[C:20]2[O]C([H])C(CC)[O]2.C[O:10][H] 21=20;20,10=10"
"CC[NH+:21]=[C:20]2[NH][CH](C7=CC=CC=C7)[CH]([H])C(CC)[O]2.C[NH:10][H].[Cl-]>>[Cl-].C[NH+:10]([H])[C:20]1([NH:21]CC)[NH][CH](C7=CC=CC=C7)C([H])[CH](CC)[O]1 10=20;20,21=21"
"[H][O+:10](C(CC)C(C)C(C8=CC=CC=C8)[S]1)[C:20]1([O:21]C)[S]C.[Cl-]>>[Cl-].[H][O:10]C(CC)C(C)C(C8=CC=CC=C8)[S][C:20]([S]C)=[O+:21]C 21=20;20,10=10"
"C[O+:21]=[C:20]2[S][CH](CC)[CH]([H])C(C)[S]2.[H][O:10][H].[Cl-]>>[Cl-].[H][O+:10]([H])[C:20]1([O:21]C)[S][CH](CC)C([H])[CH](C)[S]1 10=20;20,21=21"
"CCCCCCC1C(C(O[C:20](=[O:10])N1CC)CCCCCC)CC.[O-:21]C>>CCCCCCC1C(C(O[C:20](N1CC)([O-:10])[O:21]C)CCCCCC)CC 21=20;20,10=10"
"CCC1C(C(O[C:20](=[O:10])N1C)C1=CC=CC=C1)[H].[O-:21][H]>>CCC1C(C(O[C:20](N1C)([O-:10])[O:21][H])C1=CC=CC=C1)[H] 21=20;20,10=10"
"[NH:10](C)C(C)C(C)C([C:20](C)=[O:21])[H]>>[O-:21][C:20]1(C)[NH+:10](C)C(C)C(C)C1[H] 10=20;20,21=21"
"[H][S+:10]([H])[C:20]1([O:21][Si](C)(C)(C))[S]C([H])C(CC)[O]1.[Cl-]>>[Cl-].[Si](C)(C)(C)[O+:21]=[C:20]2[S]C([H])C(CC)[O]2.[H][S:10][H] 21=20;20,10=10"
"C9=CC=CC=C9[O:10][H].[H][NH+:21]=[C:20]([NH]CC)[O]C.[Cl-]>>[Cl-].C9=CC=CC=C9[O+:10]([H])[C:20]([NH:21][H])([NH]CC)[O]C 10=20;20,21=21"
"[H][O+:10](C([H])C([H])C(CC)[NH]1)[C:20]1([NH:21]C6=CC=CC=C6)[NH]CC.[Cl-]>>[Cl-].[H][O:10]C([H])C([H])C(CC)[NH][C:20]([NH]CC)=[NH+:21]C6=CC=CC=C6 21=20;20,10=10"
"C[O+:10]([H])[C:20]1([O:21]C)[O][CH](C)C([H])[CH](CC)[S]1.[Cl-]>>[Cl-].C[O+:21]=[C:20]2[O][CH](C)[CH]([H])C(CC)[S]2.C[O:10][H] 21=20;20,10=10"
"[OH:21][C:20]1(OC)C(C)C(C)=C(C)C(C)[OH+:10]1>>[OH:10]C(C)/C(C)=C(C)\C(C)[C:20](OC)=[OH+:21] 21=20;20,10=10"
"C6=CC=CC=C6[NH+:21]=[C:20]2[O][CH](C)[CH](C)C(C8=CC=CC=C8)[O]2.CC[NH:10][H].[Cl-]>>[Cl-].CC[NH+:10]([H])[C:20]1([NH:21]C6=CC=CC=C6)[O][CH](C)C(C)[CH](C8=CC=CC=C8)[O]1 10=20;20,21=21"
"[O-:21][C:20]1(C)C([H])C([H])C(C)C([H])[NH+:10]1([H])>>[NH:10]([H])C([H])C(C)C([H])C([H])[C:20](C)=[O:21] 21=20;20,10=10"
"C[O+:10]([H])[C:20]([NH:21]C)([O]C)[O][H].[Cl-]>>[Cl-].C[O:10][H].C[NH+:21]=[C:20]([O]C)[O][H] 21=20;20,10=10"
"[NH:10](C)C([H])C([H])C([H])C(C)[C:20](OC)=[O:21]>>[O-:21][C:20]1(OC)C(C)C([H])C([H])C([H])[NH+:10]1(C) 10=20;20,21=21"
"[H][O+:10]([H])[C:20]1([O:21][H])[S]C([H])C(C8=CC=CC=C8)[S]1.[Cl-]>>[Cl-].[H][O+:21]=[C:20]2[S]C([H])C(C8=CC=CC=C8)[S]2.[H][O:10][H] 21=20;20,10=10"
"C[O+:21]=[C:20]2[S]C([H])C(C)[S]2.C9=CC=CC=C9[S:10][H].[Cl-]>>[Cl-].C9=CC=CC=C9[S+:10]([H])[C:20]1([O:21]C)[S]C([H])C(C)[S]1 10=20;20,21=21"
"CC[O+:10]([H])[C:20]1([NH:21]CC)[O]C(C7=CC=CC=C7)C(C8=CC=CC=C8)[O]1.[Cl-]>>[Cl-].CC[NH+:21]=[C:20]2[O]C(C7=CC=CC=C7)C(C8=CC=CC=C8)[O]2.CC[O:10][H] 21=20;20,10=10"
"[H][O:10]C(C9=CC=CC=C9)C([H])[NH][C:20]([O][H])=[NH+:21]CC.[Cl-]>>[Cl-].[H][O+:10](C(C9=CC=CC=C9)C([H])[NH]1)[C:20]1([NH:21]CC)[O][H] 10=20;20,21=21"
"CCN([C:20]1(OC(C(C([O:21]1)[H])C)CC)[O-:10])C>>CCN([C:20](=[O:10])OC(C(C([O-:21])[H])C)CC)C 10=20;20,21=21"
"[H][NH+:10](C(C)C(C8=CC=CC=C8)[O]1)[C:20]1([NH:21]C)[NH][H].[Cl-]>>[Cl-].[H][NH:10]C(C)C(C8=CC=CC=C8)[O][C:20]([NH][H])=[NH+:21]C 21=20;20,10=10"
"C6=CC=CC=C6[NH+:21]=[C:20]2[O]C(CC)C(C8=CC=CC=C8)[O]2.[H][NH:10][H].[Cl-]>>[Cl-].[H][NH+:10]([H])[C:20]1([NH:21]C6=CC=CC=C6)[O]C(CC)C(C8=CC=CC=C8)[O]1 10=20;20,21=21"
"C9=CC=CC=C9[S+:10]([H])[C:20]1([O:21]C)[S][CH](C)C([H])[CH]([H])[O]1.[Cl-]>>[Cl-].C[O+:21]=[C:20]2[S][CH](C)[CH]([H])C([H])[O]2.C9=CC=CC=C9[S:10][H] 21=20;20,10=10"
"[H]N([C:20]1(OC(C([O:21]1)[H])[H])[O-:10])CC>>[H]N([C:20](=[O:10])OC(C([O-:21])[H])[H])CC 10=20;20,21=21"
"[H][O+:10](C(CC)C(CC)[O]1)[C:20]1([O:21][H])[S]C.[Cl-]>>[Cl-].[H][O:10]C(CC)C(CC)[O][C:20]([S]C)=[O+:21][H] 21=20;20,10=10"
"C1=CC=CC=C1C1C(C(O[C:20](N1CCCCCC)([O-:10])[O:21]CC)[H])CC>>C1=CC=CC=C1C1C(C(O[C:20](=[O:10])N1CCCCCC)[H])CC.[O-:21]CC 10=20;20,21=21"
"CC[NH+:10]([H])[C:20]1([NH:21]C)[O][CH](C7=CC=CC=C7)C(C)[CH](C)[NH]1.[Cl-]>>[Cl-].C[NH+:21]=[C:20]2[O][CH](C7=CC=CC=C7)[CH](C)C(C)[NH]2.CC[NH:10][H] 21=20;20,10=10"
"C1(C([O:21][C:20](O1)([O-:10])O[H])CC)CCCCCC>>C(C(O[C:20](=[O:10])O[H])CCCCCC)([O-:21])CC 10=20;20,21=21"
"CCCCCCN([C:20]1(OC(C(C([O:21]1)CCCCCC)C)[H])[O-:10])CCCCCC>>CCCCCCN([C:20](=[O:10])OC(C(C([O-:21])CCCCCC)C)[H])CCCCCC 10=20;20,21=21"
"[O-:21][C:20]1(OC)C([H])C(O)C(C)C(C)[NH+:10]1([H])>>[NH:10]([H])C(C)C(C)C(O)C([H])[C:20](OC)=[O:21] 21=20;20,10=10"
"C[O+:21]=[C:20]2[S][CH]([H])[CH]([H])C(C)[O]2.C9=CC=CC=C9[O:10][H].[Cl-]>>[Cl-].C9=CC=CC=C9[O+:10]([H])[C:20]1([O:21]C)[S][CH]([H])C([H])[CH](C)[O]1 10=20;20,21=21"
"C[O:10][H].C6=CC=CC=C6[NH+:21]=[C:20]([NH]C)[O]C7=CC=CC=C7.[Cl-]>>[Cl-].C[O+:10]([H])[C:20]([NH:21]C6=CC=CC=C6)([NH]C)[O]C7=CC=CC=C7 10=20;20,21=21"
"C[O+:21]=[C:20]2[O][CH]([H])[CH]([H])C(C)[O]2.C[S:10][H].[Cl-]>>[Cl-].C[S+:10]([H])[C:20]1([O:21]C)[O][CH]([H])C([H])[CH](C)[O]1 10=20;20,21=21"
"CC[NH+:10]([H])[C:20]([NH:21]C)([NH][H])[O]CC.[Cl-]>>[Cl-].CC[NH:10][H].C[NH+:21]=[C:20]([NH][H])[O]CC 21=20;20,10=10"
"[H][O:10]C(CC)C(CC)[O][C:20]([O]CC)=[O+:21][Si](C)(C)(C).[Cl-]>>[Cl-].[H][O+:10](C(CC)C(CC)[O]1)[C:20]1([O:21][Si](C)(C)(C))[O]CC 10=20;20,21=21"
"[H][O:10]C(C)C([H])C(C8=CC=CC=C8)[O][C:20]([O][H])=[NH+:21]C.[Cl-]>>[Cl-].[H][O+:10](C(C)C([H])C(C8=CC=CC=C8)[O]1)[C:20]1([NH:21]C)[O][H] 10=20;20,21=21"
"[NH:10]([H])C(C)/C(C)=C([C:20]([H])=[O:21])/C>>[O-:21][C:20]1([H])[NH+:10]([H])C(C)C(C)=C1C 10=20;20,21=21"
"[OH:10]C(C(C1=C(C=CC=C1)[CH:20](C)=[OH+:21])[H])C>>[OH:21][CH:20]2(C)C3=C(C(C([OH+:10]2)C)[H])C=CC=C3 10=20;20,21=21"
"[H][O+:10]([H])[C:20]1([O:21]C)[S][CH]([H])C([H])[CH](CC)[O]1.[Cl-]>>[Cl-].C[O+:21]=[C:20]2[S][CH]([H])[CH]([H])C(CC)[O]2.[H][O:10][H] 21=20;20,10=10"
"CCCCCCC1C(C(O[C:20](=[O:10])N1CC)CCCCCC)[H].[O-:21][H]>>CCCCCCC1C(C(O[C:20](N1CC)([O-:10])[O:21][H])CCCCCC)[H] 21=20;20,10=10"
"CCCCCCC1C(C(O[C:20](=[O:10])N1CCCCCC)[H])CC.[O-:21]C1=CC=CC=C1>>CCCCCCC1C(C(O[C:20](N1CCCCCC)([O-:10])[O:21]C1=CC=CC=C1)[H])CC 21=20;20,10=10"
"[O-:10]C(CC)C([H])/C(C)=C([H])\[C:20](OCC)=[O:21]>>[O-:21][C:20]1(OCC)C([H])=C(C)C([H])C(CC)[O:10]1 10=20;20,21=21"
"[H][O:10]C(C)C(C)C([H])[NH][C:20]([NH]C7=CC=CC=C7)=[NH+:21]C6=CC=CC=C6.[Cl-]>>[Cl-].[H][O+:10](C(C)C(C)C([H])[NH]1)[C:20]1([NH:21]C6=CC=CC=C6)[NH]C7=CC=CC=C7 10=20;20,21=21"
"CCN([C:20](=[O:10])OC(C(C([O-:21])C)CCCCCC)CC)C>>CCN([C:20]1(OC(C(C([O:21]1)C)CCCCCC)CC)[O-:10])C 21=20;20,10=10"
"C1=CC=CC=C1N([C:20](=[O:10])OC(C(C([O-:21])CCCCCC)C)C1=CC=CC=C1)[H]>>C1=CC=CC=C1N([C:20]1(OC(C(C([O:21]1)CCCCCC)C)C1=CC=CC=C1)[O-:10])[H] 21=20;20,10=10"
"C[NH+:21]=[C:20]2[O]C(C7=CC=CC=C7)C(CC)[O]2.[H][O:10][H].[Cl-]>>[Cl-].[H][O+:10]([H])[C:20]1([NH:21]C)[O]C(C7=CC=CC=C7)C(CC)[O]1 10=20;20,21=21"
"[H][O:10]C(C)C(C)C([H])[NH][C:20]([O]CC)=[NH+:21]C6=CC=CC=C6.[Cl-]>>[Cl-].[H][O+:10](C(C)C(C)C([H])[NH]1)[C:20]1([NH:21]C6=CC=CC=C6)[O]CC 10=20;20,21=21"
"C[O:10][H].[Si](C)(C)(C)[O+:21]=[C:20]([S][H])[O]C.[Cl-]>>[Cl-].C[O+:10]([H])[C:20]([O:21][Si](C)(C)(C))([S][H])[O]C 10=20;20,21=21"
"C9=CC=CC=C9[O+:10]([H])[C:20]([NH:21]CC)([NH]C)[O]C.[Cl-]>>[Cl-].C9=CC=CC=C9[O:10][H].CC[NH+:21]=[C:20]([NH]C)[O]C 21=20;20,10=10"
"[H][O+:10](C([H])C([H])C([H])[NH]1)[C:20]1([NH:21]C)[O]CC.[Cl-]>>[Cl-].[H][O:10]C([H])C([H])C([H])[NH][C:20]([O]CC)=[NH+:21]C 21=20;20,10=10"
"[H][NH:10]C(CC)C([H])C([H])[O][C:20]([O]C)=[NH+:21]C.[Cl-]>>[Cl-].[H][NH+:10](C(CC)C([H])C([H])[O]1)[C:20]1([NH:21]C)[O]C 10=20;20,21=21"
"CCN([C:20]([O-:10])(O[H])[O:21]CCCCCC)CC>>CCN([C:20](=[O:10])O[H])CC.[O-:21]CCCCCC 10=20;20,21=21"
"C[S+:10]([H])[C:20]([O:21][H])([O][H])[O]CC.[Cl-]>>[Cl-].C[S:10][H].[H][O+:21]=[C:20]([O][H])[O]CC 21=20;20,10=10"
"[H][NH:10]C(C9=CC=CC=C9)C(C)C([H])[NH][C:20]([O]C)=[NH+:21]C.[Cl-]>>[Cl-].[H][NH+:10](C(C9=CC=CC=C9)C(C)C([H])[NH]1)[C:20]1([NH:21]C)[O]C 10=20;20,21=21"
"C[O+:21]=[C:20]2[S][CH](C)[CH](C)C(CC)[O]2.CC[S:10][H].[Cl-]>>[Cl-].CC[S+:10]([H])[C:20]1([O:21]C)[S][CH](C)C(C)[CH](CC)[O]1 10=20;20,21=21"
"CC1C(C(O[C:20](N1CCCCCC)([O-:10])[O:21]CCCCCC)[H])CCCCCC>>CC1C(C(O[C:20](=[O:10])N1CCCCCC)[H])CCCCCC.[O-:21]CCCCCC 10=20;20,21=21"
"[O-:21][C:20]1(C)[O:10]C([H])C(C)N1[H]>>[O-:10]C([H])C(C)N([C:20](C)=[O:21])[H] 21=20;20,10=10"
"CCCCCCN([C:20]1(OC(C(C([O:21]1)C1=CC=CC=C1)CC)C)[O-:10])CC>>CCCCCCN([C:20](=[O:10])OC(C(C([O-:21])C1=CC=CC=C1)CC)C)CC 10=20;20,21=21"
"CC[O+:10]([H])[C:20]1([NH:21][H])[O][CH](CC)C(C)[CH](C8=CC=CC=C8)[NH]1.[Cl-]>>[Cl-].[H][NH+:21]=[C:20]2[O][CH](CC)[CH](C)C(C8=CC=CC=C8)[NH]2.CC[O:10][H] 21=20;20,10=10"
"[O-:21][C:20]1(C)C(O)C(O)C([H])C(CC)[O+:10]1([K])>>[O:10]([K])C(CC)C([H])C(O)C(O)[C:20](C)=[O:21] 21=20;20,10=10"
"C9=CC=CC=C9[O+:10]([H])[C:20]1([NH:21]CC)[O]C(C)C([H])[NH]1.[Cl-]>>[Cl-].CC[NH+:21]=[C:20]2[O]C(C)C([H])[NH]2.C9=CC=CC=C9[O:10][H] 21=20;20,10=10"
"[O:20]=[C:21](OCC)OC.[H][O:10][K]>>[H][O+:10]([K])[C:21]([O-:20])(OCC)OC 10=21;21,20=20"
"C[O:10][H].C[NH+:21]=[C:20]([O]C8=CC=CC=C8)[NH]C7=CC=CC=C7.[Cl-]>>[Cl-].C[O+:10]([H])[C:20]([NH:21]C)([O]C8=CC=CC=C8)[NH]C7=CC=CC=C7 10=20;20,21=21"
"C[O+:21]=[C:20]2[S][CH](C7=CC=CC=C7)[CH]([H])C([H])[S]2.C9=CC=CC=C9[O:10][H].[Cl-]>>[Cl-].C9=CC=CC=C9[O+:10]([H])[C:20]1([O:21]C)[S][CH](C7=CC=CC=C7)C([H])[CH]([H])[S]1 10=20;20,21=21"
"[O-:21][C:20]1(OC)[O+:10]([Na])C(CC)C([H])=C1O>>[O:10]([Na])C(CC)/C([H])=C([C:20](OC)=[O:21])/O 21=20;20,10=10"
"[O-:21][C:20]1([H])[O:10]C([H])C(C)C1[H]>>[O-:10]C([H])C(C)C([C:20]([H])=[O:21])[H] 21=20;20,10=10"
"[O-:21][C:20]1(C)[O:10]C([H])C(C)N1C>>[O-:10]C([H])C(C)N([C:20](C)=[O:21])C 21=20;20,10=10"
"C1=CC=CC=C1N([C:20](=[O:10])OC(C(C([O-:21])C)CCCCCC)[H])C1=CC=CC=C1>>C1=CC=CC=C1N([C:20]1(OC(C(C([O:21]1)C)CCCCCC)[H])[O-:10])C1=CC=CC=C1 21=20;20,10=10"
"C[O+:10]([H])[C:20]([NH:21]C6=CC=CC=C6)([O]CC)[NH]CC.[Cl-]>>[Cl-].C[O:10][H].C6=CC=CC=C6[NH+:21]=[C:20]([O]CC)[NH]CC 21=20;20,10=10"
"[H][O+:10]([H])[C:20]([O:21][H])([S]CC)[S]CC.[Cl-]>>[Cl-].[H][O:10][H].[H][O+:21]=[C:20]([S]CC)[S]CC 21=20;20,10=10"
"[H][NH+:10](C([H])C(C)C(C8=CC=CC=C8)[NH]1)[C:20]1([NH:21]CC)[O]C.[Cl-]>>[Cl-].[H][NH:10]C([H])C(C)C(C8=CC=CC=C8)[NH][C:20]([O]C)=[NH+:21]CC 21=20;20,10=10"
"C[NH+:10]([H])[C:20]1([NH:21]CC)[NH][CH]([H])C([H])[CH](C)[O]1.[Cl-]>>[Cl-].CC[NH+:21]=[C:20]2[NH][CH]([H])[CH]([H])C(C)[O]2.C[NH:10][H] 21=20;20,10=10"
"CC[S+:10]([H])[C:20]1([O:21]C)[S]C([H])C(C8=CC=CC=C8)[O]1.[Cl-]>>[Cl-].C[O+:21]=[C:20]2[S]C([H])C(C8=CC=CC=C8)[O]2.CC[S:10][H] 21=20;20,10=10"
"C6=CC=CC=C6[NH+:21]=[C:20]2[NH]C(C)C([H])[O]2.C9=CC=CC=C9[NH:10][H].[Cl-]>>[Cl-].C9=CC=CC=C9[NH+:10]([H])[C:20]1([NH:21]C6=CC=CC=C6)[NH]C(C)C([H])[O]1 10=20;20,21=21"
"[H][O+:10](C(C9=CC=CC=C9)C([H])[NH]1)[C:20]1([NH:21]C)[O]CC.[Cl-]>>[Cl-].[H][O:10]C(C9=CC=CC=C9)C([H])[NH][C:20]([O]CC)=[NH+:21]C 21=20;20,10=10"
"[H][O+:10]([H])[C:20]1([NH:21][H])[NH][CH](CC)C(C)[CH](C8=CC=CC=C8)[NH]1.[Cl-]>>[Cl-].[H][NH+:21]=[C:20]2[NH][CH](CC)[CH](C)C(C8=CC=CC=C8)[NH]2.[H][O:10][H] 21=20;20,10=10"
"[H][NH:10][H].C6=CC=CC=C6[NH+:21]=[C:20]([NH]C8=CC=CC=C8)[O]C7=CC=CC=C7.[Cl-]>>[Cl-].[H][NH+:10]([H])[C:20]([NH:21]C6=CC=CC=C6)([NH]C8=CC=CC=C8)[O]C7=CC=CC=C7 10=20;20,21=21"
"C9=CC=CC=C9[S+:10]([H])[C:20]1([O:21][H])[O][CH](C7=CC=CC=C7)C(C)[CH]([H])[O]1.[Cl-]>>[Cl-].[H][O+:21]=[C:20]2[O][CH](C7=CC=CC=C7)[CH](C)C([H])[O]2.C9=CC=CC=C9[S:10][H] 21=20;20,10=10"
"CN([C:20](=[O:10])OC(C(C([O-:21])CCCCCC)CC)[H])C1=CC=CC=C1>>CN([C:20]1(OC(C(C([O:21]1)CCCCCC)CC)[H])[O-:10])C1=CC=CC=C1 21=20;20,10=10"
"C9=CC=CC=C9[O+:10]([H])[C:20]([NH:21][H])([O]C8=CC=CC=C8)[NH]C.[Cl-]>>[Cl-].C9=CC=CC=C9[O:10][H].[H][NH+:21]=[C:20]([O]C8=CC=CC=C8)[NH]C 21=20;20,10=10"
"CCC1C(C(O[C:20](N1C)([O-:10])[Cl:21])C)C1=CC=CC=C1>>CCC1C(C(O[C:20](=[O:10])N1C)C)C1=CC=CC=C1.[Cl-:21] 10=20;20,21=21"
"CC[NH+:21]=[C:20]2[O][CH](C7=CC=CC=C7)[CH](C)C([H])[O]2.C[O:10][H].[Cl-]>>[Cl-].C[O+:10]([H])[C:20]1([NH:21]CC)[O][CH](C7=CC=CC=C7)C(C)[CH]([H])[O]1 10=20;20,21=21"
"[O-:21][C:20]1(OCC)C(C)C([H])=C([H])C([H])[O:10]1>>[O-:10]C([H])/C([H])=C([H])\C(C)[C:20](OCC)=[O:21] 21=20;20,10=10"
"[H][NH+:10](C(C)C([H])C(C8=CC=CC=C8)[NH]1)[C:20]1([NH:21][H])[O]C.[Cl-]>>[Cl-].[H][NH:10]C(C)C([H])C(C8=CC=CC=C8)[NH][C:20]([O]C)=[NH+:21][H] 21=20;20,10=10"
"C1=CC=CC=C1N([C:20]([O-:10])(OC)[O:21]CC)CCCCCC>>C1=CC=CC=C1N([C:20](=[O:10])OC)CCCCCC.[O-:21]CC 10=20;20,21=21"
"[H][O+:10](C([H])C([H])C(C8=CC=CC=C8)[NH]1)[C:20]1([NH:21][H])[NH]CC.[Cl-]>>[Cl-].[H][O:10]C([H])C([H])C(C8=CC=CC=C8)[NH][C:20]([NH]CC)=[NH+:21][H] 21=20;20,10=10"
"C(C([O-:21])C1=CC=CC=C1)(C(O[C:20](=[O:10])OC1=CC=CC=C1)CCCCCC)C1=CC=CC=C1>>C1(C(O[C:20]([O-:10])([O:21]C1C1=CC=CC=C1)OC1=CC=CC=C1)CCCCCC)C1=CC=CC=C1 21=20;20,10=10"
"[O-:21][C:20]1(C)C(O)C(O)C([H])C([H])[O+:10]1([Na])>>[O:10]([Na])C([H])C([H])C(O)C(O)[C:20](C)=[O:21] 21=20;20,10=10"
"CCCCCCC1C(O[C:20](N1[H])([O-:10])[O:21]C1=CC=CC=C1)C1=CC=CC=C1>>CCCCCCC1C(O[C:20](=[O:10])N1[H])C1=CC=CC=C1.[O-:21]C1=CC=CC=C1 10=20;20,21=21"
"[H]N([C:20](=[O:10])OCCCCCC)[H].[O-:21]C1=CC=CC=C1>>[H]N([C:20]([O-:10])(OCCCCCC)[O:21]C1=CC=CC=C1)[H] 21=20;20,10=10"
"CC1C(C(O[C:20](=[O:10])N1C1=CC=CC=C1)[H])CCCCCC.[O-:21]CCCCCC>>CC1C(C(O[C:20](N1C1=CC=CC=C1)([O-:10])[O:21]CCCCCC)[H])CCCCCC 21=20;20,10=10"
"C6=CC=CC=C6[NH+:21]=[C:20]2[NH][CH](C7=CC=CC=C7)[CH]([H])C(CC)[O]2.C9=CC=CC=C9[NH:10][H].[Cl-]>>[Cl-].C9=CC=CC=C9[NH+:10]([H])[C:20]1([NH:21]C6=CC=CC=C6)[NH][CH](C7=CC=CC=C7)C([H])[CH](CC)[O]1 10=20;20,21=21"
"CCC1C(C(O[C:20](N1CC)([O-:10])[O:21]CCCCCC)CC)CCCCCC>>CCC1C(C(O[C:20](=[O:10])N1CC)CC)CCCCCC.[O-:21]CCCCCC 10=20;20,21=21"
"[H]N([C:20](=[O:10])OC(C(C([O-:21])C1=CC=CC=C1)CC)CCCCCC)C>>[H]N([C:20]1(OC(C(C([O:21]1)C1=CC=CC=C1)CC)CCCCCC)[O-:10])C 21=20;20,10=10"
"CC1C(C(O[C:20](N1[H])([O-:10])[O:21]CCCCCC)C1=CC=CC=C1)[H]>>CC1C(C(O[C:20](=[O:10])N1[H])C1=CC=CC=C1)[H].[O-:21]CCCCCC 10=20;20,21=21"
"CCCCCCN([C:20]1(OC(C(C([O:21]1)[H])[H])[H])[O-:10])CCCCCC>>CCCCCCN([C:20](=[O:10])OC(C(C([O-:21])[H])[H])[H])CCCCCC 10=20;20,21=21"
"[O-:21][C:20]1(C)[O+:10]([K])C(CC)C(C)C1C>>[O:10]([K])C(CC)C(C)C([C:20](C)=[O:21])C 21=20;20,10=10"
"CN([C:20](=[O:10])O[H])C1=CC=CC=C1.[O-:21]CC>>CN([C:20]([O-:10])(O[H])[O:21]CC)C1=CC=CC=C1 21=20;20,10=10"
"[H][O+:10](C(CC)C(C)C(C8=CC=CC=C8)[NH]1)[C:20]1([NH:21]C6=CC=CC=C6)[NH]C.[Cl-]>>[Cl-].[H][O:10]C(CC)C(C)C(C8=CC=CC=C8)[NH][C:20]([NH]C)=[NH+:21]C6=CC=CC=C6 21=20;20,10=10"
"CCC1C(C(O[C:20](=[O:10])N1[H])C1=CC=CC=C1)[H].[O-:21]CC>>CCC1C(C(O[C:20](N1[H])([O-:10])[O:21]CC)C1=CC=CC=C1)[H] 21=20;20,10=10"
"CC[S+:10]([H])[C:20]1([O:21][H])[O]C(C)C(C)[O]1.[Cl-]>>[Cl-].[H][O+:21]=[C:20]2[O]C(C)C(C)[O]2.CC[S:10][H] 21=20;20,10=10"
"[H][NH+:21]=[C:20]2[NH][CH](C)[CH]([H])C(CC)[NH]2.CC[NH:10][H].[Cl-]>>[Cl-].CC[NH+:10]([H])[C:20]1([NH:21][H])[NH][CH](C)C([H])[CH](CC)[NH]1 10=20;20,21=21"
"[O-:21][C:20]1(OCC)C(C)C(O)C(C)C([H])[O+:10]1([Na])>>[O:10]([Na])C([H])C(C)C(O)C(C)[C:20](OCC)=[O:21] 21=20;20,10=10"
"C9=CC=CC=C9[NH+:10]([H])[C:20]1([NH:21]C6=CC=CC=C6)[O][CH]([H])C(C)[CH]([H])[O]1.[Cl-]>>[Cl-].C6=CC=CC=C6[NH+:21]=[C:20]2[O][CH]([H])[CH](C)C([H])[O]2.C9=CC=CC=C9[NH:10][H] 21=20;20,10=10"
"CC[S+:10]([H])[C:20]1([O:21][Si](C)(C)(C))[S]C(C7=CC=CC=C7)C(CC)[S]1.[Cl-]>>[Cl-].[Si](C)(C)(C)[O+:21]=[C:20]2[S]C(C7=CC=CC=C7)C(CC)[S]2.CC[S:10][H] 21=20;20,10=10"
"C[NH+:21]=[C:20]2[O][CH](CC)[CH]([H])C(C8=CC=CC=C8)[O]2.C9=CC=CC=C9[NH:10][H].[Cl-]>>[Cl-].C9=CC=CC=C9[NH+:10]([H])[C:20]1([NH:21]C)[O][CH](CC)C([H])[CH](C8=CC=CC=C8)[O]1 10=20;20,21=21"
"CC1C(C(O[C:20](N1CCCCCC)([O-:10])[O:21]C1=CC=CC=C1)[H])CCCCCC>>CC1C(C(O[C:20](=[O:10])N1CCCCCC)[H])CCCCCC.[O-:21]C1=CC=CC=C1 10=20;20,21=21"
"[H][NH+:10](C(C9=CC=CC=C9)C(C)C(C8=CC=CC=C8)[NH]1)[C:20]1([NH:21]C6=CC=CC=C6)[O]C7=CC=CC=C7.[Cl-]>>[Cl-].[H][NH:10]C(C9=CC=CC=C9)C(C)C(C8=CC=CC=C8)[NH][C:20]([O]C7=CC=CC=C7)=[NH+:21]C6=CC=CC=C6 21=20;20,10=10"
"[H][O:10]C(C9=CC=CC=C9)C(C)C([H])[O][C:20]([NH]C)=[NH+:21][H].[Cl-]>>[Cl-].[H][O+:10](C(C9=CC=CC=C9)C(C)C([H])[O]1)[C:20]1([NH:21][H])[NH]C 10=20;20,21=21"
"C1=CC=CC=C1N([C:20](=[O:10])OC(C([O-:21])CC)C)[H]>>C1=CC=CC=C1N([C:20]1(OC(C([O:21]1)CC)C)[O-:10])[H] 21=20;20,10=10"
"CC[O:10][H].[H][NH+:21]=[C:20]([O]CC)[NH]C7=CC=CC=C7.[Cl-]>>[Cl-].CC[O+:10]([H])[C:20]([NH:21][H])([O]CC)[NH]C7=CC=CC=C7 10=20;20,21=21"
"[OH:21][C:20]1(OC)[OH+:10]C([H])C(O)C1O>>[OH:10]C([H])C(O)C([C:20](OC)=[OH+:21])O 21=20;20,10=10"
"CC1C(C(O[C:20](=[O:10])N1CC)[H])CCCCCC.[O-:21]C1=CC=CC=C1>>CC1C(C(O[C:20](N1CC)([O-:10])[O:21]C1=CC=CC=C1)[H])CCCCCC 21=20;20,10=10"
"[H][NH+:10]([H])[C:20]([NH:21]C)([NH]CC)[O]CC.[Cl-]>>[Cl-].[H][NH:10][H].C[NH+:21]=[C:20]([NH]CC)[O]CC 21=20;20,10=10"
"CC[O:10][H].[H][NH+:21]=[C:20]([O]C8=CC=CC=C8)[NH]C7=CC=CC=C7.[Cl-]>>[Cl-].CC[O+:10]([H])[C:20]([NH:21][H])([O]C8=CC=CC=C8)[NH]C7=CC=CC=C7 10=20;20,21=21"
"[H]C1C(C(O[C:20](=[O:10])N1C1=CC=CC=C1)CCCCCC)CC.[O-:21]C1=CC=CC=C1>>[H]C1C(C(O[C:20](N1C1=CC=CC=C1)([O-:10])[O:21]C1=CC=CC=C1)CCCCCC)CC 21=20;20,10=10"
"[H][O+:10](C(C)C(C8=CC=CC=C8)[S]1)[C:20]1([O:21][Si](C)(C)(C))[O]CC.[Cl-]>>[Cl-].[H][O:10]C(C)C(C8=CC=CC=C8)[S][C:20]([O]CC)=[O+:21][Si](C)(C)(C) 21=20;20,10=10"
"[H][S:10]C(CC)C([H])C([H])[O][C:20]([S][H])=[O+:21]C.[Cl-]>>[Cl-].[H][S+:10](C(CC)C([H])C([H])[O]1)[C:20]1([O:21]C)[S][H] 10=20;20,21=21"
"CCN([C:20]1(OC(C(C([O:21]1)CCCCCC)[H])CCCCCC)[O-:10])CC>>CCN([C:20](=[O:10])OC(C(C([O-:21])CCCCCC)[H])CCCCCC)CC 10=20;20,21=21"
"CC[O:10][H].[H][O+:21]=[C:20]([S]C8=CC=CC=C8)[O]CC.[Cl-]>>[Cl-].CC[O+:10]([H])[C:20]([O:21][H])([S]C8=CC=CC=C8)[O]CC 10=20;20,21=21"
"CCCCCCN([C:20]1(OC(C(C([O:21]1)CCCCCC)CCCCCC)C)[O-:10])CCCCCC>>CCCCCCN([C:20](=[O:10])OC(C(C([O-:21])CCCCCC)CCCCCC)C)CCCCCC 10=20;20,21=21"
"C1=CC=CC=C1N([C:20]1(OC(C(C([O:21]1)C1=CC=CC=C1)[H])CCCCCC)[O-:10])CCCCCC>>C1=CC=CC=C1N([C:20](=[O:10])OC(C(C([O-:21])C1=CC=CC=C1)[H])CCCCCC)CCCCCC 10=20;20,21=21"
"[H][NH:10]C(C9=CC=CC=C9)C(C)[O][C:20]([NH]C7=CC=CC=C7)=[NH+:21]C.[Cl-]>>[Cl-].[H][NH+:10](C(C9=CC=CC=C9)C(C)[O]1)[C:20]1([NH:21]C)[NH]C7=CC=CC=C7 10=20;20,21=21"
"[O:10]([K])C([H])/C(C)=C([H])\C([H])[C:20]([H])=[O:21]>>[O-:21][C:20]1([H])C([H])C([H])=C(C)C([H])[O+:10]1([K]) 10=20;20,21=21"
"[H]N([C:20](=[O:10])O[H])[H].[O-:21]CC>>[H]N([C:20]([O-:10])(O[H])[O:21]CC)[H] 21=20;20,10=10"
"[H][S+:10]([H])[C:20]([O:21]C)([O]C)[O]C.[Cl-]>>[Cl-].[H][S:10][H].C[O+:21]=[C:20]([O]C)[O]C 21=20;20,10=10"
"CC1C(O[C:20](=[O:10])N1C)CC.[O-:21]C1=CC=CC=C1>>CC1C(O[C:20](N1C)([O-:10])[O:21]C1=CC=CC=C1)CC 21=20;20,10=10"
"CC[S:10][H].[H][O+:21]=[C:20]([S]C8=CC=CC=C8)[O][H].[Cl-]>>[Cl-].CC[S+:10]([H])[C:20]([O:21][H])([S]C8=CC=CC=C8)[O][H] 10=20;20,21=21"
"CCCCCCC1C(O[C:20](=[O:10])N1CCCCCC)C.[O-:21]CC>>CCCCCCC1C(O[C:20](N1CCCCCC)([O-:10])[O:21]CC)C 21=20;20,10=10"
"[H][O+:10](C(C9=CC=CC=C9)C([H])[O]1)[C:20]1([NH:21]C)[O]C.[Cl-]>>[Cl-].[H][O:10]C(C9=CC=CC=C9)C([H])[O][C:20]([O]C)=[NH+:21]C 21=20;20,10=10"
"[H]N([C:20]1(OC(C([O:21]1)C)CCCCCC)[O-:10])CCCCCC>>[H]N([C:20](=[O:10])OC(C([O-:21])C)CCCCCC)CCCCCC 10=20;20,21=21"
"C6=CC=CC=C6[NH+:21]=[C:20]2[NH][CH]([H])[CH](C)C(C)[O]2.C[NH:10][H].[Cl-]>>[Cl-].C[NH+:10]([H])[C:20]1([NH:21]C6=CC=CC=C6)[NH][CH]([H])C(C)[CH](C)[O]1 10=20;20,21=21"
"CCN([C:20](=[O:10])OC(C(C([O-:21])CC)C)C)CCCCCC>>CCN([C:20]1(OC(C(C([O:21]1)CC)C)C)[O-:10])CCCCCC 21=20;20,10=10"
"[H][O:10][H].[H][O+:21]=[C:20]([S]C)[O]C7=CC=CC=C7.[Cl-]>>[Cl-].[H][O+:10]([H])[C:20]([O:21][H])([S]C)[O]C7=CC=CC=C7 10=20;20,21=21"
"CC[NH+:21]=[C:20]2[O][CH](C7=CC=CC=C7)[CH]([H])C(C)[O]2.[H][NH:10][H].[Cl-]>>[Cl-].[H][NH+:10]([H])[C:20]1([NH:21]CC)[O][CH](C7=CC=CC=C7)C([H])[CH](C)[O]1 10=20;20,21=21"
"[H]C1C(O[C:20](N1[H])([O-:10])[Cl:21])CC>>[H]C1C(O[C:20](=[O:10])N1[H])CC.[Cl-:21] 10=20;20,21=21"
"[H][S:10][H].[H][O+:21]=[C:20]([O][H])[O]C.[Cl-]>>[Cl-].[H][S+:10]([H])[C:20]([O:21][H])([O][H])[O]C 10=20;20,21=21"
"[H]N([C:20]1(OC(C(C([O:21]1)C1=CC=CC=C1)[H])CCCCCC)[O-:10])CCCCCC>>[H]N([C:20](=[O:10])OC(C(C([O-:21])C1=CC=CC=C1)[H])CCCCCC)CCCCCC 10=20;20,21=21"
"C(C([O-:21])CC)(C(O[C:20](=[O:10])OC)[H])[H]>>C1(C(O[C:20]([O-:10])([O:21]C1CC)OC)[H])[H] 21=20;20,10=10"
"C[NH+:10]([H])[C:20]1([NH:21]C6=CC=CC=C6)[NH][CH](CC)C([H])[CH](C8=CC=CC=C8)[O]1.[Cl-]>>[Cl-].C6=CC=CC=C6[NH+:21]=[C:20]2[NH][CH](CC)[CH]([H])C(C8=CC=CC=C8)[O]2.C[NH:10][H] 21=20;20,10=10"
"[O-:21][C:20]1(C)[O+:10]([K])C(CC)C(O)=C1O>>[O:10]([K])C(CC)/C(O)=C([C:20](C)=[O:21])/O 21=20;20,10=10"
"CCCCCCC1C(O[C:20](N1CCCCCC)([O-:10])[Cl:21])C1=CC=CC=C1>>CCCCCCC1C(O[C:20](=[O:10])N1CCCCCC)C1=CC=CC=C1.[Cl-:21] 10=20;20,21=21"
"[H][NH:10]C(C)C(C)C(CC)[NH][C:20]([O][H])=[NH+:21]C6=CC=CC=C6.[Cl-]>>[Cl-].[H][NH+:10](C(C)C(C)C(CC)[NH]1)[C:20]1([NH:21]C6=CC=CC=C6)[O][H] 10=20;20,21=21"
"C[O+:10]([Li])[C:21]([O-:20])(O[H])OCCCCCC>>[O:20]=[C:21](O[H])OCCCCCC.C[O:10][Li] 20=21;21,10=10"
"CN([C:20](=[O:10])OC(C(C([O-:21])CCCCCC)C)CC)CCCCCC>>CN([C:20]1(OC(C(C([O:21]1)CCCCCC)C)CC)[O-:10])CCCCCC 21=20;20,10=10"
"[H][NH+:10](C([H])C(C)C(CC)[O]1)[C:20]1([NH:21]CC)[O][H].[Cl-]>>[Cl-].[H][NH:10]C([H])C(C)C(CC)[O][C:20]([O][H])=[NH+:21]CC 21=20;20,10=10"
"C9=CC=CC=C9[O+:10]([H])[C:20]([O:21][H])([S]C)[O]C.[Cl-]>>[Cl-].C9=CC=CC=C9[O:10][H].[H][O+:21]=[C:20]([S]C)[O]C 21=20;20,10=10"
"CCC1C(C(O[C:20](=[O:10])N1C1=CC=CC=C1)CC)[H].[O-:21][H]>>CCC1C(C(O[C:20](N1C1=CC=CC=C1)([O-:10])[O:21][H])CC)[H] 21=20;20,10=10"
"C9=CC=CC=C9[O+:10]([H])[C:20]1([NH:21]CC)[O]C(CC)C(CC)[NH]1.[Cl-]>>[Cl-].CC[NH+:21]=[C:20]2[O]C(CC)C(CC)[NH]2.C9=CC=CC=C9[O:10][H] 21=20;20,10=10"
"C[O+:10]([H])[C:20]1([NH:21][H])[O][CH]([H])C(C)[CH](C)[O]1.[Cl-]>>[Cl-].[H][NH+:21]=[C:20]2[O][CH]([H])[CH](C)C(C)[O]2.C[O:10][H] 21=20;20,10=10"
"C1=CC=CC=C1N([C:20]1(OC(C(C([O:21]1)CCCCCC)[H])C)[O-:10])C1=CC=CC=C1>>C1=CC=CC=C1N([C:20](=[O:10])OC(C(C([O-:21])CCCCCC)[H])C)C1=CC=CC=C1 10=20;20,21=21"
"[OH:10]C([H])/C([H])=C([H])\C([H])[C:20](C)=[OH+:21]>>[OH:21][C:20]1(C)C([H])C([H])=C([H])C([H])[OH+:10]1 10=20;20,21=21"
"[O-:21][C:20]1(OC)C([H])=C(C)C(C)C([H])[O:10]1>>[O-:10]C([H])C(C)/C(C)=C([H])\[C:20](OC)=[O:21] 21=20;20,10=10"
"CCCCCCC1C(C(O[C:20](N1C1=CC=CC=C1)([O-:10])[Cl:21])C)CCCCCC>>CCCCCCC1C(C(O[C:20](=[O:10])N1C1=CC=CC=C1)C)CCCCCC.[Cl-:21] 10=20;20,21=21"
"[H]N([C:20]1(OC(C(C([O:21]1)C1=CC=CC=C1)C)[H])[O-:10])CC>>[H]N([C:20](=[O:10])OC(C(C([O-:21])C1=CC=CC=C1)C)[H])CC 10=20;20,21=21"
"[H][O+:10](C(C)C([H])C(C8=CC=CC=C8)[NH]1)[C:20]1([NH:21]C)[O]C7=CC=CC=C7.[Cl-]>>[Cl-].[H][O:10]C(C)C([H])C(C8=CC=CC=C8)[NH][C:20]([O]C7=CC=CC=C7)=[NH+:21]C 21=20;20,10=10"
"C6=CC=CC=C6[NH+:21]=[C:20]2[O]C(C7=CC=CC=C7)C(C)[O]2.C[NH:10][H].[Cl-]>>[Cl-].C[NH+:10]([H])[C:20]1([NH:21]C6=CC=CC=C6)[O]C(C7=CC=CC=C7)C(C)[O]1 10=20;20,21=21"
"[H][O+:10]([H])[C:20]1([NH:21][H])[O][CH]([H])C([H])[CH](CC)[O]1.[Cl-]>>[Cl-].[H][NH+:21]=[C:20]2[O][CH]([H])[CH]([H])C(CC)[O]2.[H][O:10][H] 21=20;20,10=10"
"C1=CC=CC=C1C1C(C(O[C:20](=[O:10])N1CCCCCC)[H])CCCCCC.[O-:21]C>>C1=CC=CC=C1C1C(C(O[C:20](N1CCCCCC)([O-:10])[O:21]C)[H])CCCCCC 21=20;20,10=10"
"CN([C:20]1(OC(C(C([O:21]1)C)[H])[H])[O-:10])CC>>CN([C:20](=[O:10])OC(C(C([O-:21])C)[H])[H])CC 10=20;20,21=21"
"[H][O:10]C([H])C(CC)[O][C:20]([S][H])=[O+:21][Si](C)(C)(C).[Cl-]>>[Cl-].[H][O+:10](C([H])C(CC)[O]1)[C:20]1([O:21][Si](C)(C)(C))[S][H] 10=20;20,21=21"
"C[O+:21]=[C:20]2[O][CH]([H])[CH](C)C(C)[S]2.CC[S:10][H].[Cl-]>>[Cl-].CC[S+:10]([H])[C:20]1([O:21]C)[O][CH]([H])C(C)[CH](C)[S]1 10=20;20,21=21"
"[H][S+:10]([H])[C:20]1([O:21][H])[O]C(CC)C([H])[S]1.[Cl-]>>[Cl-].[H][O+:21]=[C:20]2[O]C(CC)C([H])[S]2.[H][S:10][H] 21=20;20,10=10"
"C[S+:10]([H])[C:20]1([O:21][H])[S][CH](C)C([H])[CH]([H])[S]1.[Cl-]>>[Cl-].[H][O+:21]=[C:20]2[S][CH](C)[CH]([H])C([H])[S]2.C[S:10][H] 21=20;20,10=10"
"[H][NH+:10](C([H])C(C8=CC=CC=C8)[O]1)[C:20]1([NH:21]CC)[O]CC.[Cl-]>>[Cl-].[H][NH:10]C([H])C(C8=CC=CC=C8)[O][C:20]([O]CC)=[NH+:21]CC 21=20;20,10=10"
"[CH2:20]([O:10]CCCCCC)[Cl:21]>>[CH2:20]=[O+:10]CCCCCC.[Cl-:21] 10=20;20,21=21"
"C9=CC=CC=C9[O+:10]([H])[C:20]1([O:21][H])[S][CH](C7=CC=CC=C7)C([H])[CH]([H])[O]1.[Cl-]>>[Cl-].[H][O+:21]=[C:20]2[S][CH](C7=CC=CC=C7)[CH]([H])C([H])[O]2.C9=CC=CC=C9[O:10][H] 21=20;20,10=10"
"[H][O+:10]([H])[C:20]1([NH:21]CC)[NH]C([H])C(C)[O]1.[Cl-]>>[Cl-].CC[NH+:21]=[C:20]2[NH]C([H])C(C)[O]2.[H][O:10][H] 21=20;20,10=10"
"[H][O+:10](C(CC)C(C)C(CC)[O]1)[C:20]1([NH:21][H])[O]C7=CC=CC=C7.[Cl-]>>[Cl-].[H][O:10]C(CC)C(C)C(CC)[O][C:20]([O]C7=CC=CC=C7)=[NH+:21][H] 21=20;20,10=10"
"[H][S:10]C([H])C(C)C(C)[S][C:20]([O]C)=[O+:21]C.[Cl-]>>[Cl-].[H][S+:10](C([H])C(C)C(C)[S]1)[C:20]1([O:21]C)[O]C 10=20;20,21=21"
"C9=CC=CC=C9[S:10][H].[Si](C)(C)(C)[O+:21]=[C:20]([O]C8=CC=CC=C8)[S]CC.[Cl-]>>[Cl-].C9=CC=CC=C9[S+:10]([H])[C:20]([O:21][Si](C)(C)(C))([O]C8=CC=CC=C8)[S]CC 10=20;20,21=21"
"[OH:10]C(C(C1=C(C=CC=C1)[CH:20](OC)=[OH+:21])[H])[H]>>[OH:21][CH:20]2(OC)C3=C(C(C([OH+:10]2)[H])[H])C=CC=C3 10=20;20,21=21"
"C[O+:10]([H])[C:20]1([NH:21]C6=CC=CC=C6)[O]C(C7=CC=CC=C7)C(CC)[O]1.[Cl-]>>[Cl-].C6=CC=CC=C6[NH+:21]=[C:20]2[O]C(C7=CC=CC=C7)C(CC)[O]2.C[O:10][H] 21=20;20,10=10"
"CC[O:10][H].[H][O+:21]=[C:20]([S]C)[O]CC.[Cl-]>>[Cl-].CC[O+:10]([H])[C:20]([O:21][H])([S]C)[O]CC 10=20;20,21=21"
"[H][NH+:21]=[C:20]2[NH]C([H])C(CC)[O]2.[H][NH:10][H].[Cl-]>>[Cl-].[H][NH+:10]([H])[C:20]1([NH:21][H])[NH]C([H])C(CC)[O]1 10=20;20,21=21"
"CCN([C:20](=[O:10])OC(C(C([O-:21])[H])[H])[H])[H]>>CCN([C:20]1(OC(C(C([O:21]1)[H])[H])[H])[O-:10])[H] 21=20;20,10=10"
"[H]N([C:20]1(OC(C(C([O:21]1)C1=CC=CC=C1)CC)CC)[O-:10])[H]>>[H]N([C:20](=[O:10])OC(C(C([O-:21])C1=CC=CC=C1)CC)CC)[H] 10=20;20,21=21"
"[H][O+:21]=[C:20]2[S]C(C)C(CC)[O]2.C[O:10][H].[Cl-]>>[Cl-].C[O+:10]([H])[C:20]1([O:21][H])[S]C(C)C(CC)[O]1 10=20;20,21=21"
"C[NH+:21]=[C:20]2[O][CH](C7=CC=CC=C7)[CH](C)C([H])[NH]2.CC[NH:10][H].[Cl-]>>[Cl-].CC[NH+:10]([H])[C:20]1([NH:21]C)[O][CH](C7=CC=CC=C7)C(C)[CH]([H])[NH]1 10=20;20,21=21"
"[H][O:10]C([H])C(C)C(CC)[O][C:20]([O]C)=[NH+:21]C.[Cl-]>>[Cl-].[H][O+:10](C([H])C(C)C(CC)[O]1)[C:20]1([NH:21]C)[O]C 10=20;20,21=21"
"C6=CC=CC=C6[NH+:21]=[C:20]2[NH][CH](CC)[CH](C)C(C8=CC=CC=C8)[NH]2.C9=CC=CC=C9[NH:10][H].[Cl-]>>[Cl-].C9=CC=CC=C9[NH+:10]([H])[C:20]1([NH:21]C6=CC=CC=C6)[NH][CH](CC)C(C)[CH](C8=CC=CC=C8)[NH]1 10=20;20,21=21"
"C9=CC=CC=C9[S+:10]([H])[C:20]1([O:21]C)[O]C([H])C(C8=CC=CC=C8)[O]1.[Cl-]>>[Cl-].C[O+:21]=[C:20]2[O]C([H])C(C8=CC=CC=C8)[O]2.C9=CC=CC=C9[S:10][H] 21=20;20,10=10"
"[O:10]([Na])C([H])C(C)/C(C)=C([H])\[C:20](OCC)=[O:21]>>[O-:21][C:20]1(OCC)C([H])=C(C)C(C)C([H])[O+:10]1([Na]) 10=20;20,21=21"
"CC[O+:10]([H])[C:20]1([NH:21]C6=CC=CC=C6)[NH][CH](C7=CC=CC=C7)C([H])[CH](CC)[O]1.[Cl-]>>[Cl-].C6=CC=CC=C6[NH+:21]=[C:20]2[NH][CH](C7=CC=CC=C7)[CH]([H])C(CC)[O]2.CC[O:10][H] 21=20;20,10=10"
"C6=CC=CC=C6[NH+:21]=[C:20]2[NH][CH](C7=CC=CC=C7)[CH]([H])C([H])[NH]2.C[O:10][H].[Cl-]>>[Cl-].C[O+:10]([H])[C:20]1([NH:21]C6=CC=CC=C6)[NH][CH](C7=CC=CC=C7)C([H])[CH]([H])[NH]1 10=20;20,21=21"
"[NH:10](C)C(C)C(C)N([C:20](OCC)=[O:21])[H]>>[O-:21][C:20]1(OCC)[NH+:10](C)C(C)C(C)N1[H] 10=20;20,21=21"
"C[O+:21]=[C:20]2[O]C(CC)C(CC)[S]2.C9=CC=CC=C9[O:10][H].[Cl-]>>[Cl-].C9=CC=CC=C9[O+:10]([H])[C:20]1([O:21]C)[O]C(CC)C(CC)[S]1 10=20;20,21=21"
"C(C(O[C:20](=[O:10])OC)C1=CC=CC=C1)([O-:21])CCCCCC>>C1(C([O:21][C:20](O1)([O-:10])OC)CCCCCC)C1=CC=CC=C1 21=20;20,10=10"
"C[NH+:21]=[C:20]2[O][CH](C)[CH](C)C(CC)[NH]2.CC[NH:10][H].[Cl-]>>[Cl-].CC[NH+:10]([H])[C:20]1([NH:21]C)[O][CH](C)C(C)[CH](CC)[NH]1 10=20;20,21=21"
"[CH:20]([OH:10])([I:21])CCCCCC>>[CH:20](=[OH+:10])CCCCCC.[I-:21] 10=20;20,21=21"
"CC[O:10][H].[H][NH+:21]=[C:20]([NH]CC)[O][H].[Cl-]>>[Cl-].CC[O+:10]([H])[C:20]([NH:21][H])([NH]CC)[O][H] 10=20;20,21=21"
"C[NH+:10]([H])[C:20]([NH:21]CC)([NH]C)[NH]CC.[Cl-]>>[Cl-].C[NH:10][H].CC[NH+:21]=[C:20]([NH]C)[NH]CC 21=20;20,10=10"
"C9=CC=CC=C9[S:10][H].C[O+:21]=[C:20]([O]C)[O][H].[Cl-]>>[Cl-].C9=CC=CC=C9[S+:10]([H])[C:20]([O:21]C)([O]C)[O][H] 10=20;20,21=21"
"[H][S+:10](C([H])C(C8=CC=CC=C8)[S]1)[C:20]1([O:21][Si](C)(C)(C))[S]CC.[Cl-]>>[Cl-].[H][S:10]C([H])C(C8=CC=CC=C8)[S][C:20]([S]CC)=[O+:21][Si](C)(C)(C) 21=20;20,10=10"
"[H]C1C(C(O[C:20](=[O:10])N1CC)C1=CC=CC=C1)C.[O-:21]CCCCCC>>[H]C1C(C(O[C:20](N1CC)([O-:10])[O:21]CCCCCC)C1=CC=CC=C1)C 21=20;20,10=10"
"[O-:21][C:20]1(OCC)C([H])C([H])=C([H])C(C)[NH+:10]1([H])>>[NH:10]([H])C(C)/C([H])=C([H])\C([H])[C:20](OCC)=[O:21] 21=20;20,10=10"
"CC[O:10][H].[Si](C)(C)(C)[O+:21]=[C:20]([S]C)[O]C7=CC=CC=C7.[Cl-]>>[Cl-].CC[O+:10]([H])[C:20]([O:21][Si](C)(C)(C))([S]C)[O]C7=CC=CC=C7 10=20;20,21=21"
"[H][O+:10](C(C9=CC=CC=C9)C(C)C(C)[NH]1)[C:20]1([NH:21]C)[O]CC.[Cl-]>>[Cl-].[H][O:10]C(C9=CC=CC=C9)C(C)C(C)[NH][C:20]([O]CC)=[NH+:21]C 21=20;20,10=10"
"[H][O+:10](C([H])C(C)C(C)[O]1)[C:20]1([O:21]C)[O][H].[Cl-]>>[Cl-].[H][O:10]C([H])C(C)C(C)[O][C:20]([O][H])=[O+:21]C 21=20;20,10=10"
"[H][S:10][H].[Si](C)(C)(C)[O+:21]=[C:20]([O][H])[O][H].[Cl-]>>[Cl-].[H][S+:10]([H])[C:20]([O:21][Si](C)(C)(C))([O][H])[O][H] 10=20;20,21=21"
"C[NH+:10]([H])[C:20]([NH:21]C6=CC=CC=C6)([O]C8=CC=CC=C8)[NH]CC.[Cl-]>>[Cl-].C[NH:10][H].C6=CC=CC=C6[NH+:21]=[C:20]([O]C8=CC=CC=C8)[NH]CC 21=20;20,10=10"
"[H][O+:10](C(C9=CC=CC=C9)C([H])C([H])[NH]1)[C:20]1([NH:21]CC)[NH]CC.[Cl-]>>[Cl-].[H][O:10]C(C9=CC=CC=C9)C([H])C([H])[NH][C:20]([NH]CC)=[NH+:21]CC 21=20;20,10=10"
"[H][O+:10]([H])[C:20]1([NH:21][H])[NH][CH](C7=CC=CC=C7)C(C)[CH]([H])[NH]1.[Cl-]>>[Cl-].[H][NH+:21]=[C:20]2[NH][CH](C7=CC=CC=C7)[CH](C)C([H])[NH]2.[H][O:10][H] 21=20;20,10=10"
"[H][O+:10](C(C)C([H])[O]1)[C:20]1([O:21][Si](C)(C)(C))[O][H].[Cl-]>>[Cl-].[H][O:10]C(C)C([H])[O][C:20]([O][H])=[O+:21][Si](C)(C)(C) 21=20;20,10=10"
"[H][O:10]C(C9=CC=CC=C9)C(C)C([H])[NH][C:20]([NH]CC)=[NH+:21]CC.[Cl-]>>[Cl-].[H][O+:10](C(C9=CC=CC=C9)C(C)C([H])[NH]1)[C:20]1([NH:21]CC)[NH]CC 10=20;20,21=21"
"CCCCCCN([C:20](=[O:10])OC(C([O-:21])C)[H])[H]>>CCCCCCN([C:20]1(OC(C([O:21]1)C)[H])[O-:10])[H] 21=20;20,10=10"
"[H][S:10]C(CC)C([H])C(CC)[S][C:20]([S]C)=[O+:21][H].[Cl-]>>[Cl-].[H][S+:10](C(CC)C([H])C(CC)[S]1)[C:20]1([O:21][H])[S]C 10=20;20,21=21"
"[O-:21][C:20]1(OC)C(C)C(C)=C([H])C(C)[NH+:10]1([H])>>[NH:10]([H])C(C)/C([H])=C(C)\C(C)[C:20](OC)=[O:21] 21=20;20,10=10"
"[H][O:10]C(CC)C(C8=CC=CC=C8)[O][C:20]([NH]C7=CC=CC=C7)=[NH+:21]C.[Cl-]>>[Cl-].[H][O+:10](C(CC)C(C8=CC=CC=C8)[O]1)[C:20]1([NH:21]C)[NH]C7=CC=CC=C7 10=20;20,21=21"
"CCCCCCN([C:20](=[O:10])O[H])C.[O-:21][H]>>CCCCCCN([C:20]([O-:10])(O[H])[O:21][H])C 21=20;20,10=10"
"C[S:10][H].C[O+:21]=[C:20]([S]C8=CC=CC=C8)[O]C.[Cl-]>>[Cl-].C[S+:10]([H])[C:20]([O:21]C)([S]C8=CC=CC=C8)[O]C 10=20;20,21=21"
"[H][NH:10]C([H])C([H])C(C)[NH][C:20]([NH]CC)=[NH+:21]C.[Cl-]>>[Cl-].[H][NH+:10](C([H])C([H])C(C)[NH]1)[C:20]1([NH:21]C)[NH]CC 10=20;20,21=21"
"[H][O+:10](C(C9=CC=CC=C9)C([H])C(C)[NH]1)[C:20]1([NH:21][H])[O]CC.[Cl-]>>[Cl-].[H][O:10]C(C9=CC=CC=C9)C([H])C(C)[NH][C:20]([O]CC)=[NH+:21][H] 21=20;20,10=10"
"CCCCCCN([C:20]1(OC(C(C([O:21]1)C)[H])CC)[O-:10])CCCCCC>>CCCCCCN([C:20](=[O:10])OC(C(C([O-:21])C)[H])CC)CCCCCC 10=20;20,21=21"
"C[S+:10]([H])[C:20]1([O:21][H])[O][CH](C7=CC=CC=C7)C([H])[CH](CC)[S]1.[Cl-]>>[Cl-].[H][O+:21]=[C:20]2[O][CH](C7=CC=CC=C7)[CH]([H])C(CC)[S]2.C[S:10][H] 21=20;20,10=10"
"[H][NH+:10](C(CC)C(C8=CC=CC=C8)[NH]1)[C:20]1([NH:21]CC)[NH][H].[Cl-]>>[Cl-].[H][NH:10]C(CC)C(C8=CC=CC=C8)[NH][C:20]([NH][H])=[NH+:21]CC 21=20;20,10=10"
"[O-:10]C(C)/C([H])=C([C:20]([H])=[O:21])/[H]>>[O-:21][C:20]1([H])[O:10]C(C)C([H])=C1[H] 10=20;20,21=21"
"[O-:21][C:20]1(C)C([H])=C([H])C(C)C(CCC)[O+:10]1([K])>>[O:10]([K])C(CCC)C(C)/C([H])=C([H])\[C:20](C)=[O:21] 21=20;20,10=10"
"[H][S:10]C(CC)C(C8=CC=CC=C8)[S][C:20]([S]C)=[O+:21][Si](C)(C)(C).[Cl-]>>[Cl-].[H][S+:10](C(CC)C(C8=CC=CC=C8)[S]1)[C:20]1([O:21][Si](C)(C)(C))[S]C 10=20;20,21=21"
"[H]N([C:20]1(OC(C(C([O:21]1)C)CCCCCC)CCCCCC)[O-:10])CCCCCC>>[H]N([C:20](=[O:10])OC(C(C([O-:21])C)CCCCCC)CCCCCC)CCCCCC 10=20;20,21=21"
"[H][S+:10]([H])[C:20]1([O:21]C)[S]C(C)C(C8=CC=CC=C8)[O]1.[Cl-]>>[Cl-].C[O+:21]=[C:20]2[S]C(C)C(C8=CC=CC=C8)[O]2.[H][S:10][H] 21=20;20,10=10"
"C9=CC=CC=C9[NH+:10]([H])[C:20]([NH:21]C)([NH]CC)[NH]C.[Cl-]>>[Cl-].C9=CC=CC=C9[NH:10][H].C[NH+:21]=[C:20]([NH]CC)[NH]C 21=20;20,10=10"
"[H][O+:10](C(C)C([H])C(CC)[NH]1)[C:20]1([NH:21]CC)[O]C.[Cl-]>>[Cl-].[H][O:10]C(C)C([H])C(CC)[NH][C:20]([O]C)=[NH+:21]CC 21=20;20,10=10"
"C6=CC=CC=C6[NH+:21]=[C:20]2[O][CH]([H])[CH]([H])C(C8=CC=CC=C8)[O]2.[H][NH:10][H].[Cl-]>>[Cl-].[H][NH+:10]([H])[C:20]1([NH:21]C6=CC=CC=C6)[O][CH]([H])C([H])[CH](C8=CC=CC=C8)[O]1 10=20;20,21=21"
"[OH:21][C:20]1(OCC)C([H])C(C)C([H])C(CCC)[OH+:10]1>>[OH:10]C(CCC)C([H])C(C)C([H])[C:20](OCC)=[OH+:21] 21=20;20,10=10"
"CC[S+:10]([H])[C:20]([O:21][H])([O]C)[O]CC.[Cl-]>>[Cl-].CC[S:10][H].[H][O+:21]=[C:20]([O]C)[O]CC 21=20;20,10=10"
"CN([C:20](=[O:10])OC(C(C([O-:21])C)[H])C1=CC=CC=C1)CCCCCC>>CN([C:20]1(OC(C(C([O:21]1)C)[H])C1=CC=CC=C1)[O-:10])CCCCCC 21=20;20,10=10"
"[O-:21][C:20]1(C)C([H])C(C)=C(C)C(CCC)[O+:10]1([K])>>[O:10]([K])C(CCC)/C(C)=C(C)\C([H])[C:20](C)=[O:21] 21=20;20,10=10"
"[H][S+:10]([H])[C:20]1([O:21][H])[S][CH](CC)C([H])[CH]([H])[S]1.[Cl-]>>[Cl-].[H][O+:21]=[C:20]2[S][CH](CC)[CH]([H])C([H])[S]2.[H][S:10][H] 21=20;20,10=10"
"CCCCCCN([C:20](=[O:10])OC(C(C([O-:21])C1=CC=CC=C1)CCCCCC)CC)[H]>>CCCCCCN([C:20]1(OC(C(C([O:21]1)C1=CC=CC=C1)CCCCCC)CC)[O-:10])[H] 21=20;20,10=10"
"[O-:21][C:20]1(OC)C(O)C([H])C([H])C([H])[O+:10]1([Na])>>[O:10]([Na])C([H])C([H])C([H])C(O)[C:20](OC)=[O:21] 21=20;20,10=10"
"CCN([C:20](=[O:10])OC(C(C([O-:21])CCCCCC)C)CC)C1=CC=CC=C1>>CCN([C:20]1(OC(C(C([O:21]1)CCCCCC)C)CC)[O-:10])C1=CC=CC=C1 21=20;20,10=10"
"C[O+:21]=[C:20]2[S]C(C7=CC=CC=C7)C(C)[S]2.[H][O:10][H].[Cl-]>>[Cl-].[H][O+:10]([H])[C:20]1([O:21]C)[S]C(C7=CC=CC=C7)C(C)[S]1 10=20;20,21=21"
"[H][O:10]C([H])C(C)C(C)[O][C:20]([NH]C)=[NH+:21]CC.[Cl-]>>[Cl-].[H][O+:10](C([H])C(C)C(C)[O]1)[C:20]1([NH:21]CC)[NH]C 10=20;20,21=21"
"[NH:10]([H])C(CC)C(C)/C([H])=C([H])\[C:20](C)=[O:21]>>[O-:21][C:20]1(C)C([H])=C([H])C(C)C(CC)[NH+:10]1([H]) 10=20;20,21=21"
"C[O+:21]=[C:20]2[O][CH](C)[CH]([H])C(CC)[S]2.C[S:10][H].[Cl-]>>[Cl-].C[S+:10]([H])[C:20]1([O:21]C)[O][CH](C)C([H])[CH](CC)[S]1 10=20;20,21=21"
"[H]N([C:20](=[O:10])OC(C(C([O-:21])[H])C)[H])[H]>>[H]N([C:20]1(OC(C(C([O:21]1)[H])C)[H])[O-:10])[H] 21=20;20,10=10"
"[O-:21][C:20]1(C)C([H])C([H])=C([H])C(CC)[O:10]1>>[O-:10]C(CC)/C([H])=C([H])\C([H])[C:20](C)=[O:21] 21=20;20,10=10"
"[H][O+:10]([H])[C:20]1([O:21]C)[S][CH]([H])C([H])[CH](C)[O]1.[Cl-]>>[Cl-].C[O+:21]=[C:20]2[S][CH]([H])[CH]([H])C(C)[O]2.[H][O:10][H] 21=20;20,10=10"
"CC[O+:10]([H])[C:20]1([O:21][H])[S][CH](CC)C(C)[CH]([H])[O]1.[Cl-]>>[Cl-].[H][O+:21]=[C:20]2[S][CH](CC)[CH](C)C([H])[O]2.CC[O:10][H] 21=20;20,10=10"
"CCN([C:20]([O-:10])(OCC)[O:21]CC)C>>CCN([C:20](=[O:10])OCC)C.[O-:21]CC 10=20;20,21=21"
"[H][NH:10]C([H])C([H])C(CC)[NH][C:20]([NH]CC)=[NH+:21][H].[Cl-]>>[Cl-].[H][NH+:10](C([H])C([H])C(CC)[NH]1)[C:20]1([NH:21][H])[NH]CC 10=20;20,21=21"
"[H][NH+:10](C([H])C(C8=CC=CC=C8)[O]1)[C:20]1([NH:21]C6=CC=CC=C6)[NH]C.[Cl-]>>[Cl-].[H][NH:10]C([H])C(C8=CC=CC=C8)[O][C:20]([NH]C)=[NH+:21]C6=CC=CC=C6 21=20;20,10=10"
"C9=CC=CC=C9[O+:10]([H])[C:20]1([NH:21]C6=CC=CC=C6)[O]C(CC)C(C)[O]1.[Cl-]>>[Cl-].C6=CC=CC=C6[NH+:21]=[C:20]2[O]C(CC)C(C)[O]2.C9=CC=CC=C9[O:10][H] 21=20;20,10=10"
"C1(C(O[C:20]([O-:10])([O:21]C1[H])OCCCCCC)C1=CC=CC=C1)C1=CC=CC=C1>>C(C([O-:21])[H])(C(O[C:20](=[O:10])OCCCCCC)C1=CC=CC=C1)C1=CC=CC=C1 10=20;20,21=21"
"[H]N([C:20](=[O:10])OC(C(C([O-:21])CC)CC)[H])CC>>[H]N([C:20]1(OC(C(C([O:21]1)CC)CC)[H])[O-:10])CC 21=20;20,10=10"
"[H][O:10]C(CC)C(C8=CC=CC=C8)[O][C:20]([S]CC)=[O+:21]C.[Cl-]>>[Cl-].[H][O+:10](C(CC)C(C8=CC=CC=C8)[O]1)[C:20]1([O:21]C)[S]CC 10=20;20,21=21"
"[H][O+:10]([H])[C:20]1([O:21][H])[S]C(C)C(CC)[O]1.[Cl-]>>[Cl-].[H][O+:21]=[C:20]2[S]C(C)C(CC)[O]2.[H][O:10][H] 21=20;20,10=10"
"[O-:21][C:20]2(C)C(C([H])C3=C([NH+:10]2(C))C=CC=C3)O>>[NH:10](C)C(C=CC=C1)=C1C([H])C([C:20](C)=[O:21])O 21=20;20,10=10"
"[H][NH+:10](C(CC)C(C)[O]1)[C:20]1([NH:21]C)[O]CC.[Cl-]>>[Cl-].[H][NH:10]C(CC)C(C)[O][C:20]([O]CC)=[NH+:21]C 21=20;20,10=10"
"C[O+:21]=[C:20]2[O][CH](C)[CH](C)C(C)[S]2.C9=CC=CC=C9[O:10][H].[Cl-]>>[Cl-].C9=CC=CC=C9[O+:10]([H])[C:20]1([O:21]C)[O][CH](C)C(C)[CH](C)[S]1 10=20;20,21=21"
"[O-:21][C:20]1(OC)C(C)C(O)C([H])C(C)[NH+:10]1([H])>>[NH:10]([H])C(C)C([H])C(O)C(C)[C:20](OC)=[O:21] 21=20;20,10=10"
"[H]C1C(C(O[C:20](N1[H])([O-:10])[O:21]C1=CC=CC=C1)[H])[H]>>[H]C1C(C(O[C:20](=[O:10])N1[H])[H])[H].[O-:21]C1=CC=CC=C1 10=20;20,21=21"
"C[O+:10]([H])[C:20]1([NH:21]CC)[NH][CH](CC)C([H])[CH](CC)[O]1.[Cl-]>>[Cl-].CC[NH+:21]=[C:20]2[NH][CH](CC)[CH]([H])C(CC)[O]2.C[O:10][H] 21=20;20,10=10"
"[H][NH+:10](C(C9=CC=CC=C9)C([H])C(C8=CC=CC=C8)[NH]1)[C:20]1([NH:21]CC)[NH][H].[Cl-]>>[Cl-].[H][NH:10]C(C9=CC=CC=C9)C([H])C(C8=CC=CC=C8)[NH][C:20]([NH][H])=[NH+:21]CC 21=20;20,10=10"
"[H]C1C(C(O[C:20](N1CC)([O-:10])[O:21]C)C)CCCCCC>>[H]C1C(C(O[C:20](=[O:10])N1CC)C)CCCCCC.[O-:21]C 10=20;20,21=21"
"CC[O+:10]([H])[C:20]1([NH:21]C6=CC=CC=C6)[O][CH](C7=CC=CC=C7)C(C)[CH](C8=CC=CC=C8)[O]1.[Cl-]>>[Cl-].C6=CC=CC=C6[NH+:21]=[C:20]2[O][CH](C7=CC=CC=C7)[CH](C)C(C8=CC=CC=C8)[O]2.CC[O:10][H] 21=20;20,10=10"
"[H][O+:10](C(C)C([H])C(C)[NH]1)[C:20]1([NH:21]C6=CC=CC=C6)[NH]C7=CC=CC=C7.[Cl-]>>[Cl-].[H][O:10]C(C)C([H])C(C)[NH][C:20]([NH]C7=CC=CC=C7)=[NH+:21]C6=CC=CC=C6 21=20;20,10=10"
"[O:10]([Na])C(C)C(C)C([H])C(O)[C:20](OC)=[O:21]>>[O-:21][C:20]1(OC)C(O)C([H])C(C)C(C)[O+:10]1([Na]) 10=20;20,21=21"
"[H][O+:21]=[C:20]2[S][CH](C)[CH]([H])C([H])[O]2.C9=CC=CC=C9[O:10][H].[Cl-]>>[Cl-].C9=CC=CC=C9[O+:10]([H])[C:20]1([O:21][H])[S][CH](C)C([H])[CH]([H])[O]1 10=20;20,21=21"
"CC1C(C(O[C:20](N1CCCCCC)([O-:10])[O:21][H])C)C>>CC1C(C(O[C:20](=[O:10])N1CCCCCC)C)C.[O-:21][H] 10=20;20,21=21"
"[H]N([C:20]1(OC(C(C([O:21]1)CC)CCCCCC)[H])[O-:10])CCCCCC>>[H]N([C:20](=[O:10])OC(C(C([O-:21])CC)CCCCCC)[H])CCCCCC 10=20;20,21=21"
"[O:20]=[C:21](OCCCCCC)OCC.C[O:10][Na]>>C[O+:10]([Na])[C:21]([O-:20])(OCCCCCC)OCC 10=21;21,20=20"
"[NH:10]([H])C(CC)C([H])/C([H])=C(C)\[C:20](OCC)=[O:21]>>[O-:21][C:20]1(OCC)C(C)=C([H])C([H])C(CC)[NH+:10]1([H]) 10=20;20,21=21"
"[H]C1C(O[C:20](=[O:10])N1C)C.[O-:21]CCCCCC>>[H]C1C(O[C:20](N1C)([O-:10])[O:21]CCCCCC)C 21=20;20,10=10"
"CCC1C(O[C:20](=[O:10])N1[H])C1=CC=CC=C1.[O-:21]CCCCCC>>CCC1C(O[C:20](N1[H])([O-:10])[O:21]CCCCCC)C1=CC=CC=C1 21=20;20,10=10"
"CCCCCCC1C(C(O[C:20](N1[H])([O-:10])[O:21]C1=CC=CC=C1)CCCCCC)[H]>>CCCCCCC1C(C(O[C:20](=[O:10])N1[H])CCCCCC)[H].[O-:21]C1=CC=CC=C1 10=20;20,21=21"
"[H][O+:21]=[C:20]2[S][CH](CC)[CH]([H])C(C8=CC=CC=C8)[S]2.CC[O:10][H].[Cl-]>>[Cl-].CC[O+:10]([H])[C:20]1([O:21][H])[S][CH](CC)C([H])[CH](C8=CC=CC=C8)[S]1 10=20;20,21=21"
"[H][O+:10]([H])[C:20]1([NH:21][H])[NH][CH](CC)C([H])[CH](CC)[O]1.[Cl-]>>[Cl-].[H][NH+:21]=[C:20]2[NH][CH](CC)[CH]([H])C(CC)[O]2.[H][O:10][H] 21=20;20,10=10"
"C[NH+:21]=[C:20]2[O][CH](CC)[CH]([H])C(CC)[NH]2.C[NH:10][H].[Cl-]>>[Cl-].C[NH+:10]([H])[C:20]1([NH:21]C)[O][CH](CC)C([H])[CH](CC)[NH]1 10=20;20,21=21"
"[O-:21][C:20]2(C)C(C(C)C3=C([O:10]2)C=CC=C3)[H]>>[O-:10]C(C=CC=C1)=C1C(C)C([C:20](C)=[O:21])[H] 21=20;20,10=10"
"CC[O+:10]([K])[C:21]([O-:20])(O[H])OC>>[O:20]=[C:21](O[H])OC.CC[O:10][K] 20=21;21,10=10"
"[O:10]([Na])C(CC)C([H])C([H])C(O)[C:20](OC)=[O:21]>>[O-:21][C:20]1(OC)C(O)C([H])C([H])C(CC)[O+:10]1([Na]) 10=20;20,21=21"
"C9=CC=CC=C9[NH+:10]([H])[C:20]1([NH:21][H])[O][CH](CC)C(C)[CH]([H])[NH]1.[Cl-]>>[Cl-].[H][NH+:21]=[C:20]2[O][CH](CC)[CH](C)C([H])[NH]2.C9=CC=CC=C9[NH:10][H] 21=20;20,10=10"
"[H][S:10]C(C9=CC=CC=C9)C(C)C([H])[S][C:20]([S][H])=[O+:21]C.[Cl-]>>[Cl-].[H][S+:10](C(C9=CC=CC=C9)C(C)C([H])[S]1)[C:20]1([O:21]C)[S][H] 10=20;20,21=21"
"[H][NH+:10](C(C)C([H])[NH]1)[C:20]1([NH:21]C)[O][H].[Cl-]>>[Cl-].[H][NH:10]C(C)C([H])[NH][C:20]([O][H])=[NH+:21]C 21=20;20,10=10"
"[H][O:10][H].[H][NH+:21]=[C:20]([O][H])[O]CC.[Cl-]>>[Cl-].[H][O+:10]([H])[C:20]([NH:21][H])([O][H])[O]CC 10=20;20,21=21"
"CCC1C(C(O[C:20](N1[H])([O-:10])[O:21]CCCCCC)CC)CCCCCC>>CCC1C(C(O[C:20](=[O:10])N1[H])CC)CCCCCC.[O-:21]CCCCCC 10=20;20,21=21"
"[OH:10]C(CCC)C(C)/C([H])=C(C)\[C:20]([H])=[OH+:21]>>[OH:21][C:20]1([H])C(C)=C([H])C(C)C(CCC)[OH+:10]1 10=20;20,21=21"
"CC[O+:10]([H])[C:20]1([NH:21]C)[NH]C(C)C(C)[O]1.[Cl-]>>[Cl-].C[NH+:21]=[C:20]2[NH]C(C)C(C)[O]2.CC[O:10][H] 21=20;20,10=10"
"[H][O:10]C(C)C([H])C([H])[NH][C:20]([NH]C7=CC=CC=C7)=[NH+:21]C6=CC=CC=C6.[Cl-]>>[Cl-].[H][O+:10](C(C)C([H])C([H])[NH]1)[C:20]1([NH:21]C6=CC=CC=C6)[NH]C7=CC=CC=C7 10=20;20,21=21"
"[H][NH+:10](C(C)C([H])C(C8=CC=CC=C8)[NH]1)[C:20]1([NH:21]CC)[O]CC.[Cl-]>>[Cl-].[H][NH:10]C(C)C([H])C(C8=CC=CC=C8)[NH][C:20]([O]CC)=[NH+:21]CC 21=20;20,10=10"
"[H][NH:10]C([H])C(C)[O][C:20]([O][H])=[NH+:21]C6=CC=CC=C6.[Cl-]>>[Cl-].[H][NH+:10](C([H])C(C)[O]1)[C:20]1([NH:21]C6=CC=CC=C6)[O][H] 10=20;20,21=21"
"[H][O:10]C(CC)C(C8=CC=CC=C8)[NH][C:20]([O]C)=[NH+:21]C6=CC=CC=C6.[Cl-]>>[Cl-].[H][O+:10](C(CC)C(C8=CC=CC=C8)[NH]1)[C:20]1([NH:21]C6=CC=CC=C6)[O]C 10=20;20,21=21"
"C1(C(O[C:20]([O-:10])([O:21]C1C1=CC=CC=C1)OC1=CC=CC=C1)C1=CC=CC=C1)C1=CC=CC=C1>>C(C([O-:21])C1=CC=CC=C1)(C(O[C:20](=[O:10])OC1=CC=CC=C1)C1=CC=CC=C1)C1=CC=CC=C1 10=20;20,21=21"
"[H][O:10]C(CC)C([H])[O][C:20]([O]CC)=[O+:21][H].[Cl-]>>[Cl-].[H][O+:10](C(CC)C([H])[O]1)[C:20]1([O:21][H])[O]CC 10=20;20,21=21"
"[H][O+:10](C(CC)C(C)C([H])[O]1)[C:20]1([NH:21]CC)[NH]C.[Cl-]>>[Cl-].[H][O:10]C(CC)C(C)C([H])[O][C:20]([NH]C)=[NH+:21]CC 21=20;20,10=10"
"[H][NH:10][H].C6=CC=CC=C6[NH+:21]=[C:20]([NH]C)[NH][H].[Cl-]>>[Cl-].[H][NH+:10]([H])[C:20]([NH:21]C6=CC=CC=C6)([NH]C)[NH][H] 10=20;20,21=21"
"CCCCCCC1C(C(O[C:20](N1CC)([O-:10])[Cl:21])[H])CC>>CCCCCCC1C(C(O[C:20](=[O:10])N1CC)[H])CC.[Cl-:21] 10=20;20,21=21"
"C9=CC=CC=C9[S:10][H].[Si](C)(C)(C)[O+:21]=[C:20]([O]CC)[O]CC.[Cl-]>>[Cl-].C9=CC=CC=C9[S+:10]([H])[C:20]([O:21][Si](C)(C)(C))([O]CC)[O]CC 10=20;20,21=21"
"CC[NH+:21]=[C:20]2[NH][CH](CC)[CH](C)C([H])[O]2.C9=CC=CC=C9[O:10][H].[Cl-]>>[Cl-].C9=CC=CC=C9[O+:10]([H])[C:20]1([NH:21]CC)[NH][CH](CC)C(C)[CH]([H])[O]1 10=20;20,21=21"
"[H][O:10]C([H])C([H])[O][C:20]([O]C7=CC=CC=C7)=[NH+:21]C6=CC=CC=C6.[Cl-]>>[Cl-].[H][O+:10](C([H])C([H])[O]1)[C:20]1([NH:21]C6=CC=CC=C6)[O]C7=CC=CC=C7 10=20;20,21=21"
"[H][O:10]C(C)C(C)C([H])[S][C:20]([O]C)=[O+:21]C.[Cl-]>>[Cl-].[H][O+:10](C(C)C(C)C([H])[S]1)[C:20]1([O:21]C)[O]C 10=20;20,21=21"
"[O:10]([Na])C([H])C(C)/C([H])=C(C)\[C:20](C)=[O:21]>>[O-:21][C:20]1(C)C(C)=C([H])C(C)C([H])[O+:10]1([Na]) 10=20;20,21=21"
"[H][NH+:10](C(C9=CC=CC=C9)C(C)C(CC)[O]1)[C:20]1([NH:21]C)[NH][H].[Cl-]>>[Cl-].[H][NH:10]C(C9=CC=CC=C9)C(C)C(CC)[O][C:20]([NH][H])=[NH+:21]C 21=20;20,10=10"
"[H][O:10][H].CC[NH+:21]=[C:20]([NH]C)[NH]C7=CC=CC=C7.[Cl-]>>[Cl-].[H][O+:10]([H])[C:20]([NH:21]CC)([NH]C)[NH]C7=CC=CC=C7 10=20;20,21=21"
"[NH:10](C)C(C(C1=C(C=CC=C1)[CH:20](OC)=[O:21])O)[H]>>[O-:21][CH:20]2(OC)C3=C(C(C([NH+:10]2(C))[H])O)C=CC=C3  10=20;20,21=21"
"[O-:21][C:20]1(OCC)C(O)C([H])C([H])C(CC)[NH+:10]1([H])>>[NH:10]([H])C(CC)C([H])C([H])C(O)[C:20](OCC)=[O:21] 21=20;20,10=10"
"[H][O+:10](C(C9=CC=CC=C9)C(C)C(C8=CC=CC=C8)[S]1)[C:20]1([O:21]C)[O][H].[Cl-]>>[Cl-].[H][O:10]C(C9=CC=CC=C9)C(C)C(C8=CC=CC=C8)[S][C:20]([O][H])=[O+:21]C 21=20;20,10=10"
"[H][S+:10](C([H])C(C8=CC=CC=C8)[O]1)[C:20]1([O:21][H])[O][H].[Cl-]>>[Cl-].[H][S:10]C([H])C(C8=CC=CC=C8)[O][C:20]([O][H])=[O+:21][H] 21=20;20,10=10"
"C[NH+:21]=[C:20]2[O]C(C7=CC=CC=C7)C([H])[NH]2.[H][O:10][H].[Cl-]>>[Cl-].[H][O+:10]([H])[C:20]1([NH:21]C)[O]C(C7=CC=CC=C7)C([H])[NH]1 10=20;20,21=21"
"C[NH+:21]=[C:20]2[NH][CH](C7=CC=CC=C7)[CH]([H])C(C)[NH]2.C9=CC=CC=C9[NH:10][H].[Cl-]>>[Cl-].C9=CC=CC=C9[NH+:10]([H])[C:20]1([NH:21]C)[NH][CH](C7=CC=CC=C7)C([H])[CH](C)[NH]1 10=20;20,21=21"
"[H][O+:10](C(CC)C([H])C(C8=CC=CC=C8)[O]1)[C:20]1([O:21]C)[O]C7=CC=CC=C7.[Cl-]>>[Cl-].[H][O:10]C(CC)C([H])C(C8=CC=CC=C8)[O][C:20]([O]C7=CC=CC=C7)=[O+:21]C 21=20;20,10=10"
"C1=CC=CC=C1C1C(C(O[C:20](N1CCCCCC)([O-:10])[Cl:21])C1=CC=CC=C1)C>>C1=CC=CC=C1C1C(C(O[C:20](=[O:10])N1CCCCCC)C1=CC=CC=C1)C.[Cl-:21] 10=20;20,21=21"
"[Si](C)(C)(C)[O+:21]=[C:20]2[S]C(C7=CC=CC=C7)C([H])[O]2.CC[O:10][H].[Cl-]>>[Cl-].CC[O+:10]([H])[C:20]1([O:21][Si](C)(C)(C))[S]C(C7=CC=CC=C7)C([H])[O]1 10=20;20,21=21"
"[H][O:10]C(C)C([H])[NH][C:20]([NH]C)=[NH+:21]C6=CC=CC=C6.[Cl-]>>[Cl-].[H][O+:10](C(C)C([H])[NH]1)[C:20]1([NH:21]C6=CC=CC=C6)[NH]C 10=20;20,21=21"
"[H][NH:10]C(CC)C([H])[O][C:20]([O][H])=[NH+:21][H].[Cl-]>>[Cl-].[H][NH+:10](C(CC)C([H])[O]1)[C:20]1([NH:21][H])[O][H] 10=20;20,21=21"
"[H][O+:10](C(CC)C(CC)[O]1)[C:20]1([NH:21][H])[NH][H].[Cl-]>>[Cl-].[H][O:10]C(CC)C(CC)[O][C:20]([NH][H])=[NH+:21][H] 21=20;20,10=10"
"CCC1C(C(O[C:20](N1[H])([O-:10])[O:21]C)CC)CC>>CCC1C(C(O[C:20](=[O:10])N1[H])CC)CC.[O-:21]C 10=20;20,21=21"
"C1(C(O[C:20]([O-:10])([O:21]C1C1=CC=CC=C1)OCCCCCC)[H])[H]>>C(C([O-:21])C1=CC=CC=C1)(C(O[C:20](=[O:10])OCCCCCC)[H])[H] 10=20;20,21=21"
"[H][O+:10](C(C)C(C8=CC=CC=C8)[NH]1)[C:20]1([NH:21]CC)[NH]C7=CC=CC=C7.[Cl-]>>[Cl-].[H][O:10]C(C)C(C8=CC=CC=C8)[NH][C:20]([NH]C7=CC=CC=C7)=[NH+:21]CC 21=20;20,10=10"
"[H]C1C(C(O[C:20](N1CCCCCC)([O-:10])[O:21]CC)C1=CC=CC=C1)C>>[H]C1C(C(O[C:20](=[O:10])N1CCCCCC)C1=CC=CC=C1)C.[O-:21]CC 10=20;20,21=21"
"C9=CC=CC=C9[O+:10]([H])[C:20]1([NH:21]CC)[O][CH](CC)C([H])[CH](C8=CC=CC=C8)[O]1.[Cl-]>>[Cl-].CC[NH+:21]=[C:20]2[O][CH](CC)[CH]([H])C(C8=CC=CC=C8)[O]2.C9=CC=CC=C9[O:10][H] 21=20;20,10=10"
"C1=CC=CC=C1C1C(C(O[C:20](N1C)([O-:10])[O:21]CCCCCC)[H])CC>>C1=CC=CC=C1C1C(C(O[C:20](=[O:10])N1C)[H])CC.[O-:21]CCCCCC 10=20;20,21=21"
"[H][S:10]C([H])C([H])C(CC)[S][C:20]([S][H])=[O+:21]C.[Cl-]>>[Cl-].[H][S+:10](C([H])C([H])C(CC)[S]1)[C:20]1([O:21]C)[S][H] 10=20;20,21=21"
"C1CC[N:10](C1)[CH:20]([Br:21])C>>C1CC[N+:10](=[CH:20]C)C1.[Br-:21] 10=20;20,21=21"
"C1=CC=CC=C1N([C:20]1(OC(C(C([O:21]1)CCCCCC)CC)C1=CC=CC=C1)[O-:10])CC>>C1=CC=CC=C1N([C:20](=[O:10])OC(C(C([O-:21])CCCCCC)CC)C1=CC=CC=C1)CC 10=20;20,21=21"
"C6=CC=CC=C6[NH+:21]=[C:20]2[O][CH]([H])[CH](C)C(C)[O]2.[H][O:10][H].[Cl-]>>[Cl-].[H][O+:10]([H])[C:20]1([NH:21]C6=CC=CC=C6)[O][CH]([H])C(C)[CH](C)[O]1 10=20;20,21=21"
"CCN([C:20](=[O:10])OC1=CC=CC=C1)CCCCCC.[O-:21]CCCCCC>>CCN([C:20]([O-:10])(OC1=CC=CC=C1)[O:21]CCCCCC)CCCCCC 21=20;20,10=10"
"C6=CC=CC=C6[NH+:21]=[C:20]2[NH][CH](C7=CC=CC=C7)[CH]([H])C(CC)[O]2.C[NH:10][H].[Cl-]>>[Cl-].C[NH+:10]([H])[C:20]1([NH:21]C6=CC=CC=C6)[NH][CH](C7=CC=CC=C7)C([H])[CH](CC)[O]1 10=20;20,21=21"
"CCCCCCN([C:20]1(OC(C(C([O:21]1)[H])CC)[H])[O-:10])C>>CCCCCCN([C:20](=[O:10])OC(C(C([O-:21])[H])CC)[H])C 10=20;20,21=21"
"[Si](C)(C)(C)[O+:21]=[C:20]2[O]C(C7=CC=CC=C7)C(C8=CC=CC=C8)[O]2.C[S:10][H].[Cl-]>>[Cl-].C[S+:10]([H])[C:20]1([O:21][Si](C)(C)(C))[O]C(C7=CC=CC=C7)C(C8=CC=CC=C8)[O]1 10=20;20,21=21"
"CC[NH+:10]([H])[C:20]1([NH:21][H])[O][CH]([H])C([H])[CH](C8=CC=CC=C8)[NH]1.[Cl-]>>[Cl-].[H][NH+:21]=[C:20]2[O][CH]([H])[CH]([H])C(C8=CC=CC=C8)[NH]2.CC[NH:10][H] 21=20;20,10=10"
"[H][S+:10](C(CC)C([H])C(C8=CC=CC=C8)[O]1)[C:20]1([O:21][H])[O]C7=CC=CC=C7.[Cl-]>>[Cl-].[H][S:10]C(CC)C([H])C(C8=CC=CC=C8)[O][C:20]([O]C7=CC=CC=C7)=[O+:21][H] 21=20;20,10=10"
"C1=CC=CC=C1C1C(C(O[C:20](=[O:10])N1C)C)C.[O-:21]CCCCCC>>C1=CC=CC=C1C1C(C(O[C:20](N1C)([O-:10])[O:21]CCCCCC)C)C 21=20;20,10=10"
"[H][NH+:10](C(C)C([H])C([H])[O]1)[C:20]1([NH:21]C6=CC=CC=C6)[NH][H].[Cl-]>>[Cl-].[H][NH:10]C(C)C([H])C([H])[O][C:20]([NH][H])=[NH+:21]C6=CC=CC=C6 21=20;20,10=10"
"[H][NH+:10]([H])[C:20]1([NH:21][H])[NH][CH](CC)C([H])[CH](C)[NH]1.[Cl-]>>[Cl-].[H][NH+:21]=[C:20]2[NH][CH](CC)[CH]([H])C(C)[NH]2.[H][NH:10][H] 21=20;20,10=10"
"[OH:10]C(CC)C(C)C(C)C([H])[C:20](OC)=[OH+:21]>>[OH:21][C:20]1(OC)C([H])C(C)C(C)C(CC)[OH+:10]1 10=20;20,21=21"
"[H][S+:10](C(CC)C(C8=CC=CC=C8)[S]1)[C:20]1([O:21][Si](C)(C)(C))[O]C.[Cl-]>>[Cl-].[H][S:10]C(CC)C(C8=CC=CC=C8)[S][C:20]([O]C)=[O+:21][Si](C)(C)(C) 21=20;20,10=10"
"[O-:21][C:20]1(OC)C(C)C([H])=C([H])C(C)[O:10]1>>[O-:10]C(C)/C([H])=C([H])\C(C)[C:20](OC)=[O:21] 21=20;20,10=10"
"CC[NH+:21]=[C:20]2[O][CH](C)[CH](C)C(C8=CC=CC=C8)[O]2.[H][O:10][H].[Cl-]>>[Cl-].[H][O+:10]([H])[C:20]1([NH:21]CC)[O][CH](C)C(C)[CH](C8=CC=CC=C8)[O]1 10=20;20,21=21"
"C1=CC=CC=C1N([C:20]1(OC(C(C([O:21]1)C)CC)[H])[O-:10])CC>>C1=CC=CC=C1N([C:20](=[O:10])OC(C(C([O-:21])C)CC)[H])CC 10=20;20,21=21"
"[H][O:10]C(C9=CC=CC=C9)C([H])C([H])[NH][C:20]([NH]C7=CC=CC=C7)=[NH+:21][H].[Cl-]>>[Cl-].[H][O+:10](C(C9=CC=CC=C9)C([H])C([H])[NH]1)[C:20]1([NH:21][H])[NH]C7=CC=CC=C7 10=20;20,21=21"
"C9=CC=CC=C9[S:10][H].[H][O+:21]=[C:20]([S]C)[O]C7=CC=CC=C7.[Cl-]>>[Cl-].C9=CC=CC=C9[S+:10]([H])[C:20]([O:21][H])([S]C)[O]C7=CC=CC=C7 10=20;20,21=21"
"[H][O:10]C(CC)C([H])C(C)[NH][C:20]([O][H])=[NH+:21]C.[Cl-]>>[Cl-].[H][O+:10](C(CC)C([H])C(C)[NH]1)[C:20]1([NH:21]C)[O][H] 10=20;20,21=21"
"CCCCCCC1C(O[C:20](=[O:10])N1C)CCCCCC.[O-:21]CCCCCC>>CCCCCCC1C(O[C:20](N1C)([O-:10])[O:21]CCCCCC)CCCCCC 21=20;20,10=10"
"[O-:10]C([H])C(C)/C(C)=C(C)\[C:20](OCC)=[O:21]>>[O-:21][C:20]1(OCC)C(C)=C(C)C(C)C([H])[O:10]1 10=20;20,21=21"
"[O-:21][C:20]1(OCC)C([H])C(O)C(C)C(C)[NH+:10]1([H])>>[NH:10]([H])C(C)C(C)C(O)C([H])[C:20](OCC)=[O:21] 21=20;20,10=10"
"C1=CC=CC=C1C1C(C(O[C:20](N1C1=CC=CC=C1)([O-:10])[O:21]CCCCCC)CC)CC>>C1=CC=CC=C1C1C(C(O[C:20](=[O:10])N1C1=CC=CC=C1)CC)CC.[O-:21]CCCCCC 10=20;20,21=21"
"CC[NH+:10]([H])[C:20]1([NH:21]CC)[NH][CH](C7=CC=CC=C7)C(C)[CH]([H])[O]1.[Cl-]>>[Cl-].CC[NH+:21]=[C:20]2[NH][CH](C7=CC=CC=C7)[CH](C)C([H])[O]2.CC[NH:10][H] 21=20;20,10=10"
"C[O+:10]([H])[C:20]1([NH:21]C)[NH]C([H])C(C8=CC=CC=C8)[NH]1.[Cl-]>>[Cl-].C[NH+:21]=[C:20]2[NH]C([H])C(C8=CC=CC=C8)[NH]2.C[O:10][H] 21=20;20,10=10"
"[H][NH+:10]([H])[C:20]([NH:21]C)([NH]C8=CC=CC=C8)[O]C7=CC=CC=C7.[Cl-]>>[Cl-].[H][NH:10][H].C[NH+:21]=[C:20]([NH]C8=CC=CC=C8)[O]C7=CC=CC=C7 21=20;20,10=10"
"[H][NH:10]C([H])C([H])C(C)[O][C:20]([O]C7=CC=CC=C7)=[NH+:21]C6=CC=CC=C6.[Cl-]>>[Cl-].[H][NH+:10](C([H])C([H])C(C)[O]1)[C:20]1([NH:21]C6=CC=CC=C6)[O]C7=CC=CC=C7 10=20;20,21=21"
"[H]N([C:20](=[O:10])OC(C([O-:21])C1=CC=CC=C1)C)CCCCCC>>[H]N([C:20]1(OC(C([O:21]1)C1=CC=CC=C1)C)[O-:10])CCCCCC 21=20;20,10=10"
"C9=CC=CC=C9[O:10][H].C6=CC=CC=C6[NH+:21]=[C:20]([O]CC)[NH][H].[Cl-]>>[Cl-].C9=CC=CC=C9[O+:10]([H])[C:20]([NH:21]C6=CC=CC=C6)([O]CC)[NH][H] 10=20;20,21=21"
"[H][O+:10](C(C)C(CC)[O]1)[C:20]1([O:21][H])[S]C.[Cl-]>>[Cl-].[H][O:10]C(C)C(CC)[O][C:20]([S]C)=[O+:21][H] 21=20;20,10=10"
"[OH:10]C(C)C(C)C([C:20](OCC)=[OH+:21])[H]>>[OH:21][C:20]1(OCC)[OH+:10]C(C)C(C)C1[H] 10=20;20,21=21"
"CCC1C(C(O[C:20](N1CCCCCC)([O-:10])[O:21]C)C1=CC=CC=C1)CC>>CCC1C(C(O[C:20](=[O:10])N1CCCCCC)C1=CC=CC=C1)CC.[O-:21]C 10=20;20,21=21"
"CCN([C:20]1(OC(C(C([O:21]1)CCCCCC)C)CC)[O-:10])C1=CC=CC=C1>>CCN([C:20](=[O:10])OC(C(C([O-:21])CCCCCC)C)CC)C1=CC=CC=C1 10=20;20,21=21"
"CN([C:20]1(OC(C([O:21]1)CC)C)[O-:10])C1=CC=CC=C1>>CN([C:20](=[O:10])OC(C([O-:21])CC)C)C1=CC=CC=C1 10=20;20,21=21"
"C9=CC=CC=C9[NH+:10]([H])[C:20]1([NH:21]C)[O][CH](C7=CC=CC=C7)C(C)[CH](C)[NH]1.[Cl-]>>[Cl-].C[NH+:21]=[C:20]2[O][CH](C7=CC=CC=C7)[CH](C)C(C)[NH]2.C9=CC=CC=C9[NH:10][H] 21=20;20,10=10"
"[H][NH:10]C([H])C([H])C(C8=CC=CC=C8)[O][C:20]([NH]C)=[NH+:21]C6=CC=CC=C6.[Cl-]>>[Cl-].[H][NH+:10](C([H])C([H])C(C8=CC=CC=C8)[O]1)[C:20]1([NH:21]C6=CC=CC=C6)[NH]C 10=20;20,21=21"
"CCCCCCN([C:20]1(OC(C([O:21]1)C)CCCCCC)[O-:10])C1=CC=CC=C1>>CCCCCCN([C:20](=[O:10])OC(C([O-:21])C)CCCCCC)C1=CC=CC=C1 10=20;20,21=21"
"CC[NH+:21]=[C:20]2[O][CH](C)[CH]([H])C(C)[NH]2.C[O:10][H].[Cl-]>>[Cl-].C[O+:10]([H])[C:20]1([NH:21]CC)[O][CH](C)C([H])[CH](C)[NH]1 10=20;20,21=21"
"CCCCCCN([C:20](=[O:10])OC(C([O-:21])C1=CC=CC=C1)[H])[H]>>CCCCCCN([C:20]1(OC(C([O:21]1)C1=CC=CC=C1)[H])[O-:10])[H] 21=20;20,10=10"
"CC[NH+:10]([H])[C:20]([NH:21]C)([O]C)[O]C7=CC=CC=C7.[Cl-]>>[Cl-].CC[NH:10][H].C[NH+:21]=[C:20]([O]C)[O]C7=CC=CC=C7 21=20;20,10=10"
"[NH:10]([H])C(C)/C([H])=C([H])\C(C)[C:20](OC)=[O:21]>>[O-:21][C:20]1(OC)C(C)C([H])=C([H])C(C)[NH+:10]1([H]) 10=20;20,21=21"
"C[NH:10][H].[H][NH+:21]=[C:20]([NH]CC)[O]CC.[Cl-]>>[Cl-].C[NH+:10]([H])[C:20]([NH:21][H])([NH]CC)[O]CC 10=20;20,21=21"
"[O-:21][C:20]1(OC)C(O)C(O)C([H])C([H])[O:10]1>>[O-:10]C([H])C([H])C(O)C(O)[C:20](OC)=[O:21] 21=20;20,10=10"
"[H][NH+:10](C(C9=CC=CC=C9)C(C)C(C8=CC=CC=C8)[O]1)[C:20]1([NH:21][H])[O][H].[Cl-]>>[Cl-].[H][NH:10]C(C9=CC=CC=C9)C(C)C(C8=CC=CC=C8)[O][C:20]([O][H])=[NH+:21][H] 21=20;20,10=10"
"[NH:10]([H])C(CC)C(O)C(C)C(O)[C:20](C)=[O:21]>>[O-:21][C:20]1(C)C(O)C(C)C(O)C(CC)[NH+:10]1([H]) 10=20;20,21=21"
"CC[O:10][H].C[NH+:21]=[C:20]([NH]CC)[NH]C.[Cl-]>>[Cl-].CC[O+:10]([H])[C:20]([NH:21]C)([NH]CC)[NH]C 10=20;20,21=21"
"[H][S:10][H].[Si](C)(C)(C)[O+:21]=[C:20]([O]CC)[S]C.[Cl-]>>[Cl-].[H][S+:10]([H])[C:20]([O:21][Si](C)(C)(C))([O]CC)[S]C 10=20;20,21=21"
"CN([C:20]1(OC(C([O:21]1)C1=CC=CC=C1)CCCCCC)[O-:10])CCCCCC>>CN([C:20](=[O:10])OC(C([O-:21])C1=CC=CC=C1)CCCCCC)CCCCCC 10=20;20,21=21"
"C[NH+:21]=[C:20]2[NH][CH](C7=CC=CC=C7)[CH](C)C([H])[NH]2.C[O:10][H].[Cl-]>>[Cl-].C[O+:10]([H])[C:20]1([NH:21]C)[NH][CH](C7=CC=CC=C7)C(C)[CH]([H])[NH]1 10=20;20,21=21"
"C1=CC=CC=C1C1C(C(O[C:20](N1C)([O-:10])[O:21]CC)C)CC>>C1=CC=CC=C1C1C(C(O[C:20](=[O:10])N1C)C)CC.[O-:21]CC 10=20;20,21=21"
"C1=CC=CC=C1N([C:20](=[O:10])O[H])[H].[O-:21][H]>>C1=CC=CC=C1N([C:20]([O-:10])(O[H])[O:21][H])[H] 21=20;20,10=10"
"[H][O+:10](C(C)C(C)C(C8=CC=CC=C8)[NH]1)[C:20]1([NH:21]C6=CC=CC=C6)[NH]C.[Cl-]>>[Cl-].[H][O:10]C(C)C(C)C(C8=CC=CC=C8)[NH][C:20]([NH]C)=[NH+:21]C6=CC=CC=C6 21=20;20,10=10"
"[H][NH+:10](C([H])C(C)C([H])[NH]1)[C:20]1([NH:21]CC)[O]C.[Cl-]>>[Cl-].[H][NH:10]C([H])C(C)C([H])[NH][C:20]([O]C)=[NH+:21]CC 21=20;20,10=10"
"[NH:10](C)C(C)C(O)C(O)C(C)[C:20](OC)=[O:21]>>[O-:21][C:20]1(OC)C(C)C(O)C(O)C(C)[NH+:10]1(C) 10=20;20,21=21"
"CCN([C:20]1(OC(C(C([O:21]1)CCCCCC)CC)C)[O-:10])C1=CC=CC=C1>>CCN([C:20](=[O:10])OC(C(C([O-:21])CCCCCC)CC)C)C1=CC=CC=C1 10=20;20,21=21"
"[H][NH+:21]=[C:20]2[NH][CH](C)[CH]([H])C(C)[NH]2.C[O:10][H].[Cl-]>>[Cl-].C[O+:10]([H])[C:20]1([NH:21][H])[NH][CH](C)C([H])[CH](C)[NH]1 10=20;20,21=21"
"CC[O+:10]([H])[C:20]1([NH:21]C)[NH][CH](CC)C(C)[CH](CC)[O]1.[Cl-]>>[Cl-].C[NH+:21]=[C:20]2[NH][CH](CC)[CH](C)C(CC)[O]2.CC[O:10][H] 21=20;20,10=10"
"CCC1C(O[C:20](=[O:10])N1CCCCCC)CC.[O-:21]CC>>CCC1C(O[C:20](N1CCCCCC)([O-:10])[O:21]CC)CC 21=20;20,10=10"
"[H][S+:10](C(C9=CC=CC=C9)C([H])[S]1)[C:20]1([O:21]C)[O][H].[Cl-]>>[Cl-].[H][S:10]C(C9=CC=CC=C9)C([H])[S][C:20]([O][H])=[O+:21]C 21=20;20,10=10"
"[H][O+:21]=[C:20]2[O]C(C7=CC=CC=C7)C(CC)[O]2.C[O:10][H].[Cl-]>>[Cl-].C[O+:10]([H])[C:20]1([O:21][H])[O]C(C7=CC=CC=C7)C(CC)[O]1 10=20;20,21=21"
"[H][NH:10]C(CC)C([H])C(C)[O][C:20]([O]CC)=[NH+:21]CC.[Cl-]>>[Cl-].[H][NH+:10](C(CC)C([H])C(C)[O]1)[C:20]1([NH:21]CC)[O]CC 10=20;20,21=21"
"[NH:10]([H])C([H])C([H])C(O)C(C)[C:20](OCC)=[O:21]>>[O-:21][C:20]1(OCC)C(C)C(O)C([H])C([H])[NH+:10]1([H]) 10=20;20,21=21"
"[H][NH:10]C([H])C([H])[O][C:20]([NH]CC)=[NH+:21][H].[Cl-]>>[Cl-].[H][NH+:10](C([H])C([H])[O]1)[C:20]1([NH:21][H])[NH]CC 10=20;20,21=21"
"[H]C1C(O[C:20](N1CC)([O-:10])[O:21]CCCCCC)C>>[H]C1C(O[C:20](=[O:10])N1CC)C.[O-:21]CCCCCC 10=20;20,21=21"
"C1=CC=CC=C1N([C:20](=[O:10])OC(C([O-:21])[H])[H])[H]>>C1=CC=CC=C1N([C:20]1(OC(C([O:21]1)[H])[H])[O-:10])[H] 21=20;20,10=10"
"[O:10]([K])C([H])/C(C)=C(C)\C(C)[C:20](OCC)=[O:21]>>[O-:21][C:20]1(OCC)C(C)C(C)=C(C)C([H])[O+:10]1([K]) 10=20;20,21=21"
"C6=CC=CC=C6[NH+:21]=[C:20]2[O]C(C)C([H])[O]2.CC[NH:10][H].[Cl-]>>[Cl-].CC[NH+:10]([H])[C:20]1([NH:21]C6=CC=CC=C6)[O]C(C)C([H])[O]1 10=20;20,21=21"
"[OH:21][C:20]1(OC)[OH+:10]C(C)C(C)N1C>>[OH:10]C(C)C(C)N([C:20](OC)=[OH+:21])C 21=20;20,10=10"
"C[S+:10]([H])[C:20]([O:21][Si](C)(C)(C))([S]C)[S]C7=CC=CC=C7.[Cl-]>>[Cl-].C[S:10][H].[Si](C)(C)(C)[O+:21]=[C:20]([S]C)[S]C7=CC=CC=C7 21=20;20,10=10"
"C[O+:10]([H])[C:20]([O:21][Si](C)(C)(C))([O]C8=CC=CC=C8)[S]CC.[Cl-]>>[Cl-].C[O:10][H].[Si](C)(C)(C)[O+:21]=[C:20]([O]C8=CC=CC=C8)[S]CC 21=20;20,10=10"
"C6=CC=CC=C6[NH+:21]=[C:20]2[O][CH]([H])[CH](C)C([H])[NH]2.CC[NH:10][H].[Cl-]>>[Cl-].CC[NH+:10]([H])[C:20]1([NH:21]C6=CC=CC=C6)[O][CH]([H])C(C)[CH]([H])[NH]1 10=20;20,21=21"
"[H][O+:21]=[C:20]2[S][CH]([H])[CH](C)C(C)[O]2.[H][O:10][H].[Cl-]>>[Cl-].[H][O+:10]([H])[C:20]1([O:21][H])[S][CH]([H])C(C)[CH](C)[O]1 10=20;20,21=21"
"CCC1C(O[C:20](N1CCCCCC)([O-:10])[O:21]CC)[H]>>CCC1C(O[C:20](=[O:10])N1CCCCCC)[H].[O-:21]CC 10=20;20,21=21"
"CC[O+:10]([H])[C:20]([NH:21]C6=CC=CC=C6)([NH]C)[NH]CC.[Cl-]>>[Cl-].CC[O:10][H].C6=CC=CC=C6[NH+:21]=[C:20]([NH]C)[NH]CC 21=20;20,10=10"
"[H][NH:10]C([H])C(CC)[NH][C:20]([O]C)=[NH+:21]C6=CC=CC=C6.[Cl-]>>[Cl-].[H][NH+:10](C([H])C(CC)[NH]1)[C:20]1([NH:21]C6=CC=CC=C6)[O]C 10=20;20,21=21"
"[H][O+:10]([H])[C:20]1([NH:21]C6=CC=CC=C6)[O]C([H])C(CC)[NH]1.[Cl-]>>[Cl-].C6=CC=CC=C6[NH+:21]=[C:20]2[O]C([H])C(CC)[NH]2.[H][O:10][H] 21=20;20,10=10"
"[O:10]([Na])C(CC)C(O)C([C:20](OCC)=[O:21])O>>[O-:21][C:20]1(OCC)[O+:10]([Na])C(CC)C(O)C1O 10=20;20,21=21"
"C9=CC=CC=C9[O+:10]([H])[C:20]([NH:21]C6=CC=CC=C6)([O]C8=CC=CC=C8)[NH]CC.[Cl-]>>[Cl-].C9=CC=CC=C9[O:10][H].C6=CC=CC=C6[NH+:21]=[C:20]([O]C8=CC=CC=C8)[NH]CC 21=20;20,10=10"
"CC[NH+:21]=[C:20]2[O][CH](CC)[CH]([H])C(CC)[NH]2.[H][NH:10][H].[Cl-]>>[Cl-].[H][NH+:10]([H])[C:20]1([NH:21]CC)[O][CH](CC)C([H])[CH](CC)[NH]1 10=20;20,21=21"
"CCCCCCC1C(O[C:20](=[O:10])N1C)CC.[O-:21]CC>>CCCCCCC1C(O[C:20](N1C)([O-:10])[O:21]CC)CC 21=20;20,10=10"
"[H][O+:10]([H])[C:20]1([O:21]C)[S][CH](C7=CC=CC=C7)C(C)[CH]([H])[O]1.[Cl-]>>[Cl-].C[O+:21]=[C:20]2[S][CH](C7=CC=CC=C7)[CH](C)C([H])[O]2.[H][O:10][H] 21=20;20,10=10"
"[H][O+:21]=[C:20]2[S]C([H])C([H])[O]2.[H][S:10][H].[Cl-]>>[Cl-].[H][S+:10]([H])[C:20]1([O:21][H])[S]C([H])C([H])[O]1 10=20;20,21=21"
"[OH:21][C:20]1(OCC)[OH+:10]C(CC)C(C)=C1C>>[OH:10]C(CC)/C(C)=C([C:20](OCC)=[OH+:21])/C 21=20;20,10=10"
"C[O+:21]=[C:20]2[S][CH](C)[CH]([H])C(C8=CC=CC=C8)[S]2.CC[O:10][H].[Cl-]>>[Cl-].CC[O+:10]([H])[C:20]1([O:21]C)[S][CH](C)C([H])[CH](C8=CC=CC=C8)[S]1 10=20;20,21=21"
"[H][O:10]C(C)C([H])C(C)[O][C:20]([O]C7=CC=CC=C7)=[O+:21][H].[Cl-]>>[Cl-].[H][O+:10](C(C)C([H])C(C)[O]1)[C:20]1([O:21][H])[O]C7=CC=CC=C7 10=20;20,21=21"
"[H][O+:10](C(C9=CC=CC=C9)C(C)C([H])[NH]1)[C:20]1([NH:21][H])[O]C7=CC=CC=C7.[Cl-]>>[Cl-].[H][O:10]C(C9=CC=CC=C9)C(C)C([H])[NH][C:20]([O]C7=CC=CC=C7)=[NH+:21][H] 21=20;20,10=10"
"[H][S+:10](C(CC)C(C)C(CC)[S]1)[C:20]1([O:21][H])[O][H].[Cl-]>>[Cl-].[H][S:10]C(CC)C(C)C(CC)[S][C:20]([O][H])=[O+:21][H] 21=20;20,10=10"
"[H][O:10][H].C[O+:21]=[C:20]([S]C8=CC=CC=C8)[S]C7=CC=CC=C7.[Cl-]>>[Cl-].[H][O+:10]([H])[C:20]([O:21]C)([S]C8=CC=CC=C8)[S]C7=CC=CC=C7 10=20;20,21=21"
"CCCCCCN([C:20]1(OC(C(C([O:21]1)C)CCCCCC)[H])[O-:10])[H]>>CCCCCCN([C:20](=[O:10])OC(C(C([O-:21])C)CCCCCC)[H])[H] 10=20;20,21=21"
"CCCCCCN([C:20]1(OC(C(C([O:21]1)C1=CC=CC=C1)CC)CC)[O-:10])CCCCCC>>CCCCCCN([C:20](=[O:10])OC(C(C([O-:21])C1=CC=CC=C1)CC)CC)CCCCCC 10=20;20,21=21"
"CCCCCCN([C:20](=[O:10])OCCCCCC)[H].[O-:21]CCCCCC>>CCCCCCN([C:20]([O-:10])(OCCCCCC)[O:21]CCCCCC)[H] 21=20;20,10=10"
"[H][O:10][H].C6=CC=CC=C6[NH+:21]=[C:20]([NH][H])[NH]C.[Cl-]>>[Cl-].[H][O+:10]([H])[C:20]([NH:21]C6=CC=CC=C6)([NH][H])[NH]C 10=20;20,21=21"
"CCN([C:20](=[O:10])OC1=CC=CC=C1)C.[O-:21]C>>CCN([C:20]([O-:10])(OC1=CC=CC=C1)[O:21]C)C 21=20;20,10=10"
"C[O+:10]([H])[C:20]1([NH:21][H])[NH][CH](CC)C(C)[CH]([H])[NH]1.[Cl-]>>[Cl-].[H][NH+:21]=[C:20]2[NH][CH](CC)[CH](C)C([H])[NH]2.C[O:10][H] 21=20;20,10=10"
"[H][NH+:10](C(C9=CC=CC=C9)C([H])C(CC)[NH]1)[C:20]1([NH:21]CC)[NH]CC.[Cl-]>>[Cl-].[H][NH:10]C(C9=CC=CC=C9)C([H])C(CC)[NH][C:20]([NH]CC)=[NH+:21]CC 21=20;20,10=10"
"C9=CC=CC=C9[S:10][H].[Si](C)(C)(C)[O+:21]=[C:20]([S]C8=CC=CC=C8)[O]C.[Cl-]>>[Cl-].C9=CC=CC=C9[S+:10]([H])[C:20]([O:21][Si](C)(C)(C))([S]C8=CC=CC=C8)[O]C 10=20;20,21=21"
"[O:10]([K])C(CC)C(C)C(O)C(C)[C:20](OC)=[O:21]>>[O-:21][C:20]1(OC)C(C)C(O)C(C)C(CC)[O+:10]1([K]) 10=20;20,21=21"
"[H][O:10]C(C)C(C8=CC=CC=C8)[O][C:20]([O]C7=CC=CC=C7)=[NH+:21]C.[Cl-]>>[Cl-].[H][O+:10](C(C)C(C8=CC=CC=C8)[O]1)[C:20]1([NH:21]C)[O]C7=CC=CC=C7 10=20;20,21=21"
"[H][O:10]C(CC)C([H])C(C8=CC=CC=C8)[NH][C:20]([NH]CC)=[NH+:21][H].[Cl-]>>[Cl-].[H][O+:10](C(CC)C([H])C(C8=CC=CC=C8)[NH]1)[C:20]1([NH:21][H])[NH]CC 10=20;20,21=21"
"C[NH:10][H].C[NH+:21]=[C:20]([O]C)[O][H].[Cl-]>>[Cl-].C[NH+:10]([H])[C:20]([NH:21]C)([O]C)[O][H] 10=20;20,21=21"
"CC[S+:10]([H])[C:20]1([O:21][H])[O][CH]([H])C([H])[CH](CC)[S]1.[Cl-]>>[Cl-].[H][O+:21]=[C:20]2[O][CH]([H])[CH]([H])C(CC)[S]2.CC[S:10][H] 21=20;20,10=10"
"C[NH+:21]=[C:20]2[NH][CH](C)[CH]([H])C(C8=CC=CC=C8)[O]2.C9=CC=CC=C9[O:10][H].[Cl-]>>[Cl-].C9=CC=CC=C9[O+:10]([H])[C:20]1([NH:21]C)[NH][CH](C)C([H])[CH](C8=CC=CC=C8)[O]1 10=20;20,21=21"
"[H][NH+:10](C([H])C(C)C([H])[O]1)[C:20]1([NH:21]CC)[NH]CC.[Cl-]>>[Cl-].[H][NH:10]C([H])C(C)C([H])[O][C:20]([NH]CC)=[NH+:21]CC 21=20;20,10=10"
"CN([C:20](=[O:10])OC(C(C([O-:21])[H])[H])[H])[H]>>CN([C:20]1(OC(C(C([O:21]1)[H])[H])[H])[O-:10])[H] 21=20;20,10=10"
"CC[NH+:21]=[C:20]2[O][CH]([H])[CH]([H])C(CC)[O]2.C[O:10][H].[Cl-]>>[Cl-].C[O+:10]([H])[C:20]1([NH:21]CC)[O][CH]([H])C([H])[CH](CC)[O]1 10=20;20,21=21"
"C[O+:10]([H])[C:20]([O:21][Si](C)(C)(C))([S]C)[O]C.[Cl-]>>[Cl-].C[O:10][H].[Si](C)(C)(C)[O+:21]=[C:20]([S]C)[O]C 21=20;20,10=10"
"[H]C1C(C(O[C:20](N1CC)([O-:10])[O:21]C1=CC=CC=C1)C)CCCCCC>>[H]C1C(C(O[C:20](=[O:10])N1CC)C)CCCCCC.[O-:21]C1=CC=CC=C1 10=20;20,21=21"
"[H][O:10]C(C)C(C)C(C)[S][C:20]([S]C7=CC=CC=C7)=[O+:21]C.[Cl-]>>[Cl-].[H][O+:10](C(C)C(C)C(C)[S]1)[C:20]1([O:21]C)[S]C7=CC=CC=C7 10=20;20,21=21"
"C6=CC=CC=C6[NH+:21]=[C:20]2[O][CH](C7=CC=CC=C7)[CH](C)C(C8=CC=CC=C8)[O]2.C[O:10][H].[Cl-]>>[Cl-].C[O+:10]([H])[C:20]1([NH:21]C6=CC=CC=C6)[O][CH](C7=CC=CC=C7)C(C)[CH](C8=CC=CC=C8)[O]1 10=20;20,21=21"
"C1=CC=CC=C1N([C:20](=[O:10])OC(C(C([O-:21])[H])CCCCCC)CCCCCC)C1=CC=CC=C1>>C1=CC=CC=C1N([C:20]1(OC(C(C([O:21]1)[H])CCCCCC)CCCCCC)[O-:10])C1=CC=CC=C1 21=20;20,10=10"
"C[NH+:10]([H])[C:20]1([NH:21]CC)[O][CH](CC)C(C)[CH]([H])[O]1.[Cl-]>>[Cl-].CC[NH+:21]=[C:20]2[O][CH](CC)[CH](C)C([H])[O]2.C[NH:10][H] 21=20;20,10=10"
"CN([C:20](=[O:10])OC(C(C([O-:21])[H])C)C1=CC=CC=C1)CC>>CN([C:20]1(OC(C(C([O:21]1)[H])C)C1=CC=CC=C1)[O-:10])CC 21=20;20,10=10"
"C[NH+:21]=[C:20]2[NH][CH]([H])[CH]([H])C(C8=CC=CC=C8)[NH]2.C9=CC=CC=C9[O:10][H].[Cl-]>>[Cl-].C9=CC=CC=C9[O+:10]([H])[C:20]1([NH:21]C)[NH][CH]([H])C([H])[CH](C8=CC=CC=C8)[NH]1 10=20;20,21=21"
"[H][S:10]C(CC)C([H])[S][C:20]([S][H])=[O+:21][Si](C)(C)(C).[Cl-]>>[Cl-].[H][S+:10](C(CC)C([H])[S]1)[C:20]1([O:21][Si](C)(C)(C))[S][H] 10=20;20,21=21"
"[H][O+:10](C(C)C([H])C(C8=CC=CC=C8)[NH]1)[C:20]1([NH:21][H])[O]C.[Cl-]>>[Cl-].[H][O:10]C(C)C([H])C(C8=CC=CC=C8)[NH][C:20]([O]C)=[NH+:21][H] 21=20;20,10=10"
"[OH:21][C:20]1(C)C(C)C([H])=C(C)C(CC)[OH+:10]1>>[OH:10]C(CC)/C(C)=C([H])\C(C)[C:20](C)=[OH+:21] 21=20;20,10=10"
"C9=CC=CC=C9[S+:10]([H])[C:20]1([O:21][Si](C)(C)(C))[S]C(C)C([H])[S]1.[Cl-]>>[Cl-].[Si](C)(C)(C)[O+:21]=[C:20]2[S]C(C)C([H])[S]2.C9=CC=CC=C9[S:10][H] 21=20;20,10=10"
"[OH:10]C(CCC)/C([H])=C([C:20](C)=[OH+:21])/C>>[OH:21][C:20]1(C)[OH+:10]C(CCC)C([H])=C1C 10=20;20,21=21"
"C1=CC=CC=C1N([C:20]([O-:10])(OC)[O:21]CCCCCC)[H]>>C1=CC=CC=C1N([C:20](=[O:10])OC)[H].[O-:21]CCCCCC 10=20;20,21=21"
"C6=CC=CC=C6[NH+:21]=[C:20]2[NH][CH](CC)[CH]([H])C([H])[NH]2.CC[NH:10][H].[Cl-]>>[Cl-].CC[NH+:10]([H])[C:20]1([NH:21]C6=CC=CC=C6)[NH][CH](CC)C([H])[CH]([H])[NH]1 10=20;20,21=21"
"C[S+:10]([H])[C:20]1([O:21]C)[O][CH](C)C(C)[CH](CC)[O]1.[Cl-]>>[Cl-].C[O+:21]=[C:20]2[O][CH](C)[CH](C)C(CC)[O]2.C[S:10][H] 21=20;20,10=10"
"[H][O+:21]=[C:20]2[O]C(C7=CC=CC=C7)C([H])[O]2.C[S:10][H].[Cl-]>>[Cl-].C[S+:10]([H])[C:20]1([O:21][H])[O]C(C7=CC=CC=C7)C([H])[O]1 10=20;20,21=21"
"CC[O+:10]([H])[C:20]1([NH:21]C)[NH][CH]([H])C(C)[CH](C)[NH]1.[Cl-]>>[Cl-].C[NH+:21]=[C:20]2[NH][CH]([H])[CH](C)C(C)[NH]2.CC[O:10][H] 21=20;20,10=10"
"[O-:21][C:20]1(OC)C([H])C(C)=C(C)C(C)[O:10]1>>[O-:10]C(C)/C(C)=C(C)\C([H])[C:20](OC)=[O:21] 21=20;20,10=10"
"[O-:21][C:20]1([H])[O:10]C([H])C(O)=C1C>>[O-:10]C([H])/C(O)=C([C:20]([H])=[O:21])/C 21=20;20,10=10"
"[H][O:10]C(C)C(C8=CC=CC=C8)[O][C:20]([NH]C7=CC=CC=C7)=[NH+:21]C6=CC=CC=C6.[Cl-]>>[Cl-].[H][O+:10](C(C)C(C8=CC=CC=C8)[O]1)[C:20]1([NH:21]C6=CC=CC=C6)[NH]C7=CC=CC=C7 10=20;20,21=21"
"CC[NH+:21]=[C:20]2[O][CH](C)[CH]([H])C(CC)[NH]2.[H][NH:10][H].[Cl-]>>[Cl-].[H][NH+:10]([H])[C:20]1([NH:21]CC)[O][CH](C)C([H])[CH](CC)[NH]1 10=20;20,21=21"
"[OH:21][C:20]1(C)[OH+:10]C([H])C(C)=C1C>>[OH:10]C([H])/C(C)=C([C:20](C)=[OH+:21])/C 21=20;20,10=10"
"CC[NH+:21]=[C:20]2[NH]C(C7=CC=CC=C7)C(CC)[O]2.CC[O:10][H].[Cl-]>>[Cl-].CC[O+:10]([H])[C:20]1([NH:21]CC)[NH]C(C7=CC=CC=C7)C(CC)[O]1 10=20;20,21=21"
"[H][NH+:10](C(CC)C([H])C([H])[NH]1)[C:20]1([NH:21]C)[O]C7=CC=CC=C7.[Cl-]>>[Cl-].[H][NH:10]C(CC)C([H])C([H])[NH][C:20]([O]C7=CC=CC=C7)=[NH+:21]C 21=20;20,10=10"
"CC[NH:10][H].[H][NH+:21]=[C:20]([O]C)[NH]C7=CC=CC=C7.[Cl-]>>[Cl-].CC[NH+:10]([H])[C:20]([NH:21][H])([O]C)[NH]C7=CC=CC=C7 10=20;20,21=21"
"[H][O+:10](C(C)C([H])C(CC)[S]1)[C:20]1([O:21]C)[O]CC.[Cl-]>>[Cl-].[H][O:10]C(C)C([H])C(CC)[S][C:20]([O]CC)=[O+:21]C 21=20;20,10=10"
"CCCCCCC1C(C(O[C:20](N1[H])([O-:10])[Cl:21])CC)CC>>CCCCCCC1C(C(O[C:20](=[O:10])N1[H])CC)CC.[Cl-:21] 10=20;20,21=21"
"CCCCCCC1C(C(O[C:20](=[O:10])N1CCCCCC)C)C.[O-:21][H]>>CCCCCCC1C(C(O[C:20](N1CCCCCC)([O-:10])[O:21][H])C)C 21=20;20,10=10"
"[O-:10]C(CCC)C(C)C(C)C(O)[C:20](OCC)=[O:21]>>[O-:21][C:20]1(OCC)C(O)C(C)C(C)C(CCC)[O:10]1 10=20;20,21=21"
"CC1C(C(O[C:20](N1C1=CC=CC=C1)([O-:10])[O:21]C1=CC=CC=C1)CCCCCC)[H]>>CC1C(C(O[C:20](=[O:10])N1C1=CC=CC=C1)CCCCCC)[H].[O-:21]C1=CC=CC=C1 10=20;20,21=21"
"CC[O+:10]([H])[C:20]([O:21][Si](C)(C)(C))([S][H])[O]C.[Cl-]>>[Cl-].CC[O:10][H].[Si](C)(C)(C)[O+:21]=[C:20]([S][H])[O]C 21=20;20,10=10"
"C9=CC=CC=C9[S+:10]([H])[C:20]([O:21][Si](C)(C)(C))([O][H])[O]CC.[Cl-]>>[Cl-].C9=CC=CC=C9[S:10][H].[Si](C)(C)(C)[O+:21]=[C:20]([O][H])[O]CC 21=20;20,10=10"
"C9=CC=CC=C9[S+:10]([H])[C:20]1([O:21]C)[O]C([H])C(C)[O]1.[Cl-]>>[Cl-].C[O+:21]=[C:20]2[O]C([H])C(C)[O]2.C9=CC=CC=C9[S:10][H] 21=20;20,10=10"
"[O-:21][C:20]1([H])C([H])=C([H])C([H])C(CC)[NH+:10]1([H])>>[NH:10]([H])C(CC)C([H])/C([H])=C([H])\[C:20]([H])=[O:21] 21=20;20,10=10"
"[H][NH+:10](C(C)C(C)[NH]1)[C:20]1([NH:21]C)[O][H].[Cl-]>>[Cl-].[H][NH:10]C(C)C(C)[NH][C:20]([O][H])=[NH+:21]C 21=20;20,10=10"
"[OH:21][C:20]1(OCC)[OH+:10]C(C)C(O)C1O>>[OH:10]C(C)C(O)C([C:20](OCC)=[OH+:21])O 21=20;20,10=10"
"[O-:21][C:20]1(C)[O+:10]([K])C(CC)C(O)C1[H]>>[O:10]([K])C(CC)C(O)C([C:20](C)=[O:21])[H] 21=20;20,10=10"
"[H][O+:10](C([H])C([H])C(CC)[O]1)[C:20]1([NH:21]C6=CC=CC=C6)[O]C7=CC=CC=C7.[Cl-]>>[Cl-].[H][O:10]C([H])C([H])C(CC)[O][C:20]([O]C7=CC=CC=C7)=[NH+:21]C6=CC=CC=C6 21=20;20,10=10"
"C[O+:21]=[C:20]2[S][CH](C7=CC=CC=C7)[CH](C)C(CC)[S]2.C[O:10][H].[Cl-]>>[Cl-].C[O+:10]([H])[C:20]1([O:21]C)[S][CH](C7=CC=CC=C7)C(C)[CH](CC)[S]1 10=20;20,21=21"
"C[O+:10]([H])[C:20]1([O:21]C)[S][CH](C7=CC=CC=C7)C([H])[CH](CC)[S]1.[Cl-]>>[Cl-].C[O+:21]=[C:20]2[S][CH](C7=CC=CC=C7)[CH]([H])C(CC)[S]2.C[O:10][H] 21=20;20,10=10"
"CC1C(C(O[C:20](N1C1=CC=CC=C1)([O-:10])[Cl:21])CCCCCC)CC>>CC1C(C(O[C:20](=[O:10])N1C1=CC=CC=C1)CCCCCC)CC.[Cl-:21] 10=20;20,21=21"
"[H][O:10]C(C9=CC=CC=C9)C(C)C(CC)[NH][C:20]([O]C)=[NH+:21]C6=CC=CC=C6.[Cl-]>>[Cl-].[H][O+:10](C(C9=CC=CC=C9)C(C)C(CC)[NH]1)[C:20]1([NH:21]C6=CC=CC=C6)[O]C 10=20;20,21=21"
"[H][O+:10](C(C9=CC=CC=C9)C(C8=CC=CC=C8)[O]1)[C:20]1([NH:21]C6=CC=CC=C6)[O][H].[Cl-]>>[Cl-].[H][O:10]C(C9=CC=CC=C9)C(C8=CC=CC=C8)[O][C:20]([O][H])=[NH+:21]C6=CC=CC=C6 21=20;20,10=10"
"[H][O+:21]=[C:20]2[O]C(CC)C(CC)[O]2.CC[S:10][H].[Cl-]>>[Cl-].CC[S+:10]([H])[C:20]1([O:21][H])[O]C(CC)C(CC)[O]1 10=20;20,21=21"
"[O-:21][C:20]1(OCC)C(C)C([H])C(C)C(CCC)[O+:10]1([K])>>[O:10]([K])C(CCC)C(C)C([H])C(C)[C:20](OCC)=[O:21] 21=20;20,10=10"
"[H]C1C(C(O[C:20](=[O:10])N1C)CCCCCC)C.[O-:21]C1=CC=CC=C1>>[H]C1C(C(O[C:20](N1C)([O-:10])[O:21]C1=CC=CC=C1)CCCCCC)C 21=20;20,10=10"
"[H][NH+:10](C(C9=CC=CC=C9)C([H])C(C)[O]1)[C:20]1([NH:21]C6=CC=CC=C6)[O]CC.[Cl-]>>[Cl-].[H][NH:10]C(C9=CC=CC=C9)C([H])C(C)[O][C:20]([O]CC)=[NH+:21]C6=CC=CC=C6 21=20;20,10=10"
"[H][NH:10]C([H])C([H])[O][C:20]([O][H])=[NH+:21]CC.[Cl-]>>[Cl-].[H][NH+:10](C([H])C([H])[O]1)[C:20]1([NH:21]CC)[O][H] 10=20;20,21=21"
"[H][NH:10]C(C)C([H])C([H])[NH][C:20]([NH]C)=[NH+:21]C.[Cl-]>>[Cl-].[H][NH+:10](C(C)C([H])C([H])[NH]1)[C:20]1([NH:21]C)[NH]C 10=20;20,21=21"
"CN([C:20](=[O:10])OC)C.[O-:21]CC>>CN([C:20]([O-:10])(OC)[O:21]CC)C 21=20;20,10=10"
"[H][O+:10](C(C9=CC=CC=C9)C(C)C(C)[NH]1)[C:20]1([NH:21][H])[O]C.[Cl-]>>[Cl-].[H][O:10]C(C9=CC=CC=C9)C(C)C(C)[NH][C:20]([O]C)=[NH+:21][H] 21=20;20,10=10"
"C1=CC=CC=C1C1C(O[C:20](=[O:10])N1C1=CC=CC=C1)C1=CC=CC=C1.[O-:21]CC>>C1=CC=CC=C1C1C(O[C:20](N1C1=CC=CC=C1)([O-:10])[O:21]CC)C1=CC=CC=C1 21=20;20,10=10"
"C9=CC=CC=C9[S:10][H].[H][O+:21]=[C:20]([S]C)[S]CC.[Cl-]>>[Cl-].C9=CC=CC=C9[S+:10]([H])[C:20]([O:21][H])([S]C)[S]CC 10=20;20,21=21"
"C9=CC=CC=C9[NH+:10]([H])[C:20]1([NH:21]C6=CC=CC=C6)[O][CH]([H])C(C)[CH](C)[NH]1.[Cl-]>>[Cl-].C6=CC=CC=C6[NH+:21]=[C:20]2[O][CH]([H])[CH](C)C(C)[NH]2.C9=CC=CC=C9[NH:10][H] 21=20;20,10=10"
"[H]C1C(C(O[C:20](=[O:10])N1CCCCCC)CCCCCC)[H].[O-:21]CC>>[H]C1C(C(O[C:20](N1CCCCCC)([O-:10])[O:21]CC)CCCCCC)[H] 21=20;20,10=10"
"[H][O+:10]([Na])[C:21]([O-:20])(OC)OC1=CC=CC=C1>>[O:20]=[C:21](OC)OC1=CC=CC=C1.[H][O:10][Na] 20=21;21,10=10"
"CN([C:20]([O-:10])(OC)[O:21][H])[H]>>CN([C:20](=[O:10])OC)[H].[O-:21][H] 10=20;20,21=21"
"[H]N([C:20]1(OC(C(C([O:21]1)CCCCCC)CC)C)[O-:10])CCCCCC>>[H]N([C:20](=[O:10])OC(C(C([O-:21])CCCCCC)CC)C)CCCCCC 10=20;20,21=21"
"C9=CC=CC=C9[S:10][H].C[O+:21]=[C:20]([S]CC)[O]CC.[Cl-]>>[Cl-].C9=CC=CC=C9[S+:10]([H])[C:20]([O:21]C)([S]CC)[O]CC 10=20;20,21=21"
"[O:10]([Na])C(CCC)/C(O)=C([C:20]([H])=[O:21])/O>>[O-:21][C:20]1([H])[O+:10]([Na])C(CCC)C(O)=C1O 10=20;20,21=21"
"[O-:21][C:20]1(OC)C(O)C(O)C([H])C(CC)[NH+:10]1([H])>>[NH:10]([H])C(CC)C([H])C(O)C(O)[C:20](OC)=[O:21] 21=20;20,10=10"
"[Li][O+:21]([C:20]([O-:10])(OC1=CC=CC=C1)OCC)C1=CC=CC=C1>>[Li][O:21]C1=CC=CC=C1.[C:20](=[O:10])(OC1=CC=CC=C1)OCC 10=20;20,21=21"
"C1=CC=CC=C1C1C(C(O[C:20](=[O:10])N1C1=CC=CC=C1)[H])CC.[O-:21]C1=CC=CC=C1>>C1=CC=CC=C1C1C(C(O[C:20](N1C1=CC=CC=C1)([O-:10])[O:21]C1=CC=CC=C1)[H])CC 21=20;20,10=10"
"C1(C(O[C:20]([O-:10])([O:21]C1CC)O[H])CC)CC>>C(C([O-:21])CC)(C(O[C:20](=[O:10])O[H])CC)CC 10=20;20,21=21"
"[H][NH+:10]([H])[C:20]1([NH:21][H])[O][CH](C7=CC=CC=C7)C([H])[CH](C8=CC=CC=C8)[O]1.[Cl-]>>[Cl-].[H][NH+:21]=[C:20]2[O][CH](C7=CC=CC=C7)[CH]([H])C(C8=CC=CC=C8)[O]2.[H][NH:10][H] 21=20;20,10=10"
"CC[NH+:21]=[C:20]2[NH]C(C)C([H])[O]2.CC[NH:10][H].[Cl-]>>[Cl-].CC[NH+:10]([H])[C:20]1([NH:21]CC)[NH]C(C)C([H])[O]1 10=20;20,21=21"
"[OH:21][C:20]1([H])[OH+:10]C(C)C(O)=C1[H]>>[OH:10]C(C)/C(O)=C([C:20]([H])=[OH+:21])/[H] 21=20;20,10=10"
"[O-:21][C:20]1(C)C([H])C([H])C(C)C(CCC)[O:10]1>>[O-:10]C(CCC)C(C)C([H])C([H])[C:20](C)=[O:21] 21=20;20,10=10"
"C9=CC=CC=C9[NH:10][H].C[NH+:21]=[C:20]([NH]C8=CC=CC=C8)[O]C.[Cl-]>>[Cl-].C9=CC=CC=C9[NH+:10]([H])[C:20]([NH:21]C)([NH]C8=CC=CC=C8)[O]C 10=20;20,21=21"
"[OH:10]C(CCC)/C(C)=C([H])\C(C)[C:20]([H])=[OH+:21]>>[OH:21][C:20]1([H])C(C)C([H])=C(C)C(CCC)[OH+:10]1 10=20;20,21=21"
"[H][O:10]C(C9=CC=CC=C9)C(C)[NH][C:20]([O]C7=CC=CC=C7)=[NH+:21]C6=CC=CC=C6.[Cl-]>>[Cl-].[H][O+:10](C(C9=CC=CC=C9)C(C)[NH]1)[C:20]1([NH:21]C6=CC=CC=C6)[O]C7=CC=CC=C7 10=20;20,21=21"
"[H][O+:10](C([H])C([H])C(CC)[O]1)[C:20]1([O:21]C)[O][H].[Cl-]>>[Cl-].[H][O:10]C([H])C([H])C(CC)[O][C:20]([O][H])=[O+:21]C 21=20;20,10=10"
"[O-:21][C:20]1(OC)C(C)C(C)C([H])C([H])[O:10]1>>[O-:10]C([H])C([H])C(C)C(C)[C:20](OC)=[O:21] 21=20;20,10=10"
"[H][NH+:10]([H])[C:20]1([NH:21]CC)[NH]C(C7=CC=CC=C7)C(CC)[O]1.[Cl-]>>[Cl-].CC[NH+:21]=[C:20]2[NH]C(C7=CC=CC=C7)C(CC)[O]2.[H][NH:10][H] 21=20;20,10=10"
"[H][O:10]C(C)C([H])C(CC)[O][C:20]([O][H])=[NH+:21]C.[Cl-]>>[Cl-].[H][O+:10](C(C)C([H])C(CC)[O]1)[C:20]1([NH:21]C)[O][H] 10=20;20,21=21"
"CC1C(C(O[C:20](=[O:10])N1CC)CC)[H].[O-:21]CCCCCC>>CC1C(C(O[C:20](N1CC)([O-:10])[O:21]CCCCCC)CC)[H] 21=20;20,10=10"
"[H][S+:10]([H])[C:20]1([O:21][H])[S][CH](CC)C([H])[CH](CC)[O]1.[Cl-]>>[Cl-].[H][O+:21]=[C:20]2[S][CH](CC)[CH]([H])C(CC)[O]2.[H][S:10][H] 21=20;20,10=10"
"C[NH+:10]([H])[C:20]1([NH:21][H])[O]C(C)C(CC)[NH]1.[Cl-]>>[Cl-].[H][NH+:21]=[C:20]2[O]C(C)C(CC)[NH]2.C[NH:10][H] 21=20;20,10=10"
"[H][O+:21]=[C:20]2[O]C(C7=CC=CC=C7)C(C8=CC=CC=C8)[O]2.C[O:10][H].[Cl-]>>[Cl-].C[O+:10]([H])[C:20]1([O:21][H])[O]C(C7=CC=CC=C7)C(C8=CC=CC=C8)[O]1 10=20;20,21=21"
"[H][S+:10](C(CC)C([H])C(CC)[S]1)[C:20]1([O:21][H])[S][H].[Cl-]>>[Cl-].[H][S:10]C(CC)C([H])C(CC)[S][C:20]([S][H])=[O+:21][H] 21=20;20,10=10"
"[H][NH+:10](C([H])C(C)[O]1)[C:20]1([NH:21]C)[O]C.[Cl-]>>[Cl-].[H][NH:10]C([H])C(C)[O][C:20]([O]C)=[NH+:21]C 21=20;20,10=10"
"CC[S+:10]([H])[C:20]1([O:21][H])[S][CH](CC)C([H])[CH](C8=CC=CC=C8)[S]1.[Cl-]>>[Cl-].[H][O+:21]=[C:20]2[S][CH](CC)[CH]([H])C(C8=CC=CC=C8)[S]2.CC[S:10][H] 21=20;20,10=10"
"CCCCCCC1C(C(O[C:20](N1CCCCCC)([O-:10])[Cl:21])C)[H]>>CCCCCCC1C(C(O[C:20](=[O:10])N1CCCCCC)C)[H].[Cl-:21] 10=20;20,21=21"
"[H][O+:10](C([H])C(C)C([H])[NH]1)[C:20]1([NH:21]C)[NH]C.[Cl-]>>[Cl-].[H][O:10]C([H])C(C)C([H])[NH][C:20]([NH]C)=[NH+:21]C 21=20;20,10=10"
"[H]C1C(O[C:20](=[O:10])N1[H])C1=CC=CC=C1.[O-:21]CCCCCC>>[H]C1C(O[C:20](N1[H])([O-:10])[O:21]CCCCCC)C1=CC=CC=C1 21=20;20,10=10"
"[O:10]([Na])C([H])C([H])C([H])C([H])[C:20](OC)=[O:21]>>[O-:21][C:20]1(OC)C([H])C([H])C([H])C([H])[O+:10]1([Na]) 10=20;20,21=21"
"[H][NH+:10](C([H])C([H])C([H])[O]1)[C:20]1([NH:21][H])[NH]C7=CC=CC=C7.[Cl-]>>[Cl-].[H][NH:10]C([H])C([H])C([H])[O][C:20]([NH]C7=CC=CC=C7)=[NH+:21][H] 21=20;20,10=10"
"[O-:21][C:20]1([H])[O+:10]([Na])C(C)C(O)C1[H]>>[O:10]([Na])C(C)C(O)C([C:20]([H])=[O:21])[H] 21=20;20,10=10"
"C[O+:21]=[C:20]2[O][CH](C)[CH](C)C([H])[S]2.CC[O:10][H].[Cl-]>>[Cl-].CC[O+:10]([H])[C:20]1([O:21]C)[O][CH](C)C(C)[CH]([H])[S]1 10=20;20,21=21"
"CN([C:20](=[O:10])OC)CC.[O-:21]C1=CC=CC=C1>>CN([C:20]([O-:10])(OC)[O:21]C1=CC=CC=C1)CC 21=20;20,10=10"
"C1=CC=CC=C1N([C:20]1(OC(C(C([O:21]1)[H])[H])C1=CC=CC=C1)[O-:10])CC>>C1=CC=CC=C1N([C:20](=[O:10])OC(C(C([O-:21])[H])[H])C1=CC=CC=C1)CC 10=20;20,21=21"
"[H]C1C(C(O[C:20](=[O:10])N1C)C)CC.[O-:21]CC>>[H]C1C(C(O[C:20](N1C)([O-:10])[O:21]CC)C)CC 21=20;20,10=10"
"[Na][O:21]C1=CC=CC=C1.[C:20](=[O:10])(OC)OC>>[Na][O+:21]([C:20]([O-:10])(OC)OC)C1=CC=CC=C1 21=20;20,10=10"
"CCCCCCC1C(O[C:20](=[O:10])N1CC)C.[O-:21]CC>>CCCCCCC1C(O[C:20](N1CC)([O-:10])[O:21]CC)C 21=20;20,10=10"
"CCC1C(C(O[C:20](=[O:10])N1C)CC)CC.[O-:21]CCCCCC>>CCC1C(C(O[C:20](N1C)([O-:10])[O:21]CCCCCC)CC)CC 21=20;20,10=10"
"C6=CC=CC=C6[NH+:21]=[C:20]2[NH][CH](C7=CC=CC=C7)[CH](C)C([H])[NH]2.C9=CC=CC=C9[O:10][H].[Cl-]>>[Cl-].C9=CC=CC=C9[O+:10]([H])[C:20]1([NH:21]C6=CC=CC=C6)[NH][CH](C7=CC=CC=C7)C(C)[CH]([H])[NH]1 10=20;20,21=21"
"[H][S+:10](C(C)C(CC)[S]1)[C:20]1([O:21][H])[S]C.[Cl-]>>[Cl-].[H][S:10]C(C)C(CC)[S][C:20]([S]C)=[O+:21][H] 21=20;20,10=10"
"CCCCCCN([C:20]1(OC(C(C([O:21]1)C)[H])[H])[O-:10])CCCCCC>>CCCCCCN([C:20](=[O:10])OC(C(C([O-:21])C)[H])[H])CCCCCC 10=20;20,21=21"
"CC[O+:10]([H])[C:20]1([O:21][H])[O][CH]([H])C([H])[CH](CC)[S]1.[Cl-]>>[Cl-].[H][O+:21]=[C:20]2[O][CH]([H])[CH]([H])C(CC)[S]2.CC[O:10][H] 21=20;20,10=10"
"C[NH+:10]([H])[C:20]1([NH:21][H])[O][CH]([H])C(C)[CH]([H])[NH]1.[Cl-]>>[Cl-].[H][NH+:21]=[C:20]2[O][CH]([H])[CH](C)C([H])[NH]2.C[NH:10][H] 21=20;20,10=10"
"[H][NH:10]C(CC)C([H])C([H])[NH][C:20]([O]C7=CC=CC=C7)=[NH+:21]CC.[Cl-]>>[Cl-].[H][NH+:10](C(CC)C([H])C([H])[NH]1)[C:20]1([NH:21]CC)[O]C7=CC=CC=C7 10=20;20,21=21"
"C[NH+:10]([H])[C:20]1([NH:21][H])[O]C(CC)C(C)[O]1.[Cl-]>>[Cl-].[H][NH+:21]=[C:20]2[O]C(CC)C(C)[O]2.C[NH:10][H] 21=20;20,10=10"
"C1=CC=CC=C1C1C(C(O[C:20](=[O:10])N1[H])CC)CC.[O-:21]CC>>C1=CC=CC=C1C1C(C(O[C:20](N1[H])([O-:10])[O:21]CC)CC)CC 21=20;20,10=10"
"[H][O+:10]([H])[C:20]1([NH:21]C6=CC=CC=C6)[O][CH](C7=CC=CC=C7)C([H])[CH](C)[NH]1.[Cl-]>>[Cl-].C6=CC=CC=C6[NH+:21]=[C:20]2[O][CH](C7=CC=CC=C7)[CH]([H])C(C)[NH]2.[H][O:10][H] 21=20;20,10=10"
"C[CH:20]([N:10](C)C1=C-C=C-C=C1)[Cl:21]>>C[CH:20]=[N+:10](C)C1=C-C=C-C=C1.[Cl-:21] 10=20;20,21=21"
"[H][O:10]C(C9=CC=CC=C9)C(CC)[O][C:20]([S]CC)=[O+:21]C.[Cl-]>>[Cl-].[H][O+:10](C(C9=CC=CC=C9)C(CC)[O]1)[C:20]1([O:21]C)[S]CC 10=20;20,21=21"
"[NH:10]([H])C([H])C(O)C([H])C(O)[C:20]([H])=[O:21]>>[O-:21][C:20]1([H])C(O)C([H])C(O)C([H])[NH+:10]1([H]) 10=20;20,21=21"
"[H][NH+:10](C(C)C(C8=CC=CC=C8)[NH]1)[C:20]1([NH:21]C)[NH]C7=CC=CC=C7.[Cl-]>>[Cl-].[H][NH:10]C(C)C(C8=CC=CC=C8)[NH][C:20]([NH]C7=CC=CC=C7)=[NH+:21]C 21=20;20,10=10"
"CCC1C(C(O[C:20](=[O:10])N1CCCCCC)C)CCCCCC.[O-:21]C1=CC=CC=C1>>CCC1C(C(O[C:20](N1CCCCCC)([O-:10])[O:21]C1=CC=CC=C1)C)CCCCCC 21=20;20,10=10"
"[H][O+:10](C([H])C(C)C([H])[O]1)[C:20]1([NH:21]CC)[O]CC.[Cl-]>>[Cl-].[H][O:10]C([H])C(C)C([H])[O][C:20]([O]CC)=[NH+:21]CC 21=20;20,10=10"
"[H][S:10]C(C9=CC=CC=C9)C([H])C(C)[O][C:20]([O]C7=CC=CC=C7)=[O+:21]C.[Cl-]>>[Cl-].[H][S+:10](C(C9=CC=CC=C9)C([H])C(C)[O]1)[C:20]1([O:21]C)[O]C7=CC=CC=C7 10=20;20,21=21"
"C9=CC=CC=C9[NH+:10]([H])[C:20]1([NH:21][H])[NH][CH](C7=CC=CC=C7)C([H])[CH](C)[NH]1.[Cl-]>>[Cl-].[H][NH+:21]=[C:20]2[NH][CH](C7=CC=CC=C7)[CH]([H])C(C)[NH]2.C9=CC=CC=C9[NH:10][H] 21=20;20,10=10"
"[H][O+:10]([H])[C:20]([NH:21]C6=CC=CC=C6)([O][H])[O]CC.[Cl-]>>[Cl-].[H][O:10][H].C6=CC=CC=C6[NH+:21]=[C:20]([O][H])[O]CC 21=20;20,10=10"
"CCCCCCN([C:20]1(OC(C(C([O:21]1)CC)CCCCCC)[H])[O-:10])CC>>CCCCCCN([C:20](=[O:10])OC(C(C([O-:21])CC)CCCCCC)[H])CC 10=20;20,21=21"
"C[NH+:21]=[C:20]2[O][CH]([H])[CH](C)C(C8=CC=CC=C8)[NH]2.CC[O:10][H].[Cl-]>>[Cl-].CC[O+:10]([H])[C:20]1([NH:21]C)[O][CH]([H])C(C)[CH](C8=CC=CC=C8)[NH]1 10=20;20,21=21"
"[OH:10]C(C)/C(C)=C(C)\C([H])[C:20]([H])=[OH+:21]>>[OH:21][C:20]1([H])C([H])C(C)=C(C)C(C)[OH+:10]1 10=20;20,21=21"
"C6=CC=CC=C6[NH+:21]=[C:20]2[O]C(C)C([H])[NH]2.[H][O:10][H].[Cl-]>>[Cl-].[H][O+:10]([H])[C:20]1([NH:21]C6=CC=CC=C6)[O]C(C)C([H])[NH]1 10=20;20,21=21"
"[H][NH:10]C(C)C([H])C(C8=CC=CC=C8)[NH][C:20]([O]C)=[NH+:21][H].[Cl-]>>[Cl-].[H][NH+:10](C(C)C([H])C(C8=CC=CC=C8)[NH]1)[C:20]1([NH:21][H])[O]C 10=20;20,21=21"
"C[NH+:10]([H])[C:20]1([NH:21]C6=CC=CC=C6)[O][CH](C7=CC=CC=C7)C([H])[CH]([H])[O]1.[Cl-]>>[Cl-].C6=CC=CC=C6[NH+:21]=[C:20]2[O][CH](C7=CC=CC=C7)[CH]([H])C([H])[O]2.C[NH:10][H] 21=20;20,10=10"
"CCC1C(C(O[C:20](N1[H])([O-:10])[O:21]C1=CC=CC=C1)[H])CCCCCC>>CCC1C(C(O[C:20](=[O:10])N1[H])[H])CCCCCC.[O-:21]C1=CC=CC=C1 10=20;20,21=21"
"[O-:21][C:20]1(OC)C(C)=C([H])C(C)C(C)[NH+:10]1([H])>>[NH:10]([H])C(C)C(C)/C([H])=C(C)\[C:20](OC)=[O:21] 21=20;20,10=10"
"CCCCCCN([C:20]1(OC(C([O:21]1)CCCCCC)[H])[O-:10])C>>CCCCCCN([C:20](=[O:10])OC(C([O-:21])CCCCCC)[H])C 10=20;20,21=21"
"CC[O:10][H].C6=CC=CC=C6[NH+:21]=[C:20]([NH][H])[NH]C.[Cl-]>>[Cl-].CC[O+:10]([H])[C:20]([NH:21]C6=CC=CC=C6)([NH][H])[NH]C 10=20;20,21=21"
"CC[NH+:21]=[C:20]2[NH][CH](CC)[CH]([H])C([H])[NH]2.C[O:10][H].[Cl-]>>[Cl-].C[O+:10]([H])[C:20]1([NH:21]CC)[NH][CH](CC)C([H])[CH]([H])[NH]1 10=20;20,21=21"
"CCN([C:20](=[O:10])OC(C(C([O-:21])CC)CC)CCCCCC)[H]>>CCN([C:20]1(OC(C(C([O:21]1)CC)CC)CCCCCC)[O-:10])[H] 21=20;20,10=10"
"CN([C:20](=[O:10])OC(C(C([O-:21])CCCCCC)[H])CCCCCC)CCCCCC>>CN([C:20]1(OC(C(C([O:21]1)CCCCCC)[H])CCCCCC)[O-:10])CCCCCC 21=20;20,10=10"
"[Si](C)(C)(C)[O+:21]=[C:20]2[S]C(C)C(C)[S]2.C9=CC=CC=C9[S:10][H].[Cl-]>>[Cl-].C9=CC=CC=C9[S+:10]([H])[C:20]1([O:21][Si](C)(C)(C))[S]C(C)C(C)[S]1 10=20;20,21=21"
"[H][S+:10](C(C)C(C)C(C)[O]1)[C:20]1([O:21][H])[O][H].[Cl-]>>[Cl-].[H][S:10]C(C)C(C)C(C)[O][C:20]([O][H])=[O+:21][H] 21=20;20,10=10"
"[OH:21][C:20]1(OCC)[OH+:10]C([H])C([H])C1[H]>>[OH:10]C([H])C([H])C([C:20](OCC)=[OH+:21])[H] 21=20;20,10=10"
"[H][O+:10](C(CC)C(C)C(C)[NH]1)[C:20]1([NH:21][H])[NH][H].[Cl-]>>[Cl-].[H][O:10]C(CC)C(C)C(C)[NH][C:20]([NH][H])=[NH+:21][H] 21=20;20,10=10"
"C[NH+:21]=[C:20]2[NH][CH](C)[CH](C)C([H])[O]2.C[O:10][H].[Cl-]>>[Cl-].C[O+:10]([H])[C:20]1([NH:21]C)[NH][CH](C)C(C)[CH]([H])[O]1 10=20;20,21=21"
"C9=CC=CC=C9[O+:10]([H])[C:20]1([NH:21][H])[O][CH](C7=CC=CC=C7)C(C)[CH](CC)[NH]1.[Cl-]>>[Cl-].[H][NH+:21]=[C:20]2[O][CH](C7=CC=CC=C7)[CH](C)C(CC)[NH]2.C9=CC=CC=C9[O:10][H] 21=20;20,10=10"
"CCCCCCC1C(C(O[C:20](N1CC)([O-:10])[O:21]CCCCCC)CCCCCC)C>>CCCCCCC1C(C(O[C:20](=[O:10])N1CC)CCCCCC)C.[O-:21]CCCCCC 10=20;20,21=21"
"C6=CC=CC=C6[NH+:21]=[C:20]2[O][CH]([H])[CH](C)C(C)[O]2.CC[O:10][H].[Cl-]>>[Cl-].CC[O+:10]([H])[C:20]1([NH:21]C6=CC=CC=C6)[O][CH]([H])C(C)[CH](C)[O]1 10=20;20,21=21"
"[H][O+:10](C(CC)C(CC)[NH]1)[C:20]1([NH:21]CC)[NH]C7=CC=CC=C7.[Cl-]>>[Cl-].[H][O:10]C(CC)C(CC)[NH][C:20]([NH]C7=CC=CC=C7)=[NH+:21]CC 21=20;20,10=10"
"[H][O+:10](C([H])C(C)C([H])[NH]1)[C:20]1([NH:21]C)[NH]C7=CC=CC=C7.[Cl-]>>[Cl-].[H][O:10]C([H])C(C)C([H])[NH][C:20]([NH]C7=CC=CC=C7)=[NH+:21]C 21=20;20,10=10"
"[O-:21][C:20]1(OCC)C(C)=C(C)C([H])C(C)[O+:10]1([K])>>[O:10]([K])C(C)C([H])/C(C)=C(C)\[C:20](OCC)=[O:21] 21=20;20,10=10"
"[O-:21][C:20]1(OC)[O+:10]([Na])C(CC)C(O)=C1C>>[O:10]([Na])C(CC)/C(O)=C([C:20](OC)=[O:21])/C 21=20;20,10=10"
"CC[NH+:21]=[C:20]2[NH][CH](C7=CC=CC=C7)[CH](C)C(C)[NH]2.C9=CC=CC=C9[NH:10][H].[Cl-]>>[Cl-].C9=CC=CC=C9[NH+:10]([H])[C:20]1([NH:21]CC)[NH][CH](C7=CC=CC=C7)C(C)[CH](C)[NH]1 10=20;20,21=21"
"[H][O+:10]([H])[C:20]([NH:21]C)([NH][H])[O][H].[Cl-]>>[Cl-].[H][O:10][H].C[NH+:21]=[C:20]([NH][H])[O][H] 21=20;20,10=10"
"C(C([O-:21])CCCCCC)(C(O[C:20](=[O:10])OCC)CC)C>>C1(C(O[C:20]([O-:10])([O:21]C1CCCCCC)OCC)CC)C 21=20;20,10=10"
"C[O+:21]=[C:20]2[S][CH](CC)[CH]([H])C(CC)[O]2.C9=CC=CC=C9[O:10][H].[Cl-]>>[Cl-].C9=CC=CC=C9[O+:10]([H])[C:20]1([O:21]C)[S][CH](CC)C([H])[CH](CC)[O]1 10=20;20,21=21"
"[H]N([C:20]1(OC(C(C([O:21]1)CC)CC)CC)[O-:10])CCCCCC>>[H]N([C:20](=[O:10])OC(C(C([O-:21])CC)CC)CC)CCCCCC 10=20;20,21=21"
"CN([C:20](=[O:10])OC(C(C([O-:21])C1=CC=CC=C1)CC)[H])CC>>CN([C:20]1(OC(C(C([O:21]1)C1=CC=CC=C1)CC)[H])[O-:10])CC 21=20;20,10=10"
"[H][NH+:10]([H])[C:20]1([NH:21]CC)[NH][CH](CC)C([H])[CH](CC)[NH]1.[Cl-]>>[Cl-].CC[NH+:21]=[C:20]2[NH][CH](CC)[CH]([H])C(CC)[NH]2.[H][NH:10][H] 21=20;20,10=10"
"CC[NH+:10]([H])[C:20]1([NH:21]C6=CC=CC=C6)[O][CH]([H])C([H])[CH](C)[NH]1.[Cl-]>>[Cl-].C6=CC=CC=C6[NH+:21]=[C:20]2[O][CH]([H])[CH]([H])C(C)[NH]2.CC[NH:10][H] 21=20;20,10=10"
"CCCCCCN([C:20]1(OC(C(C([O:21]1)CCCCCC)C)CC)[O-:10])C1=CC=CC=C1>>CCCCCCN([C:20](=[O:10])OC(C(C([O-:21])CCCCCC)C)CC)C1=CC=CC=C1 10=20;20,21=21"
"[H]N([C:20]1(OC(C(C([O:21]1)[H])C)CC)[O-:10])C>>[H]N([C:20](=[O:10])OC(C(C([O-:21])[H])C)CC)C 10=20;20,21=21"
"[O:10]([Na])C([H])C(C)C([C:20](OCC)=[O:21])O>>[O-:21][C:20]1(OCC)[O+:10]([Na])C([H])C(C)C1O 10=20;20,21=21"
"[H][S:10]C([H])C(C)[S][C:20]([O][H])=[O+:21][H].[Cl-]>>[Cl-].[H][S+:10](C([H])C(C)[S]1)[C:20]1([O:21][H])[O][H] 10=20;20,21=21"
"[O:10]([K])C([H])C([H])C(O)C(C)[C:20](OC)=[O:21]>>[O-:21][C:20]1(OC)C(C)C(O)C([H])C([H])[O+:10]1([K]) 10=20;20,21=21"
"[O-:21][C:20]1(OC)C(C)C(C)C(C)C([H])[NH+:10]1(C)>>[NH:10](C)C([H])C(C)C(C)C(C)[C:20](OC)=[O:21] 21=20;20,10=10"
"[Si](C)(C)(C)[O+:21]=[C:20]2[S]C(CC)C(C8=CC=CC=C8)[O]2.C[S:10][H].[Cl-]>>[Cl-].C[S+:10]([H])[C:20]1([O:21][Si](C)(C)(C))[S]C(CC)C(C8=CC=CC=C8)[O]1 10=20;20,21=21"
"[H][NH:10]C(C9=CC=CC=C9)C(CC)[O][C:20]([O]C7=CC=CC=C7)=[NH+:21]CC.[Cl-]>>[Cl-].[H][NH+:10](C(C9=CC=CC=C9)C(CC)[O]1)[C:20]1([NH:21]CC)[O]C7=CC=CC=C7 10=20;20,21=21"
"[Na][O+:21]([C:20]([O-:10])(O[H])OCCCCCC)CCCCCC>>[Na][O:21]CCCCCC.[C:20](=[O:10])(O[H])OCCCCCC 10=20;20,21=21"
"[H]C1C(C(O[C:20](=[O:10])N1C1=CC=CC=C1)CC)[H].[O-:21]C1=CC=CC=C1>>[H]C1C(C(O[C:20](N1C1=CC=CC=C1)([O-:10])[O:21]C1=CC=CC=C1)CC)[H] 21=20;20,10=10"
"[O-:21][C:20]1(OCC)C(O)C(C)C([H])C(CCC)[O+:10]1([Na])>>[O:10]([Na])C(CCC)C([H])C(C)C(O)[C:20](OCC)=[O:21] 21=20;20,10=10"
"CN([C:20](=[O:10])OC(C(C([O-:21])C1=CC=CC=C1)C)C1=CC=CC=C1)[H]>>CN([C:20]1(OC(C(C([O:21]1)C1=CC=CC=C1)C)C1=CC=CC=C1)[O-:10])[H] 21=20;20,10=10"
"[O-:21][C:20]1(C)C([H])C([H])=C([H])C(C)[O+:10]1([Na])>>[O:10]([Na])C(C)/C([H])=C([H])\C([H])[C:20](C)=[O:21] 21=20;20,10=10"
"[NH:10]([H])C(C)/C(C)=C([H])\C(C)[C:20](OCC)=[O:21]>>[O-:21][C:20]1(OCC)C(C)C([H])=C(C)C(C)[NH+:10]1([H]) 10=20;20,21=21"
"[H][NH+:10]([H])[C:20]1([NH:21]C6=CC=CC=C6)[O]C(C7=CC=CC=C7)C(CC)[NH]1.[Cl-]>>[Cl-].C6=CC=CC=C6[NH+:21]=[C:20]2[O]C(C7=CC=CC=C7)C(CC)[NH]2.[H][NH:10][H] 21=20;20,10=10"
"C1=CC=CC=C1C1C(C(O[C:20](=[O:10])N1C1=CC=CC=C1)CC)CCCCCC.[O-:21]CC>>C1=CC=CC=C1C1C(C(O[C:20](N1C1=CC=CC=C1)([O-:10])[O:21]CC)CC)CCCCCC 21=20;20,10=10"
"[H][S+:10](C([H])C(C)C([H])[O]1)[C:20]1([O:21]C)[S]C7=CC=CC=C7.[Cl-]>>[Cl-].[H][S:10]C([H])C(C)C([H])[O][C:20]([S]C7=CC=CC=C7)=[O+:21]C 21=20;20,10=10"
"[H][NH+:10](C(C)C([H])[NH]1)[C:20]1([NH:21][H])[O][H].[Cl-]>>[Cl-].[H][NH:10]C(C)C([H])[NH][C:20]([O][H])=[NH+:21][H] 21=20;20,10=10"
"[H][O+:10](C(C9=CC=CC=C9)C([H])C(C)[S]1)[C:20]1([O:21][H])[S]C.[Cl-]>>[Cl-].[H][O:10]C(C9=CC=CC=C9)C([H])C(C)[S][C:20]([S]C)=[O+:21][H] 21=20;20,10=10"
"[H][O:10]C(C)C(C)C(C8=CC=CC=C8)[S][C:20]([S]CC)=[O+:21][H].[Cl-]>>[Cl-].[H][O+:10](C(C)C(C)C(C8=CC=CC=C8)[S]1)[C:20]1([O:21][H])[S]CC 10=20;20,21=21"
"CC1C(C(O[C:20](=[O:10])N1[H])C)CC.[O-:21][H]>>CC1C(C(O[C:20](N1[H])([O-:10])[O:21][H])C)CC 21=20;20,10=10"
"CCN([C:20]1(OC(C(C([O:21]1)CC)CCCCCC)CCCCCC)[O-:10])C1=CC=CC=C1>>CCN([C:20](=[O:10])OC(C(C([O-:21])CC)CCCCCC)CCCCCC)C1=CC=CC=C1 10=20;20,21=21"
"[H]N([C:20](=[O:10])OCC)CCCCCC.[O-:21]CC>>[H]N([C:20]([O-:10])(OCC)[O:21]CC)CCCCCC 21=20;20,10=10"
"[H][O+:21]=[C:20]2[S][CH]([H])[CH]([H])C(C8=CC=CC=C8)[S]2.[H][S:10][H].[Cl-]>>[Cl-].[H][S+:10]([H])[C:20]1([O:21][H])[S][CH]([H])C([H])[CH](C8=CC=CC=C8)[S]1 10=20;20,21=21"
"[O-:21][CH:20]2([H])C3=C(C(C([NH+:10]2([H]))C)O)C=CC=C3>>[NH:10]([H])C(C(C1=C(C=CC=C1)[CH:20]([H])=[O:21])O)C  21=20;20,10=10"
"[H][S+:10](C(C)C([H])C(C8=CC=CC=C8)[S]1)[C:20]1([O:21]C)[S]CC.[Cl-]>>[Cl-].[H][S:10]C(C)C([H])C(C8=CC=CC=C8)[S][C:20]([S]CC)=[O+:21]C 21=20;20,10=10"
"[H][O:10]C(CC)C(C)C([H])[NH][C:20]([NH]C)=[NH+:21][H].[Cl-]>>[Cl-].[H][O+:10](C(CC)C(C)C([H])[NH]1)[C:20]1([NH:21][H])[NH]C 10=20;20,21=21"
"[H][O:10]C(C9=CC=CC=C9)C(C8=CC=CC=C8)[NH][C:20]([NH]C7=CC=CC=C7)=[NH+:21]CC.[Cl-]>>[Cl-].[H][O+:10](C(C9=CC=CC=C9)C(C8=CC=CC=C8)[NH]1)[C:20]1([NH:21]CC)[NH]C7=CC=CC=C7 10=20;20,21=21"
"[H][S:10]C(C9=CC=CC=C9)C(C)C(C8=CC=CC=C8)[O][C:20]([O]CC)=[O+:21]C.[Cl-]>>[Cl-].[H][S+:10](C(C9=CC=CC=C9)C(C)C(C8=CC=CC=C8)[O]1)[C:20]1([O:21]C)[O]CC 10=20;20,21=21"
"[H][NH:10]C(C)C(C8=CC=CC=C8)[O][C:20]([O][H])=[NH+:21][H].[Cl-]>>[Cl-].[H][NH+:10](C(C)C(C8=CC=CC=C8)[O]1)[C:20]1([NH:21][H])[O][H] 10=20;20,21=21"
"[H]N([C:20]([O-:10])(O[H])[Cl:21])CC>>[H]N([C:20](=[O:10])O[H])CC.[Cl-:21] 10=20;20,21=21"
"[H]C1C(C(O[C:20](N1CC)([O-:10])[O:21]CC)C)CCCCCC>>[H]C1C(C(O[C:20](=[O:10])N1CC)C)CCCCCC.[O-:21]CC 10=20;20,21=21"
"CCCCCCN([C:20](=[O:10])OC(C(C([O-:21])[H])CC)CCCCCC)C1=CC=CC=C1>>CCCCCCN([C:20]1(OC(C(C([O:21]1)[H])CC)CCCCCC)[O-:10])C1=CC=CC=C1 21=20;20,10=10"
"[H][NH+:10]([H])[C:20]1([NH:21]C)[O][CH](C)C([H])[CH](C)[NH]1.[Cl-]>>[Cl-].C[NH+:21]=[C:20]2[O][CH](C)[CH]([H])C(C)[NH]2.[H][NH:10][H] 21=20;20,10=10"
"[H]N([C:20]1(OC(C(C([O:21]1)C1=CC=CC=C1)CC)CCCCCC)[O-:10])[H]>>[H]N([C:20](=[O:10])OC(C(C([O-:21])C1=CC=CC=C1)CC)CCCCCC)[H] 10=20;20,21=21"
"[O-:21][C:20]1(C)C(C)=C([H])C([H])C(CCC)[O:10]1>>[O-:10]C(CCC)C([H])/C([H])=C(C)\[C:20](C)=[O:21] 21=20;20,10=10"
"CCC1C(C(O[C:20](=[O:10])N1[H])CC)CC.[O-:21]C>>CCC1C(C(O[C:20](N1[H])([O-:10])[O:21]C)CC)CC 21=20;20,10=10"
"[H][NH+:10]([H])[C:20]1([NH:21][H])[O][CH](CC)C([H])[CH](C)[NH]1.[Cl-]>>[Cl-].[H][NH+:21]=[C:20]2[O][CH](CC)[CH]([H])C(C)[NH]2.[H][NH:10][H] 21=20;20,10=10"
"[H]N([C:20]1(OC(C(C([O:21]1)C1=CC=CC=C1)C)CCCCCC)[O-:10])C1=CC=CC=C1>>[H]N([C:20](=[O:10])OC(C(C([O-:21])C1=CC=CC=C1)C)CCCCCC)C1=CC=CC=C1 10=20;20,21=21"
"[H][O+:10](C([H])C([H])C(CC)[O]1)[C:20]1([NH:21]C)[O]C.[Cl-]>>[Cl-].[H][O:10]C([H])C([H])C(CC)[O][C:20]([O]C)=[NH+:21]C 21=20;20,10=10"
"[H][S:10]C(C9=CC=CC=C9)C(C)C(C)[O][C:20]([S]C)=[O+:21]C.[Cl-]>>[Cl-].[H][S+:10](C(C9=CC=CC=C9)C(C)C(C)[O]1)[C:20]1([O:21]C)[S]C 10=20;20,21=21"
"[H]N([C:20](=[O:10])OC(C(C([O-:21])C1=CC=CC=C1)CCCCCC)CC)C>>[H]N([C:20]1(OC(C(C([O:21]1)C1=CC=CC=C1)CCCCCC)CC)[O-:10])C 21=20;20,10=10"
"[H][O+:10](C([H])C(CC)[O]1)[C:20]1([O:21][H])[O]C7=CC=CC=C7.[Cl-]>>[Cl-].[H][O:10]C([H])C(CC)[O][C:20]([O]C7=CC=CC=C7)=[O+:21][H] 21=20;20,10=10"
"CC[NH+:21]=[C:20]2[O][CH](CC)[CH](C)C(C)[O]2.C9=CC=CC=C9[NH:10][H].[Cl-]>>[Cl-].C9=CC=CC=C9[NH+:10]([H])[C:20]1([NH:21]CC)[O][CH](CC)C(C)[CH](C)[O]1 10=20;20,21=21"
"C9=CC=CC=C9[NH+:10]([H])[C:20]([NH:21]C)([O][H])[NH]C7=CC=CC=C7.[Cl-]>>[Cl-].C9=CC=CC=C9[NH:10][H].C[NH+:21]=[C:20]([O][H])[NH]C7=CC=CC=C7 21=20;20,10=10"
"CCC1C(C(O[C:20](N1CC)([O-:10])[O:21]CC)C)[H]>>CCC1C(C(O[C:20](=[O:10])N1CC)C)[H].[O-:21]CC 10=20;20,21=21"
"[H][O+:21]=[C:20]2[O][CH](C)[CH](C)C(C)[O]2.[H][S:10][H].[Cl-]>>[Cl-].[H][S+:10]([H])[C:20]1([O:21][H])[O][CH](C)C(C)[CH](C)[O]1 10=20;20,21=21"
"[H][O+:10](C(C9=CC=CC=C9)C(C)C(C)[O]1)[C:20]1([NH:21]CC)[NH]C7=CC=CC=C7.[Cl-]>>[Cl-].[H][O:10]C(C9=CC=CC=C9)C(C)C(C)[O][C:20]([NH]C7=CC=CC=C7)=[NH+:21]CC 21=20;20,10=10"
"C[NH+:21]=[C:20]2[NH][CH]([H])[CH]([H])C(CC)[O]2.C9=CC=CC=C9[O:10][H].[Cl-]>>[Cl-].C9=CC=CC=C9[O+:10]([H])[C:20]1([NH:21]C)[NH][CH]([H])C([H])[CH](CC)[O]1 10=20;20,21=21"
"[OH:10]C(CCC)C(C)C([H])C(O)[C:20](OC)=[OH+:21]>>[OH:21][C:20]1(OC)C(O)C([H])C(C)C(CCC)[OH+:10]1 10=20;20,21=21"
"C[S+:10]([H])[C:20]([O:21][Si](C)(C)(C))([O]C)[S]C7=CC=CC=C7.[Cl-]>>[Cl-].C[S:10][H].[Si](C)(C)(C)[O+:21]=[C:20]([O]C)[S]C7=CC=CC=C7 21=20;20,10=10"
"[H][NH+:10](C(CC)C(C)C([H])[NH]1)[C:20]1([NH:21]C)[NH]C7=CC=CC=C7.[Cl-]>>[Cl-].[H][NH:10]C(CC)C(C)C([H])[NH][C:20]([NH]C7=CC=CC=C7)=[NH+:21]C 21=20;20,10=10"
"C[O+:21]=[C:20]2[O][CH](C7=CC=CC=C7)[CH]([H])C(C)[O]2.C[S:10][H].[Cl-]>>[Cl-].C[S+:10]([H])[C:20]1([O:21]C)[O][CH](C7=CC=CC=C7)C([H])[CH](C)[O]1 10=20;20,21=21"
"[H][O+:21]=[C:20]2[S]C(C)C(C)[O]2.C[S:10][H].[Cl-]>>[Cl-].C[S+:10]([H])[C:20]1([O:21][H])[S]C(C)C(C)[O]1 10=20;20,21=21"
"[H]C1C(C(O[C:20](=[O:10])N1CCCCCC)C)[H].[O-:21]CC>>[H]C1C(C(O[C:20](N1CCCCCC)([O-:10])[O:21]CC)C)[H] 21=20;20,10=10"
"C[NH+:10]([H])[C:20]1([NH:21]C)[NH]C(CC)C(C)[NH]1.[Cl-]>>[Cl-].C[NH+:21]=[C:20]2[NH]C(CC)C(C)[NH]2.C[NH:10][H] 21=20;20,10=10"
"[H][O+:10](C([H])C([H])[S]1)[C:20]1([O:21][Si](C)(C)(C))[O]C.[Cl-]>>[Cl-].[H][O:10]C([H])C([H])[S][C:20]([O]C)=[O+:21][Si](C)(C)(C) 21=20;20,10=10"
"[H][O+:10]([H])[C:20]1([NH:21][H])[O][CH]([H])C([H])[CH](C8=CC=CC=C8)[NH]1.[Cl-]>>[Cl-].[H][NH+:21]=[C:20]2[O][CH]([H])[CH]([H])C(C8=CC=CC=C8)[NH]2.[H][O:10][H] 21=20;20,10=10"
"CC[NH+:21]=[C:20]2[O]C(C)C([H])[O]2.CC[NH:10][H].[Cl-]>>[Cl-].CC[NH+:10]([H])[C:20]1([NH:21]CC)[O]C(C)C([H])[O]1 10=20;20,21=21"
"C9=CC=CC=C9[O:10][H].C[O+:21]=[C:20]([O]C)[S]CC.[Cl-]>>[Cl-].C9=CC=CC=C9[O+:10]([H])[C:20]([O:21]C)([O]C)[S]CC 10=20;20,21=21"
"[H][O+:10](C(C9=CC=CC=C9)C([H])[O]1)[C:20]1([O:21][H])[O]C.[Cl-]>>[Cl-].[H][O:10]C(C9=CC=CC=C9)C([H])[O][C:20]([O]C)=[O+:21][H] 21=20;20,10=10"
"C[NH:10][H].C6=CC=CC=C6[NH+:21]=[C:20]([NH]C8=CC=CC=C8)[NH][H].[Cl-]>>[Cl-].C[NH+:10]([H])[C:20]([NH:21]C6=CC=CC=C6)([NH]C8=CC=CC=C8)[NH][H] 10=20;20,21=21"
"[H][NH+:10](C(CC)C(C8=CC=CC=C8)[O]1)[C:20]1([NH:21][H])[NH]C7=CC=CC=C7.[Cl-]>>[Cl-].[H][NH:10]C(CC)C(C8=CC=CC=C8)[O][C:20]([NH]C7=CC=CC=C7)=[NH+:21][H] 21=20;20,10=10"
"[O-:21][C:20]1(OCC)C(C)=C([H])C([H])C(CC)[O:10]1>>[O-:10]C(CC)C([H])/C([H])=C(C)\[C:20](OCC)=[O:21] 21=20;20,10=10"
"CCCCCCC1C(O[C:20](=[O:10])N1CCCCCC)C.[O-:21]CCCCCC>>CCCCCCC1C(O[C:20](N1CCCCCC)([O-:10])[O:21]CCCCCC)C 21=20;20,10=10"
"[H][NH+:10]([H])[C:20]([NH:21][H])([NH]C8=CC=CC=C8)[NH]CC.[Cl-]>>[Cl-].[H][NH:10][H].[H][NH+:21]=[C:20]([NH]C8=CC=CC=C8)[NH]CC 21=20;20,10=10"
"[O:10]([K])C(CCC)C(C)C(O)C(C)[C:20](C)=[O:21]>>[O-:21][C:20]1(C)C(C)C(O)C(C)C(CCC)[O+:10]1([K]) 10=20;20,21=21"
"[H][S:10]C(CC)C([H])C(C8=CC=CC=C8)[O][C:20]([O][H])=[O+:21][H].[Cl-]>>[Cl-].[H][S+:10](C(CC)C([H])C(C8=CC=CC=C8)[O]1)[C:20]1([O:21][H])[O][H] 10=20;20,21=21"
"C6=CC=CC=C6[NH+:21]=[C:20]2[O][CH](C7=CC=CC=C7)[CH]([H])C(C)[O]2.C9=CC=CC=C9[NH:10][H].[Cl-]>>[Cl-].C9=CC=CC=C9[NH+:10]([H])[C:20]1([NH:21]C6=CC=CC=C6)[O][CH](C7=CC=CC=C7)C([H])[CH](C)[O]1 10=20;20,21=21"
"CC[NH:10][H].C[NH+:21]=[C:20]([O]C)[O]CC.[Cl-]>>[Cl-].CC[NH+:10]([H])[C:20]([NH:21]C)([O]C)[O]CC 10=20;20,21=21"
"CC1C(O[C:20](N1C)([O-:10])[O:21][H])C1=CC=CC=C1>>CC1C(O[C:20](=[O:10])N1C)C1=CC=CC=C1.[O-:21][H] 10=20;20,21=21"
"[H][S+:10](C(C9=CC=CC=C9)C(C8=CC=CC=C8)[S]1)[C:20]1([O:21][Si](C)(C)(C))[S][H].[Cl-]>>[Cl-].[H][S:10]C(C9=CC=CC=C9)C(C8=CC=CC=C8)[S][C:20]([S][H])=[O+:21][Si](C)(C)(C) 21=20;20,10=10"
"C[NH+:10]([H])[C:20]1([NH:21]CC)[O][CH](CC)C(C)[CH](CC)[O]1.[Cl-]>>[Cl-].CC[NH+:21]=[C:20]2[O][CH](CC)[CH](C)C(CC)[O]2.C[NH:10][H] 21=20;20,10=10"
"C1=CC=CC=C1N([C:20]1(OC(C([O:21]1)[H])CC)[O-:10])CC>>C1=CC=CC=C1N([C:20](=[O:10])OC(C([O-:21])[H])CC)CC 10=20;20,21=21"
"[O-:21][C:20]1([H])C(O)C(O)C(C)C([H])[O:10]1>>[O-:10]C([H])C(C)C(O)C(O)[C:20]([H])=[O:21] 21=20;20,10=10"
"[H][O+:10]([H])[C:20]1([O:21]C)[S]C(C)C(C8=CC=CC=C8)[O]1.[Cl-]>>[Cl-].C[O+:21]=[C:20]2[S]C(C)C(C8=CC=CC=C8)[O]2.[H][O:10][H] 21=20;20,10=10"
"C[O:10][H].[Si](C)(C)(C)[O+:21]=[C:20]([O]CC)[O][H].[Cl-]>>[Cl-].C[O+:10]([H])[C:20]([O:21][Si](C)(C)(C))([O]CC)[O][H] 10=20;20,21=21"
"[H][O+:10](C([H])C(C)[O]1)[C:20]1([NH:21]C6=CC=CC=C6)[NH]CC.[Cl-]>>[Cl-].[H][O:10]C([H])C(C)[O][C:20]([NH]CC)=[NH+:21]C6=CC=CC=C6 21=20;20,10=10"
"CCCCCCN([C:20]1(OC(C(C([O:21]1)C)CC)C)[O-:10])C1=CC=CC=C1>>CCCCCCN([C:20](=[O:10])OC(C(C([O-:21])C)CC)C)C1=CC=CC=C1 10=20;20,21=21"
"[H][NH:10]C(C9=CC=CC=C9)C([H])[NH][C:20]([O]C)=[NH+:21]C6=CC=CC=C6.[Cl-]>>[Cl-].[H][NH+:10](C(C9=CC=CC=C9)C([H])[NH]1)[C:20]1([NH:21]C6=CC=CC=C6)[O]C 10=20;20,21=21"
"[O-:21][C:20]1(OCC)[O:10]C(CCC)C([H])=C1C>>[O-:10]C(CCC)/C([H])=C([C:20](OCC)=[O:21])/C 21=20;20,10=10"
"C9=CC=CC=C9[O+:10]([H])[C:20]1([NH:21]C)[O][CH]([H])C([H])[CH](CC)[NH]1.[Cl-]>>[Cl-].C[NH+:21]=[C:20]2[O][CH]([H])[CH]([H])C(CC)[NH]2.C9=CC=CC=C9[O:10][H] 21=20;20,10=10"
"[H][S:10]C([H])C(C8=CC=CC=C8)[S][C:20]([O]C7=CC=CC=C7)=[O+:21][Si](C)(C)(C).[Cl-]>>[Cl-].[H][S+:10](C([H])C(C8=CC=CC=C8)[S]1)[C:20]1([O:21][Si](C)(C)(C))[O]C7=CC=CC=C7 10=20;20,21=21"
"[H][O+:10](C(C)C([H])C(CC)[NH]1)[C:20]1([NH:21]C)[NH]C.[Cl-]>>[Cl-].[H][O:10]C(C)C([H])C(CC)[NH][C:20]([NH]C)=[NH+:21]C 21=20;20,10=10"
"CC[NH+:10]([H])[C:20]([NH:21]C)([NH][H])[O][H].[Cl-]>>[Cl-].CC[NH:10][H].C[NH+:21]=[C:20]([NH][H])[O][H] 21=20;20,10=10"
"[H][NH:10]C(C)C(C)C([H])[O][C:20]([NH][H])=[NH+:21]C.[Cl-]>>[Cl-].[H][NH+:10](C(C)C(C)C([H])[O]1)[C:20]1([NH:21]C)[NH][H] 10=20;20,21=21"
"[H][NH+:21]=[C:20]2[NH][CH](C)[CH]([H])C(C)[NH]2.CC[NH:10][H].[Cl-]>>[Cl-].CC[NH+:10]([H])[C:20]1([NH:21][H])[NH][CH](C)C([H])[CH](C)[NH]1 10=20;20,21=21"
"CC[NH+:10]([H])[C:20]([NH:21][H])([NH][H])[O]C7=CC=CC=C7.[Cl-]>>[Cl-].CC[NH:10][H].[H][NH+:21]=[C:20]([NH][H])[O]C7=CC=CC=C7 21=20;20,10=10"
"[O-:21][C:20]1([H])[O:10]C(CCC)C([H])C1[H]>>[O-:10]C(CCC)C([H])C([C:20]([H])=[O:21])[H] 21=20;20,10=10"
"CC[NH+:21]=[C:20]2[O][CH]([H])[CH]([H])C(C8=CC=CC=C8)[NH]2.C[O:10][H].[Cl-]>>[Cl-].C[O+:10]([H])[C:20]1([NH:21]CC)[O][CH]([H])C([H])[CH](C8=CC=CC=C8)[NH]1 10=20;20,21=21"
"C1=CC=CC=C1C1C(O[C:20](=[O:10])N1[H])C.[O-:21]C1=CC=CC=C1>>C1=CC=CC=C1C1C(O[C:20](N1[H])([O-:10])[O:21]C1=CC=CC=C1)C 21=20;20,10=10"
"CN([C:20](=[O:10])OC(C(C([O-:21])CCCCCC)CC)C1=CC=CC=C1)CCCCCC>>CN([C:20]1(OC(C(C([O:21]1)CCCCCC)CC)C1=CC=CC=C1)[O-:10])CCCCCC 21=20;20,10=10"
"[O:21]=[C:20](OC1=CC=CC=C1)O[H].[O-:10][H]>>[H][O:10][C:20]([O-:21])(OC1=CC=CC=C1)O[H] 10=20;20,21=21"
"[OH:21][C:20]1([H])C([H])C([H])=C([H])C([H])[OH+:10]1>>[OH:10]C([H])/C([H])=C([H])\C([H])[C:20]([H])=[OH+:21] 21=20;20,10=10"
"C[S+:10]([H])[C:20]1([O:21]C)[O]C(C)C(CC)[S]1.[Cl-]>>[Cl-].C[O+:21]=[C:20]2[O]C(C)C(CC)[S]2.C[S:10][H] 21=20;20,10=10"
"[NH:10](C)C([H])C(C)C(C)C(C)[C:20](OCC)=[O:21]>>[O-:21][C:20]1(OCC)C(C)C(C)C(C)C([H])[NH+:10]1(C) 10=20;20,21=21"
"[H][O+:10](C([H])C([H])C(C8=CC=CC=C8)[S]1)[C:20]1([O:21][H])[S]C.[Cl-]>>[Cl-].[H][O:10]C([H])C([H])C(C8=CC=CC=C8)[S][C:20]([S]C)=[O+:21][H] 21=20;20,10=10"
"[O-:21][C:20]1(C)C([H])=C([H])C([H])C(CC)[NH+:10]1([H])>>[NH:10]([H])C(CC)C([H])/C([H])=C([H])\[C:20](C)=[O:21] 21=20;20,10=10"
"C[O+:10]([H])[C:20]([NH:21][H])([NH]C8=CC=CC=C8)[NH][H].[Cl-]>>[Cl-].C[O:10][H].[H][NH+:21]=[C:20]([NH]C8=CC=CC=C8)[NH][H] 21=20;20,10=10"
"[H][O+:21]=[C:20]2[O][CH](CC)[CH](C)C(CC)[S]2.[H][S:10][H].[Cl-]>>[Cl-].[H][S+:10]([H])[C:20]1([O:21][H])[O][CH](CC)C(C)[CH](CC)[S]1 10=20;20,21=21"
"[H][NH+:10](C(C)C(C8=CC=CC=C8)[NH]1)[C:20]1([NH:21][H])[NH][H].[Cl-]>>[Cl-].[H][NH:10]C(C)C(C8=CC=CC=C8)[NH][C:20]([NH][H])=[NH+:21][H] 21=20;20,10=10"
"[H]C1C(C(O[C:20](N1CC)([O-:10])[O:21]CC)CC)CC>>[H]C1C(C(O[C:20](=[O:10])N1CC)CC)CC.[O-:21]CC 10=20;20,21=21"
"CC1C(C(O[C:20](N1C)([O-:10])[O:21]CC)C1=CC=CC=C1)CC>>CC1C(C(O[C:20](=[O:10])N1C)C1=CC=CC=C1)CC.[O-:21]CC 10=20;20,21=21"
"[H][S+:10](C(CC)C(C)C(C8=CC=CC=C8)[S]1)[C:20]1([O:21]C)[S]C7=CC=CC=C7.[Cl-]>>[Cl-].[H][S:10]C(CC)C(C)C(C8=CC=CC=C8)[S][C:20]([S]C7=CC=CC=C7)=[O+:21]C 21=20;20,10=10"
"C9=CC=CC=C9[O+:10]([H])[C:20]1([NH:21]C)[NH][CH](C)C([H])[CH]([H])[NH]1.[Cl-]>>[Cl-].C[NH+:21]=[C:20]2[NH][CH](C)[CH]([H])C([H])[NH]2.C9=CC=CC=C9[O:10][H] 21=20;20,10=10"
"CN([C:20]1(OC(C(C([O:21]1)C1=CC=CC=C1)C)C1=CC=CC=C1)[O-:10])CC>>CN([C:20](=[O:10])OC(C(C([O-:21])C1=CC=CC=C1)C)C1=CC=CC=C1)CC 10=20;20,21=21"
"CCCCCCC1C(O[C:20](=[O:10])N1C)[H].[O-:21][H]>>CCCCCCC1C(O[C:20](N1C)([O-:10])[O:21][H])[H] 21=20;20,10=10"
"[H][NH:10]C(C9=CC=CC=C9)C([H])[O][C:20]([O][H])=[NH+:21]C6=CC=CC=C6.[Cl-]>>[Cl-].[H][NH+:10](C(C9=CC=CC=C9)C([H])[O]1)[C:20]1([NH:21]C6=CC=CC=C6)[O][H] 10=20;20,21=21"
"C[O+:10]([H])[C:20]1([NH:21]C)[O][CH](C7=CC=CC=C7)C(C)[CH](CC)[O]1.[Cl-]>>[Cl-].C[NH+:21]=[C:20]2[O][CH](C7=CC=CC=C7)[CH](C)C(CC)[O]2.C[O:10][H] 21=20;20,10=10"
"CC[NH+:21]=[C:20]2[NH]C(C7=CC=CC=C7)C(C8=CC=CC=C8)[NH]2.CC[NH:10][H].[Cl-]>>[Cl-].CC[NH+:10]([H])[C:20]1([NH:21]CC)[NH]C(C7=CC=CC=C7)C(C8=CC=CC=C8)[NH]1 10=20;20,21=21"
"C1=CC=CC=C1N([C:20]1(OC(C(C([O:21]1)[H])C)[H])[O-:10])[H]>>C1=CC=CC=C1N([C:20](=[O:10])OC(C(C([O-:21])[H])C)[H])[H] 10=20;20,21=21"
"C1=CC=CC=C1N([C:20](=[O:10])OC(C(C([O-:21])CC)C)C1=CC=CC=C1)CCCCCC>>C1=CC=CC=C1N([C:20]1(OC(C(C([O:21]1)CC)C)C1=CC=CC=C1)[O-:10])CCCCCC 21=20;20,10=10"
"[H][O+:10](C(C)C(C8=CC=CC=C8)[O]1)[C:20]1([NH:21]CC)[NH]C7=CC=CC=C7.[Cl-]>>[Cl-].[H][O:10]C(C)C(C8=CC=CC=C8)[O][C:20]([NH]C7=CC=CC=C7)=[NH+:21]CC 21=20;20,10=10"
"C9=CC=CC=C9[NH+:10]([H])[C:20]1([NH:21]C6=CC=CC=C6)[O][CH]([H])C([H])[CH](CC)[NH]1.[Cl-]>>[Cl-].C6=CC=CC=C6[NH+:21]=[C:20]2[O][CH]([H])[CH]([H])C(CC)[NH]2.C9=CC=CC=C9[NH:10][H] 21=20;20,10=10"
"CCCCCCC1C(O[C:20](=[O:10])N1[H])C.[O-:21][H]>>CCCCCCC1C(O[C:20](N1[H])([O-:10])[O:21][H])C 21=20;20,10=10"
"[OH:21][C:20]1([H])C([H])C(C)=C(C)C(CC)[OH+:10]1>>[OH:10]C(CC)/C(C)=C(C)\C([H])[C:20]([H])=[OH+:21] 21=20;20,10=10"
"[H][NH:10]C(CC)C(C)C(CC)[O][C:20]([O][H])=[NH+:21]C6=CC=CC=C6.[Cl-]>>[Cl-].[H][NH+:10](C(CC)C(C)C(CC)[O]1)[C:20]1([NH:21]C6=CC=CC=C6)[O][H] 10=20;20,21=21"
"[H][O+:21]=[C:20]2[S]C([H])C(CC)[O]2.C[O:10][H].[Cl-]>>[Cl-].C[O+:10]([H])[C:20]1([O:21][H])[S]C([H])C(CC)[O]1 10=20;20,21=21"
"[H]N([C:20](=[O:10])OC(C(C([O-:21])CCCCCC)CCCCCC)CC)CCCCCC>>[H]N([C:20]1(OC(C(C([O:21]1)CCCCCC)CCCCCC)CC)[O-:10])CCCCCC 21=20;20,10=10"
"CN([C:20]1(OC(C([O:21]1)C)C1=CC=CC=C1)[O-:10])CC>>CN([C:20](=[O:10])OC(C([O-:21])C)C1=CC=CC=C1)CC 10=20;20,21=21"
"[NH:10]([H])C([H])C(O)C(C)C(O)[C:20](OCC)=[O:21]>>[O-:21][C:20]1(OCC)C(O)C(C)C(O)C([H])[NH+:10]1([H]) 10=20;20,21=21"
"CCCCCCN([C:20]([O-:10])(OCC)[O:21]C1=CC=CC=C1)C>>CCCCCCN([C:20](=[O:10])OCC)C.[O-:21]C1=CC=CC=C1 10=20;20,21=21"
"[H][O+:10](C(C9=CC=CC=C9)C([H])C([H])[O]1)[C:20]1([NH:21][H])[O]C7=CC=CC=C7.[Cl-]>>[Cl-].[H][O:10]C(C9=CC=CC=C9)C([H])C([H])[O][C:20]([O]C7=CC=CC=C7)=[NH+:21][H] 21=20;20,10=10"
"[OH:21][C:20]1(C)C(O)C(C)C(C)C([H])[OH+:10]1>>[OH:10]C([H])C(C)C(C)C(O)[C:20](C)=[OH+:21] 21=20;20,10=10"
"CCCCCCN([C:20](=[O:10])OC)[H].[O-:21]CCCCCC>>CCCCCCN([C:20]([O-:10])(OC)[O:21]CCCCCC)[H] 21=20;20,10=10"
"C1(C(O[C:20]([O-:10])([O:21]C1C)OC)CC)CC>>C(C([O-:21])C)(C(O[C:20](=[O:10])OC)CC)CC 10=20;20,21=21"
"[H][O+:21]=[C:20]2[S][CH](C7=CC=CC=C7)[CH]([H])C([H])[O]2.[H][S:10][H].[Cl-]>>[Cl-].[H][S+:10]([H])[C:20]1([O:21][H])[S][CH](C7=CC=CC=C7)C([H])[CH]([H])[O]1 10=20;20,21=21"
"[O:10]([K])C(CC)/C([H])=C([H])\C(C)[C:20](OC)=[O:21]>>[O-:21][C:20]1(OC)C(C)C([H])=C([H])C(CC)[O+:10]1([K]) 10=20;20,21=21"
"C[NH+:10]([H])[C:20]1([NH:21][H])[O][CH](C)C([H])[CH]([H])[NH]1.[Cl-]>>[Cl-].[H][NH+:21]=[C:20]2[O][CH](C)[CH]([H])C([H])[NH]2.C[NH:10][H] 21=20;20,10=10"
"[O:10]([K])C(CC)C(C)C([H])C([H])[C:20](C)=[O:21]>>[O-:21][C:20]1(C)C([H])C([H])C(C)C(CC)[O+:10]1([K]) 10=20;20,21=21"
"CN([C:20]1(OC(C([O:21]1)CC)CCCCCC)[O-:10])CC>>CN([C:20](=[O:10])OC(C([O-:21])CC)CCCCCC)CC 10=20;20,21=21"
"[O-:10]C(CC)/C([H])=C([C:20]([H])=[O:21])/[H]>>[O-:21][C:20]1([H])[O:10]C(CC)C([H])=C1[H] 10=20;20,21=21"
"C[NH+:21]=[C:20]2[O][CH](C)[CH]([H])C(C)[NH]2.C9=CC=CC=C9[O:10][H].[Cl-]>>[Cl-].C9=CC=CC=C9[O+:10]([H])[C:20]1([NH:21]C)[O][CH](C)C([H])[CH](C)[NH]1 10=20;20,21=21"
"[H][O:10]C(C)C([H])C([H])[S][C:20]([S]CC)=[O+:21][H].[Cl-]>>[Cl-].[H][O+:10](C(C)C([H])C([H])[S]1)[C:20]1([O:21][H])[S]CC 10=20;20,21=21"
"C1=CC=CC=C1N([C:20](=[O:10])OC(C(C([O-:21])CCCCCC)C)C1=CC=CC=C1)C>>C1=CC=CC=C1N([C:20]1(OC(C(C([O:21]1)CCCCCC)C)C1=CC=CC=C1)[O-:10])C 21=20;20,10=10"
"[O-:21][C:20]1([H])C([H])C(C)=C([H])C(CC)[O+:10]1([K])>>[O:10]([K])C(CC)/C([H])=C(C)\C([H])[C:20]([H])=[O:21] 21=20;20,10=10"
"[Li][O+:21]([C:20]([O-:10])(OCC)OC1=CC=CC=C1)[H]>>[Li][O:21][H].[C:20](=[O:10])(OCC)OC1=CC=CC=C1 10=20;20,21=21"
"C1=CC=CC=C1N([C:20](=[O:10])OC(C(C([O-:21])C)CCCCCC)C1=CC=CC=C1)C1=CC=CC=C1>>C1=CC=CC=C1N([C:20]1(OC(C(C([O:21]1)C)CCCCCC)C1=CC=CC=C1)[O-:10])C1=CC=CC=C1 21=20;20,10=10"
"C[O+:21]=[C:20]2[O][CH]([H])[CH]([H])C(C)[S]2.[H][S:10][H].[Cl-]>>[Cl-].[H][S+:10]([H])[C:20]1([O:21]C)[O][CH]([H])C([H])[CH](C)[S]1 10=20;20,21=21"
"[O:10]([K])C(C)C([H])C(O)C(O)[C:20](C)=[O:21]>>[O-:21][C:20]1(C)C(O)C(O)C([H])C(C)[O+:10]1([K]) 10=20;20,21=21"
"C1=CC=CC=C1C1C(C(O[C:20](=[O:10])N1CC)[H])CC.[O-:21][H]>>C1=CC=CC=C1C1C(C(O[C:20](N1CC)([O-:10])[O:21][H])[H])CC 21=20;20,10=10"
"CN([C:20]1(OC(C(C([O:21]1)C1=CC=CC=C1)[H])CCCCCC)[O-:10])[H]>>CN([C:20](=[O:10])OC(C(C([O-:21])C1=CC=CC=C1)[H])CCCCCC)[H] 10=20;20,21=21"
"C9=CC=CC=C9[NH+:10]([H])[C:20]1([NH:21]C6=CC=CC=C6)[NH][CH](C7=CC=CC=C7)C([H])[CH]([H])[NH]1.[Cl-]>>[Cl-].C6=CC=CC=C6[NH+:21]=[C:20]2[NH][CH](C7=CC=CC=C7)[CH]([H])C([H])[NH]2.C9=CC=CC=C9[NH:10][H] 21=20;20,10=10"
"C1=CC=CC=C1N([C:20]([O-:10])(OCCCCCC)[Cl:21])[H]>>C1=CC=CC=C1N([C:20](=[O:10])OCCCCCC)[H].[Cl-:21] 10=20;20,21=21"
"CCCCCCC1C(C(O[C:20](N1CCCCCC)([O-:10])[Cl:21])[H])CCCCCC>>CCCCCCC1C(C(O[C:20](=[O:10])N1CCCCCC)[H])CCCCCC.[Cl-:21] 10=20;20,21=21"
"[H][NH:10]C([H])C([H])[O][C:20]([O]C7=CC=CC=C7)=[NH+:21]C.[Cl-]>>[Cl-].[H][NH+:10](C([H])C([H])[O]1)[C:20]1([NH:21]C)[O]C7=CC=CC=C7 10=20;20,21=21"
"[H][O+:10](C(C)C(C)C(C8=CC=CC=C8)[O]1)[C:20]1([NH:21]C)[O]CC.[Cl-]>>[Cl-].[H][O:10]C(C)C(C)C(C8=CC=CC=C8)[O][C:20]([O]CC)=[NH+:21]C 21=20;20,10=10"
"[H][O+:10](C(C)C(C)C([H])[O]1)[C:20]1([NH:21]CC)[O]C.[Cl-]>>[Cl-].[H][O:10]C(C)C(C)C([H])[O][C:20]([O]C)=[NH+:21]CC 21=20;20,10=10"
"[NH:10](C)C(C)C([H])C([C:20](OC)=[O:21])O>>[O-:21][C:20]1(OC)[NH+:10](C)C(C)C([H])C1O 10=20;20,21=21"
"CC[NH:10][H].C[NH+:21]=[C:20]([O]C)[O][H].[Cl-]>>[Cl-].CC[NH+:10]([H])[C:20]([NH:21]C)([O]C)[O][H] 10=20;20,21=21"
"[OH:10]C(C(C1=C(C=CC=C1)[CH:20](OC)=[OH+:21])O)[H]>>[OH:21][CH:20]2(OC)C3=C(C(C([OH+:10]2)[H])O)C=CC=C3 10=20;20,21=21"
"[H][NH+:21]=[C:20]2[O][CH](C)[CH]([H])C(C8=CC=CC=C8)[NH]2.[H][O:10][H].[Cl-]>>[Cl-].[H][O+:10]([H])[C:20]1([NH:21][H])[O][CH](C)C([H])[CH](C8=CC=CC=C8)[NH]1 10=20;20,21=21"
"[H][NH+:10](C(C9=CC=CC=C9)C([H])C([H])[NH]1)[C:20]1([NH:21]C6=CC=CC=C6)[O]C7=CC=CC=C7.[Cl-]>>[Cl-].[H][NH:10]C(C9=CC=CC=C9)C([H])C([H])[NH][C:20]([O]C7=CC=CC=C7)=[NH+:21]C6=CC=CC=C6 21=20;20,10=10"
"[H]C1C(C(O[C:20](=[O:10])N1CCCCCC)C1=CC=CC=C1)CCCCCC.[O-:21]CC>>[H]C1C(C(O[C:20](N1CCCCCC)([O-:10])[O:21]CC)C1=CC=CC=C1)CCCCCC 21=20;20,10=10"
"C9=CC=CC=C9[O+:10]([H])[C:20]1([NH:21]C6=CC=CC=C6)[O][CH](CC)C(C)[CH](C)[NH]1.[Cl-]>>[Cl-].C6=CC=CC=C6[NH+:21]=[C:20]2[O][CH](CC)[CH](C)C(C)[NH]2.C9=CC=CC=C9[O:10][H] 21=20;20,10=10"
"C9=CC=CC=C9[S+:10]([H])[C:20]1([O:21][Si](C)(C)(C))[S]C(C7=CC=CC=C7)C(CC)[O]1.[Cl-]>>[Cl-].[Si](C)(C)(C)[O+:21]=[C:20]2[S]C(C7=CC=CC=C7)C(CC)[O]2.C9=CC=CC=C9[S:10][H] 21=20;20,10=10"
"C6=CC=CC=C6[NH+:21]=[C:20]2[O][CH](CC)[CH]([H])C(C)[O]2.C9=CC=CC=C9[NH:10][H].[Cl-]>>[Cl-].C9=CC=CC=C9[NH+:10]([H])[C:20]1([NH:21]C6=CC=CC=C6)[O][CH](CC)C([H])[CH](C)[O]1 10=20;20,21=21"
"C[O:10][H].C[O+:21]=[C:20]([S]C8=CC=CC=C8)[O]C.[Cl-]>>[Cl-].C[O+:10]([H])[C:20]([O:21]C)([S]C8=CC=CC=C8)[O]C 10=20;20,21=21"
"[H][O+:10](C(C)C([H])C(C)[NH]1)[C:20]1([NH:21][H])[O][H].[Cl-]>>[Cl-].[H][O:10]C(C)C([H])C(C)[NH][C:20]([O][H])=[NH+:21][H] 21=20;20,10=10"
"CC[O+:10]([H])[C:20]1([NH:21]C6=CC=CC=C6)[NH][CH](C7=CC=CC=C7)C(C)[CH]([H])[NH]1.[Cl-]>>[Cl-].C6=CC=CC=C6[NH+:21]=[C:20]2[NH][CH](C7=CC=CC=C7)[CH](C)C([H])[NH]2.CC[O:10][H] 21=20;20,10=10"
"CCN([C:20](=[O:10])OC)CC.[O-:21]C>>CCN([C:20]([O-:10])(OC)[O:21]C)CC 21=20;20,10=10"
"C9=CC=CC=C9[O+:10]([H])[C:20]1([O:21]C)[S]C(CC)C(C8=CC=CC=C8)[S]1.[Cl-]>>[Cl-].C[O+:21]=[C:20]2[S]C(CC)C(C8=CC=CC=C8)[S]2.C9=CC=CC=C9[O:10][H] 21=20;20,10=10"
"[Li][O+:21]([C:20]([O-:10])(OC)OCC)[H]>>[Li][O:21][H].[C:20](=[O:10])(OC)OCC 10=20;20,21=21"
"CCC1C(C(O[C:20](=[O:10])N1CC)C1=CC=CC=C1)[H].[O-:21][H]>>CCC1C(C(O[C:20](N1CC)([O-:10])[O:21][H])C1=CC=CC=C1)[H] 21=20;20,10=10"
"C[NH+:10]([H])[C:20]([NH:21]C)([NH]C)[O]C.[Cl-]>>[Cl-].C[NH:10][H].C[NH+:21]=[C:20]([NH]C)[O]C 21=20;20,10=10"
"CCCCCCC1C(C(O[C:20](=[O:10])N1[H])[H])CC.[O-:21]CC>>CCCCCCC1C(C(O[C:20](N1[H])([O-:10])[O:21]CC)[H])CC 21=20;20,10=10"
"[OH:21][C:20]1(C)C([H])=C([H])C([H])C([H])[OH+:10]1>>[OH:10]C([H])C([H])/C([H])=C([H])\[C:20](C)=[OH+:21] 21=20;20,10=10"
"CN([C:20](=[O:10])OC(C(C([O-:21])[H])[H])C1=CC=CC=C1)CCCCCC>>CN([C:20]1(OC(C(C([O:21]1)[H])[H])C1=CC=CC=C1)[O-:10])CCCCCC 21=20;20,10=10"
"[H][O+:10](C(C)C(CC)[NH]1)[C:20]1([NH:21]C6=CC=CC=C6)[O]C7=CC=CC=C7.[Cl-]>>[Cl-].[H][O:10]C(C)C(CC)[NH][C:20]([O]C7=CC=CC=C7)=[NH+:21]C6=CC=CC=C6 21=20;20,10=10"
"C1=CC=CC=C1C1C(C(O[C:20](N1C1=CC=CC=C1)([O-:10])[Cl:21])[H])C>>C1=CC=CC=C1C1C(C(O[C:20](=[O:10])N1C1=CC=CC=C1)[H])C.[Cl-:21] 10=20;20,21=21"
"[H][O:10]C(C)C([H])C([H])[O][C:20]([S]C7=CC=CC=C7)=[O+:21]C.[Cl-]>>[Cl-].[H][O+:10](C(C)C([H])C([H])[O]1)[C:20]1([O:21]C)[S]C7=CC=CC=C7 10=20;20,21=21"
"[H][NH:10]C([H])C([H])C(C)[NH][C:20]([O]C7=CC=CC=C7)=[NH+:21]CC.[Cl-]>>[Cl-].[H][NH+:10](C([H])C([H])C(C)[NH]1)[C:20]1([NH:21]CC)[O]C7=CC=CC=C7 10=20;20,21=21"
"C1(C(O[C:20]([O-:10])([O:21]C1C)OCC)C1=CC=CC=C1)[H]>>C(C([O-:21])C)(C(O[C:20](=[O:10])OCC)C1=CC=CC=C1)[H] 10=20;20,21=21"
"C[S+:10]([H])[C:20]1([O:21][H])[O]C(C)C(CC)[O]1.[Cl-]>>[Cl-].[H][O+:21]=[C:20]2[O]C(C)C(CC)[O]2.C[S:10][H] 21=20;20,10=10"
"[H][NH+:21]=[C:20]2[NH][CH](C7=CC=CC=C7)[CH](C)C(C)[NH]2.C9=CC=CC=C9[O:10][H].[Cl-]>>[Cl-].C9=CC=CC=C9[O+:10]([H])[C:20]1([NH:21][H])[NH][CH](C7=CC=CC=C7)C(C)[CH](C)[NH]1 10=20;20,21=21"
"[H][O:10]C([H])C([H])C(CC)[O][C:20]([NH]C)=[NH+:21]C.[Cl-]>>[Cl-].[H][O+:10](C([H])C([H])C(CC)[O]1)[C:20]1([NH:21]C)[NH]C 10=20;20,21=21"
"[O-:21][C:20]1(OC)C(O)C(O)C(C)C([H])[NH+:10]1([H])>>[NH:10]([H])C([H])C(C)C(O)C(O)[C:20](OC)=[O:21] 21=20;20,10=10"
"C6=CC=CC=C6[NH+:21]=[C:20]2[O]C([H])C([H])[NH]2.C[O:10][H].[Cl-]>>[Cl-].C[O+:10]([H])[C:20]1([NH:21]C6=CC=CC=C6)[O]C([H])C([H])[NH]1 10=20;20,21=21"
"[O:10]([Na])C([H])C(C)C([H])C(O)[C:20]([H])=[O:21]>>[O-:21][C:20]1([H])C(O)C([H])C(C)C([H])[O+:10]1([Na]) 10=20;20,21=21"
"[H][NH:10]C(CC)C([H])[NH][C:20]([O]CC)=[NH+:21][H].[Cl-]>>[Cl-].[H][NH+:10](C(CC)C([H])[NH]1)[C:20]1([NH:21][H])[O]CC 10=20;20,21=21"
"[OH:21][C:20]1(OC)C(C)C([H])C([H])C(C)[OH+:10]1>>[OH:10]C(C)C([H])C([H])C(C)[C:20](OC)=[OH+:21] 21=20;20,10=10"
"CC[O+:10]([H])[C:20]1([O:21][H])[S][CH]([H])C(C)[CH](C8=CC=CC=C8)[O]1.[Cl-]>>[Cl-].[H][O+:21]=[C:20]2[S][CH]([H])[CH](C)C(C8=CC=CC=C8)[O]2.CC[O:10][H] 21=20;20,10=10"
"C9=CC=CC=C9[S+:10]([H])[C:20]1([O:21][Si](C)(C)(C))[S]C(CC)C([H])[O]1.[Cl-]>>[Cl-].[Si](C)(C)(C)[O+:21]=[C:20]2[S]C(CC)C([H])[O]2.C9=CC=CC=C9[S:10][H] 21=20;20,10=10"
"CCCCCCN([C:20]1(OC(C(C([O:21]1)C1=CC=CC=C1)C)C1=CC=CC=C1)[O-:10])CCCCCC>>CCCCCCN([C:20](=[O:10])OC(C(C([O-:21])C1=CC=CC=C1)C)C1=CC=CC=C1)CCCCCC 10=20;20,21=21"
"CCCCCCC1C(C(O[C:20](N1C)([O-:10])[O:21]C1=CC=CC=C1)[H])C>>CCCCCCC1C(C(O[C:20](=[O:10])N1C)[H])C.[O-:21]C1=CC=CC=C1 10=20;20,21=21"
"[O-:21][C:20]1(OC)C(C)C([H])=C(C)C([H])[O+:10]1([K])>>[O:10]([K])C([H])/C(C)=C([H])\C(C)[C:20](OC)=[O:21] 21=20;20,10=10"
"C1(C(O[C:20]([O-:10])([O:21]C1C1=CC=CC=C1)O[H])[H])CCCCCC>>C(C([O-:21])C1=CC=CC=C1)(C(O[C:20](=[O:10])O[H])[H])CCCCCC 10=20;20,21=21"
"C[O+:21]=[C:20]2[S][CH]([H])[CH]([H])C(CC)[O]2.C9=CC=CC=C9[S:10][H].[Cl-]>>[Cl-].C9=CC=CC=C9[S+:10]([H])[C:20]1([O:21]C)[S][CH]([H])C([H])[CH](CC)[O]1 10=20;20,21=21"
"[O-:21][C:20]1(C)[O+:10]([Na])C(CC)C(C)C1[H]>>[O:10]([Na])C(CC)C(C)C([C:20](C)=[O:21])[H] 21=20;20,10=10"
"[H][S:10]C(CC)C([H])[S][C:20]([S][H])=[O+:21][H].[Cl-]>>[Cl-].[H][S+:10](C(CC)C([H])[S]1)[C:20]1([O:21][H])[S][H] 10=20;20,21=21"
"C[O+:10]([H])[C:20]1([NH:21]C6=CC=CC=C6)[NH][CH](C)C(C)[CH](C8=CC=CC=C8)[O]1.[Cl-]>>[Cl-].C6=CC=CC=C6[NH+:21]=[C:20]2[NH][CH](C)[CH](C)C(C8=CC=CC=C8)[O]2.C[O:10][H] 21=20;20,10=10"
"C[NH+:10]([H])[C:20]1([NH:21]C)[O]C(C)C(C8=CC=CC=C8)[NH]1.[Cl-]>>[Cl-].C[NH+:21]=[C:20]2[O]C(C)C(C8=CC=CC=C8)[NH]2.C[NH:10][H] 21=20;20,10=10"
"C6=CC=CC=C6[NH+:21]=[C:20]2[O][CH](C7=CC=CC=C7)[CH](C)C([H])[NH]2.[H][O:10][H].[Cl-]>>[Cl-].[H][O+:10]([H])[C:20]1([NH:21]C6=CC=CC=C6)[O][CH](C7=CC=CC=C7)C(C)[CH]([H])[NH]1 10=20;20,21=21"
"C[O+:10]([H])[C:20]1([NH:21][H])[NH]C(CC)C(CC)[NH]1.[Cl-]>>[Cl-].[H][NH+:21]=[C:20]2[NH]C(CC)C(CC)[NH]2.C[O:10][H] 21=20;20,10=10"
"C[O+:21]=[C:20]2[S][CH](C)[CH]([H])C(CC)[O]2.C[O:10][H].[Cl-]>>[Cl-].C[O+:10]([H])[C:20]1([O:21]C)[S][CH](C)C([H])[CH](CC)[O]1 10=20;20,21=21"
"[NH:10](C)C(C)C([H])/C([H])=C([H])\[C:20](C)=[O:21]>>[O-:21][C:20]1(C)C([H])=C([H])C([H])C(C)[NH+:10]1(C) 10=20;20,21=21"
"C[NH+:21]=[C:20]2[NH][CH](C)[CH](C)C(CC)[O]2.C[NH:10][H].[Cl-]>>[Cl-].C[NH+:10]([H])[C:20]1([NH:21]C)[NH][CH](C)C(C)[CH](CC)[O]1 10=20;20,21=21"
"[O-:21][C:20]1(C)C(C)C([H])C([H])C(CC)[NH+:10]1(C)>>[NH:10](C)C(CC)C([H])C([H])C(C)[C:20](C)=[O:21] 21=20;20,10=10"
"CC[O+:10]([K])[C:21]([O-:20])(OCC)OC>>[O:20]=[C:21](OCC)OC.CC[O:10][K] 20=21;21,10=10"
"[Na][O:21]CC.[C:20](=[O:10])(OCC)OCCCCCC>>[Na][O+:21]([C:20]([O-:10])(OCC)OCCCCCC)CC 21=20;20,10=10"
"[O-:10]C(CCC)/C([H])=C([H])\C(C)[C:20](C)=[O:21]>>[O-:21][C:20]1(C)C(C)C([H])=C([H])C(CCC)[O:10]1 10=20;20,21=21"
"[H][O+:10](C(C9=CC=CC=C9)C(C)C(CC)[O]1)[C:20]1([NH:21]C)[O]C7=CC=CC=C7.[Cl-]>>[Cl-].[H][O:10]C(C9=CC=CC=C9)C(C)C(CC)[O][C:20]([O]C7=CC=CC=C7)=[NH+:21]C 21=20;20,10=10"
"C9=CC=CC=C9[S+:10]([H])[C:20]1([O:21]C)[S]C(CC)C([H])[S]1.[Cl-]>>[Cl-].C[O+:21]=[C:20]2[S]C(CC)C([H])[S]2.C9=CC=CC=C9[S:10][H] 21=20;20,10=10"
"CCN([C:20]1(OC(C(C([O:21]1)CCCCCC)C)CC)[O-:10])CC>>CCN([C:20](=[O:10])OC(C(C([O-:21])CCCCCC)C)CC)CC 10=20;20,21=21"
"C1=CC=CC=C1N([C:20]([O-:10])(OC)[O:21]CC)[H]>>C1=CC=CC=C1N([C:20](=[O:10])OC)[H].[O-:21]CC 10=20;20,21=21"
"[H][O:10]C(C)C(CC)[S][C:20]([S][H])=[O+:21][Si](C)(C)(C).[Cl-]>>[Cl-].[H][O+:10](C(C)C(CC)[S]1)[C:20]1([O:21][Si](C)(C)(C))[S][H] 10=20;20,21=21"
"C6=CC=CC=C6[NH+:21]=[C:20]2[NH][CH](C7=CC=CC=C7)[CH]([H])C(CC)[NH]2.C9=CC=CC=C9[NH:10][H].[Cl-]>>[Cl-].C9=CC=CC=C9[NH+:10]([H])[C:20]1([NH:21]C6=CC=CC=C6)[NH][CH](C7=CC=CC=C7)C([H])[CH](CC)[NH]1 10=20;20,21=21"
"[H][S:10]C(C)C([H])C(C8=CC=CC=C8)[O][C:20]([S]C7=CC=CC=C7)=[O+:21]C.[Cl-]>>[Cl-].[H][S+:10](C(C)C([H])C(C8=CC=CC=C8)[O]1)[C:20]1([O:21]C)[S]C7=CC=CC=C7 10=20;20,21=21"
"[H]C1C(C(O[C:20](N1CCCCCC)([O-:10])[O:21]CCCCCC)CCCCCC)C>>[H]C1C(C(O[C:20](=[O:10])N1CCCCCC)CCCCCC)C.[O-:21]CCCCCC 10=20;20,21=21"
"[H][NH+:21]=[C:20]2[O][CH]([H])[CH]([H])C(C)[O]2.CC[O:10][H].[Cl-]>>[Cl-].CC[O+:10]([H])[C:20]1([NH:21][H])[O][CH]([H])C([H])[CH](C)[O]1 10=20;20,21=21"
"[H][NH:10]C([H])C([H])C(C)[NH][C:20]([NH][H])=[NH+:21]C.[Cl-]>>[Cl-].[H][NH+:10](C([H])C([H])C(C)[NH]1)[C:20]1([NH:21]C)[NH][H] 10=20;20,21=21"
"CC[NH+:10]([H])[C:20]1([NH:21][H])[NH][CH](C)C(C)[CH](CC)[NH]1.[Cl-]>>[Cl-].[H][NH+:21]=[C:20]2[NH][CH](C)[CH](C)C(CC)[NH]2.CC[NH:10][H] 21=20;20,10=10"
"CC[NH+:21]=[C:20]2[O]C(C7=CC=CC=C7)C(CC)[NH]2.C[NH:10][H].[Cl-]>>[Cl-].C[NH+:10]([H])[C:20]1([NH:21]CC)[O]C(C7=CC=CC=C7)C(CC)[NH]1 10=20;20,21=21"
"CCCCCCN([C:20](=[O:10])OC(C(C([O-:21])CCCCCC)[H])CCCCCC)CC>>CCCCCCN([C:20]1(OC(C(C([O:21]1)CCCCCC)[H])CCCCCC)[O-:10])CC 21=20;20,10=10"
"[H][S:10]C([H])C([H])[O][C:20]([S]CC)=[O+:21]C.[Cl-]>>[Cl-].[H][S+:10](C([H])C([H])[O]1)[C:20]1([O:21]C)[S]CC 10=20;20,21=21"
"[Li][O+:21]([C:20]([O-:10])(OC1=CC=CC=C1)OCC)C>>[Li][O:21]C.[C:20](=[O:10])(OC1=CC=CC=C1)OCC 10=20;20,21=21"
"CN([C:20]1(OC(C(C([O:21]1)C1=CC=CC=C1)CC)C)[O-:10])C1=CC=CC=C1>>CN([C:20](=[O:10])OC(C(C([O-:21])C1=CC=CC=C1)CC)C)C1=CC=CC=C1 10=20;20,21=21"
"[H][O:10][H].[H][NH+:21]=[C:20]([O]C8=CC=CC=C8)[NH][H].[Cl-]>>[Cl-].[H][O+:10]([H])[C:20]([NH:21][H])([O]C8=CC=CC=C8)[NH][H] 10=20;20,21=21"
"[H][O+:21]=[C:20]2[O][CH](CC)[CH](C)C(C8=CC=CC=C8)[S]2.[H][O:10][H].[Cl-]>>[Cl-].[H][O+:10]([H])[C:20]1([O:21][H])[O][CH](CC)C(C)[CH](C8=CC=CC=C8)[S]1 10=20;20,21=21"
"[H][O+:10]([H])[C:20]([NH:21]C6=CC=CC=C6)([NH][H])[O]CC.[Cl-]>>[Cl-].[H][O:10][H].C6=CC=CC=C6[NH+:21]=[C:20]([NH][H])[O]CC 21=20;20,10=10"
"CCC1C(O[C:20](=[O:10])N1[H])CC.[O-:21]CCCCCC>>CCC1C(O[C:20](N1[H])([O-:10])[O:21]CCCCCC)CC 21=20;20,10=10"
"C1=CC=CC=C1C1C(C(O[C:20](N1CC)([O-:10])[Cl:21])C1=CC=CC=C1)[H]>>C1=CC=CC=C1C1C(C(O[C:20](=[O:10])N1CC)C1=CC=CC=C1)[H].[Cl-:21] 10=20;20,21=21"
"CC[O:10][H].C[O+:21]=[C:20]([O]C8=CC=CC=C8)[O]C7=CC=CC=C7.[Cl-]>>[Cl-].CC[O+:10]([H])[C:20]([O:21]C)([O]C8=CC=CC=C8)[O]C7=CC=CC=C7 10=20;20,21=21"
"[H][S+:10]([H])[C:20]1([O:21]C)[S]C(C)C(CC)[O]1.[Cl-]>>[Cl-].C[O+:21]=[C:20]2[S]C(C)C(CC)[O]2.[H][S:10][H] 21=20;20,10=10"
"[H][NH+:10](C(C9=CC=CC=C9)C(C)C(CC)[O]1)[C:20]1([NH:21]C6=CC=CC=C6)[O]C7=CC=CC=C7.[Cl-]>>[Cl-].[H][NH:10]C(C9=CC=CC=C9)C(C)C(CC)[O][C:20]([O]C7=CC=CC=C7)=[NH+:21]C6=CC=CC=C6 21=20;20,10=10"
"CCN([C:20]([O-:10])(O[H])[Cl:21])CCCCCC>>CCN([C:20](=[O:10])O[H])CCCCCC.[Cl-:21] 10=20;20,21=21"
"C[NH+:21]=[C:20]2[O][CH](C)[CH](C)C(CC)[O]2.C9=CC=CC=C9[O:10][H].[Cl-]>>[Cl-].C9=CC=CC=C9[O+:10]([H])[C:20]1([NH:21]C)[O][CH](C)C(C)[CH](CC)[O]1 10=20;20,21=21"
"CC[O+:10]([H])[C:20]([O:21][Si](C)(C)(C))([S]C)[O]CC.[Cl-]>>[Cl-].CC[O:10][H].[Si](C)(C)(C)[O+:21]=[C:20]([S]C)[O]CC 21=20;20,10=10"
"[H][O+:10](C(CC)C(C)C([H])[O]1)[C:20]1([O:21][H])[O]C7=CC=CC=C7.[Cl-]>>[Cl-].[H][O:10]C(CC)C(C)C([H])[O][C:20]([O]C7=CC=CC=C7)=[O+:21][H] 21=20;20,10=10"
"[H][O+:10](C(C)C(C)C(C8=CC=CC=C8)[O]1)[C:20]1([NH:21]CC)[NH]CC.[Cl-]>>[Cl-].[H][O:10]C(C)C(C)C(C8=CC=CC=C8)[O][C:20]([NH]CC)=[NH+:21]CC 21=20;20,10=10"
"[H][S+:10](C([H])C(C)C(C)[S]1)[C:20]1([O:21][H])[S][H].[Cl-]>>[Cl-].[H][S:10]C([H])C(C)C(C)[S][C:20]([S][H])=[O+:21][H] 21=20;20,10=10"
"[H]N([C:20](=[O:10])OC(C([O-:21])CCCCCC)C1=CC=CC=C1)C>>[H]N([C:20]1(OC(C([O:21]1)CCCCCC)C1=CC=CC=C1)[O-:10])C 21=20;20,10=10"
"[H][O+:21]=[C:20]2[S]C(C)C([H])[O]2.C[O:10][H].[Cl-]>>[Cl-].C[O+:10]([H])[C:20]1([O:21][H])[S]C(C)C([H])[O]1 10=20;20,21=21"
"[H][S:10]C(CC)C([H])C(C)[S][C:20]([O]C7=CC=CC=C7)=[O+:21][H].[Cl-]>>[Cl-].[H][S+:10](C(CC)C([H])C(C)[S]1)[C:20]1([O:21][H])[O]C7=CC=CC=C7 10=20;20,21=21"
"[NH:10](C)C(C1=C(C([CH:20](C)=[O:21])O)C=CC=C1)[H]>>[O-:21][CH:20]2(C)C(C3=C(C([NH+:10]2(C))[H])C=CC=C3)O 10=20;20,21=21"
"[H][S:10]C(CC)C(C8=CC=CC=C8)[O][C:20]([S]C7=CC=CC=C7)=[O+:21][Si](C)(C)(C).[Cl-]>>[Cl-].[H][S+:10](C(CC)C(C8=CC=CC=C8)[O]1)[C:20]1([O:21][Si](C)(C)(C))[S]C7=CC=CC=C7 10=20;20,21=21"
"CC[NH+:21]=[C:20]2[O]C(C)C(C)[NH]2.[H][O:10][H].[Cl-]>>[Cl-].[H][O+:10]([H])[C:20]1([NH:21]CC)[O]C(C)C(C)[NH]1 10=20;20,21=21"
"C9=CC=CC=C9[O+:10]([H])[C:20]1([O:21]C)[S][CH](C7=CC=CC=C7)C([H])[CH](C8=CC=CC=C8)[S]1.[Cl-]>>[Cl-].C[O+:21]=[C:20]2[S][CH](C7=CC=CC=C7)[CH]([H])C(C8=CC=CC=C8)[S]2.C9=CC=CC=C9[O:10][H] 21=20;20,10=10"
"[O-:21][C:20]1(OCC)C(O)C(C)C([H])C([H])[NH+:10]1(C)>>[NH:10](C)C([H])C([H])C(C)C(O)[C:20](OCC)=[O:21] 21=20;20,10=10"
"[H][O+:10]([H])[C:20]([NH:21][H])([O][H])[NH]C.[Cl-]>>[Cl-].[H][O:10][H].[H][NH+:21]=[C:20]([O][H])[NH]C 21=20;20,10=10"
"CCCCCCC1C(C(O[C:20](=[O:10])N1CC)C1=CC=CC=C1)[H].[O-:21]C1=CC=CC=C1>>CCCCCCC1C(C(O[C:20](N1CC)([O-:10])[O:21]C1=CC=CC=C1)C1=CC=CC=C1)[H] 21=20;20,10=10"
"C(C(O[C:20](=[O:10])OCCCCCC)[H])([O-:21])[H]>>C1(C([O:21][C:20](O1)([O-:10])OCCCCCC)[H])[H] 21=20;20,10=10"
"[H][O+:21]=[C:20]2[S]C(C)C(C)[O]2.C[O:10][H].[Cl-]>>[Cl-].C[O+:10]([H])[C:20]1([O:21][H])[S]C(C)C(C)[O]1 10=20;20,21=21"
"C9=CC=CC=C9[O+:10]([H])[C:20]1([NH:21]C6=CC=CC=C6)[O][CH](C)C([H])[CH]([H])[O]1.[Cl-]>>[Cl-].C6=CC=CC=C6[NH+:21]=[C:20]2[O][CH](C)[CH]([H])C([H])[O]2.C9=CC=CC=C9[O:10][H] 21=20;20,10=10"
"C9=CC=CC=C9[O+:10]([H])[C:20]([NH:21]CC)([O]C8=CC=CC=C8)[O]C7=CC=CC=C7.[Cl-]>>[Cl-].C9=CC=CC=C9[O:10][H].CC[NH+:21]=[C:20]([O]C8=CC=CC=C8)[O]C7=CC=CC=C7 21=20;20,10=10"
"C[NH+:21]=[C:20]2[NH][CH](C7=CC=CC=C7)[CH]([H])C(C8=CC=CC=C8)[O]2.C9=CC=CC=C9[O:10][H].[Cl-]>>[Cl-].C9=CC=CC=C9[O+:10]([H])[C:20]1([NH:21]C)[NH][CH](C7=CC=CC=C7)C([H])[CH](C8=CC=CC=C8)[O]1 10=20;20,21=21"
"C1(C(O[C:20]([O-:10])([O:21]C1C)OCC)CCCCCC)CCCCCC>>C(C([O-:21])C)(C(O[C:20](=[O:10])OCC)CCCCCC)CCCCCC 10=20;20,21=21"
"CCCCCCC1C(C(O[C:20](N1C1=CC=CC=C1)([O-:10])[Cl:21])[H])CC>>CCCCCCC1C(C(O[C:20](=[O:10])N1C1=CC=CC=C1)[H])CC.[Cl-:21] 10=20;20,21=21"
"[H][S+:10](C([H])C(C)C(C8=CC=CC=C8)[S]1)[C:20]1([O:21][H])[S]CC.[Cl-]>>[Cl-].[H][S:10]C([H])C(C)C(C8=CC=CC=C8)[S][C:20]([S]CC)=[O+:21][H] 21=20;20,10=10"
"C[O+:10]([H])[C:20]1([NH:21]C)[NH]C(C)C([H])[O]1.[Cl-]>>[Cl-].C[NH+:21]=[C:20]2[NH]C(C)C([H])[O]2.C[O:10][H] 21=20;20,10=10"
"[H][O+:10](C(CC)C([H])C([H])[O]1)[C:20]1([O:21]C)[S]C7=CC=CC=C7.[Cl-]>>[Cl-].[H][O:10]C(CC)C([H])C([H])[O][C:20]([S]C7=CC=CC=C7)=[O+:21]C 21=20;20,10=10"
"CC[NH+:21]=[C:20]2[O]C(C)C(CC)[O]2.[H][O:10][H].[Cl-]>>[Cl-].[H][O+:10]([H])[C:20]1([NH:21]CC)[O]C(C)C(CC)[O]1 10=20;20,21=21"
"C6=CC=CC=C6[NH+:21]=[C:20]2[NH]C([H])C(C)[O]2.C[NH:10][H].[Cl-]>>[Cl-].C[NH+:10]([H])[C:20]1([NH:21]C6=CC=CC=C6)[NH]C([H])C(C)[O]1 10=20;20,21=21"
"[H][O+:21]=[C:20]2[O][CH](CC)[CH]([H])C(CC)[O]2.C9=CC=CC=C9[O:10][H].[Cl-]>>[Cl-].C9=CC=CC=C9[O+:10]([H])[C:20]1([O:21][H])[O][CH](CC)C([H])[CH](CC)[O]1 10=20;20,21=21"
"[O:21]=[C:20](OC)OC1=CC=CC=C1.[O-:10][H]>>[H][O:10][C:20]([O-:21])(OC)OC1=CC=CC=C1 10=20;20,21=21"
"[H]N([C:20]([O-:10])([O:21]N1C(=O)CCC1=O)CC)[H]>>[H]N([C:20](=[O:10])CC)[H].C1CC(=O)N(C1=O)[O-:21] 10=20;20,21=21"
"[H][NH:10]C(CC)C([H])C([H])[O][C:20]([NH][H])=[NH+:21]C6=CC=CC=C6.[Cl-]>>[Cl-].[H][NH+:10](C(CC)C([H])C([H])[O]1)[C:20]1([NH:21]C6=CC=CC=C6)[NH][H] 10=20;20,21=21"
"C[O+:21]=[C:20]2[S]C(CC)C(C8=CC=CC=C8)[S]2.C[O:10][H].[Cl-]>>[Cl-].C[O+:10]([H])[C:20]1([O:21]C)[S]C(CC)C(C8=CC=CC=C8)[S]1 10=20;20,21=21"
"[H][O+:10]([H])[C:20]1([NH:21]CC)[O]C(C)C(C)[NH]1.[Cl-]>>[Cl-].CC[NH+:21]=[C:20]2[O]C(C)C(C)[NH]2.[H][O:10][H] 21=20;20,10=10"
"[O:10]([K])C(CC)C(C)C([H])C([H])[C:20]([H])=[O:21]>>[O-:21][C:20]1([H])C([H])C([H])C(C)C(CC)[O+:10]1([K]) 10=20;20,21=21"
"CC[NH+:21]=[C:20]2[O]C(CC)C(C)[O]2.C[NH:10][H].[Cl-]>>[Cl-].C[NH+:10]([H])[C:20]1([NH:21]CC)[O]C(CC)C(C)[O]1 10=20;20,21=21"
"C6=CC=CC=C6[NH+:21]=[C:20]2[O][CH](CC)[CH]([H])C(C8=CC=CC=C8)[NH]2.C[O:10][H].[Cl-]>>[Cl-].C[O+:10]([H])[C:20]1([NH:21]C6=CC=CC=C6)[O][CH](CC)C([H])[CH](C8=CC=CC=C8)[NH]1 10=20;20,21=21"
"[O:10]([K])C(CC)C([H])C(C)C(C)[C:20](C)=[O:21]>>[O-:21][C:20]1(C)C(C)C(C)C([H])C(CC)[O+:10]1([K]) 10=20;20,21=21"
"[H][O:10]C(C9=CC=CC=C9)C([H])C(C)[NH][C:20]([NH]CC)=[NH+:21]CC.[Cl-]>>[Cl-].[H][O+:10](C(C9=CC=CC=C9)C([H])C(C)[NH]1)[C:20]1([NH:21]CC)[NH]CC 10=20;20,21=21"
"[H]C1C(C(O[C:20](N1[H])([O-:10])[O:21]C)[H])CC>>[H]C1C(C(O[C:20](=[O:10])N1[H])[H])CC.[O-:21]C 10=20;20,21=21"
"C[S:10][H].[H][O+:21]=[C:20]([O]CC)[O][H].[Cl-]>>[Cl-].C[S+:10]([H])[C:20]([O:21][H])([O]CC)[O][H] 10=20;20,21=21"
"[H]C1C(O[C:20](=[O:10])N1C)CCCCCC.[O-:21]CC>>[H]C1C(O[C:20](N1C)([O-:10])[O:21]CC)CCCCCC 21=20;20,10=10"
"[H][O+:10]([H])[C:20]1([NH:21]C6=CC=CC=C6)[NH][CH]([H])C(C)[CH]([H])[O]1.[Cl-]>>[Cl-].C6=CC=CC=C6[NH+:21]=[C:20]2[NH][CH]([H])[CH](C)C([H])[O]2.[H][O:10][H] 21=20;20,10=10"
"C9=CC=CC=C9[NH+:10]([H])[C:20]([NH:21][H])([O][H])[NH]CC.[Cl-]>>[Cl-].C9=CC=CC=C9[NH:10][H].[H][NH+:21]=[C:20]([O][H])[NH]CC 21=20;20,10=10"
"[H][NH:10]C(C)C(CC)[NH][C:20]([NH]CC)=[NH+:21]C.[Cl-]>>[Cl-].[H][NH+:10](C(C)C(CC)[NH]1)[C:20]1([NH:21]C)[NH]CC 10=20;20,21=21"
"[H][O+:10](C(C9=CC=CC=C9)C([H])C(CC)[O]1)[C:20]1([NH:21][H])[O]C7=CC=CC=C7.[Cl-]>>[Cl-].[H][O:10]C(C9=CC=CC=C9)C([H])C(CC)[O][C:20]([O]C7=CC=CC=C7)=[NH+:21][H] 21=20;20,10=10"
"[H][O+:10](C([H])C(CC)[O]1)[C:20]1([NH:21]C)[O]C7=CC=CC=C7.[Cl-]>>[Cl-].[H][O:10]C([H])C(CC)[O][C:20]([O]C7=CC=CC=C7)=[NH+:21]C 21=20;20,10=10"
"[H][S+:10](C([H])C(CC)[S]1)[C:20]1([O:21]C)[S]CC.[Cl-]>>[Cl-].[H][S:10]C([H])C(CC)[S][C:20]([S]CC)=[O+:21]C 21=20;20,10=10"
"[H][S:10]C(C9=CC=CC=C9)C(C)C(CC)[O][C:20]([O]C7=CC=CC=C7)=[O+:21][H].[Cl-]>>[Cl-].[H][S+:10](C(C9=CC=CC=C9)C(C)C(CC)[O]1)[C:20]1([O:21][H])[O]C7=CC=CC=C7 10=20;20,21=21"
"[H][NH+:10](C([H])C([H])C(C8=CC=CC=C8)[O]1)[C:20]1([NH:21]CC)[O]CC.[Cl-]>>[Cl-].[H][NH:10]C([H])C([H])C(C8=CC=CC=C8)[O][C:20]([O]CC)=[NH+:21]CC 21=20;20,10=10"
"[H][NH+:10](C(C9=CC=CC=C9)C([H])C(CC)[NH]1)[C:20]1([NH:21]CC)[NH]C.[Cl-]>>[Cl-].[H][NH:10]C(C9=CC=CC=C9)C([H])C(CC)[NH][C:20]([NH]C)=[NH+:21]CC 21=20;20,10=10"
"[NH:10]([H])C(C)C(O)C(C)C(O)[C:20](OCC)=[O:21]>>[O-:21][C:20]1(OCC)C(O)C(C)C(O)C(C)[NH+:10]1([H]) 10=20;20,21=21"
"C9=CC=CC=C9[O+:10]([H])[C:20]([O:21]C)([S]CC)[S][H].[Cl-]>>[Cl-].C9=CC=CC=C9[O:10][H].C[O+:21]=[C:20]([S]CC)[S][H] 21=20;20,10=10"
"[O:10]([Na])C([H])C([H])C(O)C(O)[C:20](OC)=[O:21]>>[O-:21][C:20]1(OC)C(O)C(O)C([H])C([H])[O+:10]1([Na]) 10=20;20,21=21"
"[H][NH+:10](C([H])C(C)C(CC)[NH]1)[C:20]1([NH:21]CC)[O]C7=CC=CC=C7.[Cl-]>>[Cl-].[H][NH:10]C([H])C(C)C(CC)[NH][C:20]([O]C7=CC=CC=C7)=[NH+:21]CC 21=20;20,10=10"
"[H]N([C:20](=[O:10])OC(C(C([O-:21])[H])[H])C)CC>>[H]N([C:20]1(OC(C(C([O:21]1)[H])[H])C)[O-:10])CC 21=20;20,10=10"
"C1=CC=CC=C1C1C(C(O[C:20](N1C)([O-:10])[O:21]C1=CC=CC=C1)CC)[H]>>C1=CC=CC=C1C1C(C(O[C:20](=[O:10])N1C)CC)[H].[O-:21]C1=CC=CC=C1 10=20;20,21=21"
"[H][O+:10](C(C)C(CC)[NH]1)[C:20]1([NH:21][H])[NH]CC.[Cl-]>>[Cl-].[H][O:10]C(C)C(CC)[NH][C:20]([NH]CC)=[NH+:21][H] 21=20;20,10=10"
"[H][O:10]C(C9=CC=CC=C9)C(C)C(C)[O][C:20]([O]CC)=[NH+:21]CC.[Cl-]>>[Cl-].[H][O+:10](C(C9=CC=CC=C9)C(C)C(C)[O]1)[C:20]1([NH:21]CC)[O]CC 10=20;20,21=21"
"CN([C:20]1(OC(C([O:21]1)C1=CC=CC=C1)CC)[O-:10])[H]>>CN([C:20](=[O:10])OC(C([O-:21])C1=CC=CC=C1)CC)[H] 10=20;20,21=21"
"CC[O:10][H].C[O+:21]=[C:20]([O]C)[S][H].[Cl-]>>[Cl-].CC[O+:10]([H])[C:20]([O:21]C)([O]C)[S][H] 10=20;20,21=21"
"CC[NH+:10]([H])[C:20]1([NH:21]CC)[O][CH]([H])C(C)[CH](C8=CC=CC=C8)[O]1.[Cl-]>>[Cl-].CC[NH+:21]=[C:20]2[O][CH]([H])[CH](C)C(C8=CC=CC=C8)[O]2.CC[NH:10][H] 21=20;20,10=10"
"C1(C([O:21][C:20](O1)([O-:10])OCC)CC)CC>>C(C(O[C:20](=[O:10])OCC)CC)([O-:21])CC 10=20;20,21=21"
"C1=CC=CC=C1N([C:20]1(OC(C([O:21]1)CCCCCC)[H])[O-:10])CC>>C1=CC=CC=C1N([C:20](=[O:10])OC(C([O-:21])CCCCCC)[H])CC 10=20;20,21=21"
"[H][S:10]C([H])C([H])C(C8=CC=CC=C8)[O][C:20]([S]C)=[O+:21]C.[Cl-]>>[Cl-].[H][S+:10](C([H])C([H])C(C8=CC=CC=C8)[O]1)[C:20]1([O:21]C)[S]C 10=20;20,21=21"
"C9=CC=CC=C9[S:10][H].[Si](C)(C)(C)[O+:21]=[C:20]([S]C)[O]C.[Cl-]>>[Cl-].C9=CC=CC=C9[S+:10]([H])[C:20]([O:21][Si](C)(C)(C))([S]C)[O]C 10=20;20,21=21"
"[H][NH:10]C(C9=CC=CC=C9)C(C)C(C8=CC=CC=C8)[NH][C:20]([NH]C)=[NH+:21][H].[Cl-]>>[Cl-].[H][NH+:10](C(C9=CC=CC=C9)C(C)C(C8=CC=CC=C8)[NH]1)[C:20]1([NH:21][H])[NH]C 10=20;20,21=21"
"[Si](C)(C)(C)[O+:21]=[C:20]2[O]C(C)C(C)[O]2.[H][O:10][H].[Cl-]>>[Cl-].[H][O+:10]([H])[C:20]1([O:21][Si](C)(C)(C))[O]C(C)C(C)[O]1 10=20;20,21=21"
"CC1C(C(O[C:20](N1C1=CC=CC=C1)([O-:10])[O:21]C1=CC=CC=C1)CC)C>>CC1C(C(O[C:20](=[O:10])N1C1=CC=CC=C1)CC)C.[O-:21]C1=CC=CC=C1 10=20;20,21=21"
"C(C([O-:21])CCCCCC)(C(O[C:20](=[O:10])OCC)C)CC>>C1(C(O[C:20]([O-:10])([O:21]C1CCCCCC)OCC)C)CC 21=20;20,10=10"
"CC[NH+:10]([H])[C:20]1([NH:21]C6=CC=CC=C6)[O][CH](CC)C([H])[CH](C8=CC=CC=C8)[NH]1.[Cl-]>>[Cl-].C6=CC=CC=C6[NH+:21]=[C:20]2[O][CH](CC)[CH]([H])C(C8=CC=CC=C8)[NH]2.CC[NH:10][H] 21=20;20,10=10"
"[H][NH+:10](C(CC)C(C)C(CC)[O]1)[C:20]1([NH:21]CC)[O]CC.[Cl-]>>[Cl-].[H][NH:10]C(CC)C(C)C(CC)[O][C:20]([O]CC)=[NH+:21]CC 21=20;20,10=10"
"[H]N([C:20](=[O:10])OC(C(C([O-:21])CCCCCC)CCCCCC)CCCCCC)C>>[H]N([C:20]1(OC(C(C([O:21]1)CCCCCC)CCCCCC)CCCCCC)[O-:10])C 21=20;20,10=10"
"[O:10]([K])C(CC)C(O)C([C:20]([H])=[O:21])O>>[O-:21][C:20]1([H])[O+:10]([K])C(CC)C(O)C1O 10=20;20,21=21"
"C9=CC=CC=C9[S:10][H].C[O+:21]=[C:20]([O]C8=CC=CC=C8)[O][H].[Cl-]>>[Cl-].C9=CC=CC=C9[S+:10]([H])[C:20]([O:21]C)([O]C8=CC=CC=C8)[O][H] 10=20;20,21=21"
"[H][O+:10]([H])[C:20]1([NH:21]C)[O][CH](CC)C(C)[CH]([H])[NH]1.[Cl-]>>[Cl-].C[NH+:21]=[C:20]2[O][CH](CC)[CH](C)C([H])[NH]2.[H][O:10][H] 21=20;20,10=10"
"C[NH+:10]([H])[C:20]1([NH:21][H])[NH][CH]([H])C(C)[CH]([H])[O]1.[Cl-]>>[Cl-].[H][NH+:21]=[C:20]2[NH][CH]([H])[CH](C)C([H])[O]2.C[NH:10][H] 21=20;20,10=10"
"C(C([O-:21])CCCCCC)(C(O[C:20](=[O:10])OC)[H])C1=CC=CC=C1>>C1(C(O[C:20]([O-:10])([O:21]C1CCCCCC)OC)[H])C1=CC=CC=C1 21=20;20,10=10"
"[H][NH+:10](C(C9=CC=CC=C9)C([H])C(C)[NH]1)[C:20]1([NH:21]CC)[O]C7=CC=CC=C7.[Cl-]>>[Cl-].[H][NH:10]C(C9=CC=CC=C9)C([H])C(C)[NH][C:20]([O]C7=CC=CC=C7)=[NH+:21]CC 21=20;20,10=10"
"CN([C:20](=[O:10])OC(C([O-:21])CCCCCC)CC)C1=CC=CC=C1>>CN([C:20]1(OC(C([O:21]1)CCCCCC)CC)[O-:10])C1=CC=CC=C1 21=20;20,10=10"
"[H][O:10]C(C9=CC=CC=C9)C([H])[O][C:20]([S][H])=[O+:21]C.[Cl-]>>[Cl-].[H][O+:10](C(C9=CC=CC=C9)C([H])[O]1)[C:20]1([O:21]C)[S][H] 10=20;20,21=21"
"CC[O+:10]([H])[C:20]1([NH:21]C6=CC=CC=C6)[NH][CH]([H])C([H])[CH]([H])[NH]1.[Cl-]>>[Cl-].C6=CC=CC=C6[NH+:21]=[C:20]2[NH][CH]([H])[CH]([H])C([H])[NH]2.CC[O:10][H] 21=20;20,10=10"
"[H][O:10]C(CC)C([H])C([H])[O][C:20]([NH]C)=[NH+:21][H].[Cl-]>>[Cl-].[H][O+:10](C(CC)C([H])C([H])[O]1)[C:20]1([NH:21][H])[NH]C 10=20;20,21=21"
"[O:10]([K])C([H])C(C)C([H])C(C)[C:20](OC)=[O:21]>>[O-:21][C:20]1(OC)C(C)C([H])C(C)C([H])[O+:10]1([K]) 10=20;20,21=21"
"[H]N([C:20](=[O:10])OC(C([O-:21])C)C1=CC=CC=C1)CC>>[H]N([C:20]1(OC(C([O:21]1)C)C1=CC=CC=C1)[O-:10])CC 21=20;20,10=10"
"[H][O:10]C([H])C([H])C(C8=CC=CC=C8)[O][C:20]([O]CC)=[NH+:21]CC.[Cl-]>>[Cl-].[H][O+:10](C([H])C([H])C(C8=CC=CC=C8)[O]1)[C:20]1([NH:21]CC)[O]CC 10=20;20,21=21"
"[OH:21][C:20]1(OCC)C(C)C([H])C(C)C(C)[OH+:10]1>>[OH:10]C(C)C(C)C([H])C(C)[C:20](OCC)=[OH+:21] 21=20;20,10=10"
"[H][NH+:10](C(C9=CC=CC=C9)C(C)C(C8=CC=CC=C8)[O]1)[C:20]1([NH:21][H])[O]C.[Cl-]>>[Cl-].[H][NH:10]C(C9=CC=CC=C9)C(C)C(C8=CC=CC=C8)[O][C:20]([O]C)=[NH+:21][H] 21=20;20,10=10"
"CN([C:20]1(OC(C(C([O:21]1)C)CCCCCC)CCCCCC)[O-:10])C1=CC=CC=C1>>CN([C:20](=[O:10])OC(C(C([O-:21])C)CCCCCC)CCCCCC)C1=CC=CC=C1 10=20;20,21=21"
"[H][NH+:21]=[C:20]2[NH][CH](C)[CH]([H])C(C8=CC=CC=C8)[O]2.[H][O:10][H].[Cl-]>>[Cl-].[H][O+:10]([H])[C:20]1([NH:21][H])[NH][CH](C)C([H])[CH](C8=CC=CC=C8)[O]1 10=20;20,21=21"
"C1=CC=CC=C1C1C(C(O[C:20](N1CC)([O-:10])[O:21]C1=CC=CC=C1)[H])C>>C1=CC=CC=C1C1C(C(O[C:20](=[O:10])N1CC)[H])C.[O-:21]C1=CC=CC=C1 10=20;20,21=21"
"[H][O+:10]([H])[C:20]1([O:21]C)[O][CH](C)C(C)[CH]([H])[S]1.[Cl-]>>[Cl-].C[O+:21]=[C:20]2[O][CH](C)[CH](C)C([H])[S]2.[H][O:10][H] 21=20;20,10=10"
"[O-:10]C(CCC)C([H])/C(C)=C([H])\[C:20](C)=[O:21]>>[O-:21][C:20]1(C)C([H])=C(C)C([H])C(CCC)[O:10]1 10=20;20,21=21"
"[H][O:10]C([H])C([H])C([H])[NH][C:20]([O]C)=[NH+:21]C6=CC=CC=C6.[Cl-]>>[Cl-].[H][O+:10](C([H])C([H])C([H])[NH]1)[C:20]1([NH:21]C6=CC=CC=C6)[O]C 10=20;20,21=21"
"[Si](C)(C)(C)[O+:21]=[C:20]2[S]C([H])C(C8=CC=CC=C8)[O]2.C9=CC=CC=C9[O:10][H].[Cl-]>>[Cl-].C9=CC=CC=C9[O+:10]([H])[C:20]1([O:21][Si](C)(C)(C))[S]C([H])C(C8=CC=CC=C8)[O]1 10=20;20,21=21"
"CC[NH+:10]([H])[C:20]1([NH:21][H])[O]C(C)C(CC)[NH]1.[Cl-]>>[Cl-].[H][NH+:21]=[C:20]2[O]C(C)C(CC)[NH]2.CC[NH:10][H] 21=20;20,10=10"
"C9=CC=CC=C9[O+:10]([H])[C:20]([O:21][H])([S]C8=CC=CC=C8)[O][H].[Cl-]>>[Cl-].C9=CC=CC=C9[O:10][H].[H][O+:21]=[C:20]([S]C8=CC=CC=C8)[O][H] 21=20;20,10=10"
"CN([C:20]1(OC(C([O:21]1)C)CC)[O-:10])[H]>>CN([C:20](=[O:10])OC(C([O-:21])C)CC)[H] 10=20;20,21=21"
"[H][S+:10](C(C9=CC=CC=C9)C(C)[O]1)[C:20]1([O:21][Si](C)(C)(C))[O]C7=CC=CC=C7.[Cl-]>>[Cl-].[H][S:10]C(C9=CC=CC=C9)C(C)[O][C:20]([O]C7=CC=CC=C7)=[O+:21][Si](C)(C)(C) 21=20;20,10=10"
"[O-:10]C(CC)C(C)C([H])C(C)[C:20](OC)=[O:21]>>[O-:21][C:20]1(OC)C(C)C([H])C(C)C(CC)[O:10]1 10=20;20,21=21"
"[H][NH:10]C(C)C([H])[O][C:20]([NH]C7=CC=CC=C7)=[NH+:21]CC.[Cl-]>>[Cl-].[H][NH+:10](C(C)C([H])[O]1)[C:20]1([NH:21]CC)[NH]C7=CC=CC=C7 10=20;20,21=21"
"C6=CC=CC=C6[NH+:21]=[C:20]2[O][CH](C)[CH]([H])C(C8=CC=CC=C8)[NH]2.[H][O:10][H].[Cl-]>>[Cl-].[H][O+:10]([H])[C:20]1([NH:21]C6=CC=CC=C6)[O][CH](C)C([H])[CH](C8=CC=CC=C8)[NH]1 10=20;20,21=21"
"[H][O+:10](C(C9=CC=CC=C9)C(C8=CC=CC=C8)[NH]1)[C:20]1([NH:21][H])[NH]C7=CC=CC=C7.[Cl-]>>[Cl-].[H][O:10]C(C9=CC=CC=C9)C(C8=CC=CC=C8)[NH][C:20]([NH]C7=CC=CC=C7)=[NH+:21][H] 21=20;20,10=10"
"CC[O+:10]([H])[C:20]1([NH:21][H])[O]C(CC)C(C)[NH]1.[Cl-]>>[Cl-].[H][NH+:21]=[C:20]2[O]C(CC)C(C)[NH]2.CC[O:10][H] 21=20;20,10=10"
"C[NH+:21]=[C:20]2[NH][CH](CC)[CH]([H])C(C8=CC=CC=C8)[O]2.C[O:10][H].[Cl-]>>[Cl-].C[O+:10]([H])[C:20]1([NH:21]C)[NH][CH](CC)C([H])[CH](C8=CC=CC=C8)[O]1 10=20;20,21=21"
"[H][O+:10]([H])[C:20]1([NH:21]C6=CC=CC=C6)[O][CH](C7=CC=CC=C7)C(C)[CH]([H])[NH]1.[Cl-]>>[Cl-].C6=CC=CC=C6[NH+:21]=[C:20]2[O][CH](C7=CC=CC=C7)[CH](C)C([H])[NH]2.[H][O:10][H] 21=20;20,10=10"
"[O:10]([Na])C(CC)C(C)C([H])C(C)[C:20](OC)=[O:21]>>[O-:21][C:20]1(OC)C(C)C([H])C(C)C(CC)[O+:10]1([Na]) 10=20;20,21=21"
"C[O+:10]([H])[C:20]1([O:21][H])[S][CH]([H])C([H])[CH]([H])[S]1.[Cl-]>>[Cl-].[H][O+:21]=[C:20]2[S][CH]([H])[CH]([H])C([H])[S]2.C[O:10][H] 21=20;20,10=10"
"[O-:10]C(CC)C(O)C([C:20](OCC)=[O:21])O>>[O-:21][C:20]1(OCC)[O:10]C(CC)C(O)C1O 10=20;20,21=21"
"[H][O:10]C([H])C(C8=CC=CC=C8)[NH][C:20]([O]C7=CC=CC=C7)=[NH+:21][H].[Cl-]>>[Cl-].[H][O+:10](C([H])C(C8=CC=CC=C8)[NH]1)[C:20]1([NH:21][H])[O]C7=CC=CC=C7 10=20;20,21=21"
"[H][O:10]C(C9=CC=CC=C9)C(C)C(C)[O][C:20]([NH][H])=[NH+:21]CC.[Cl-]>>[Cl-].[H][O+:10](C(C9=CC=CC=C9)C(C)C(C)[O]1)[C:20]1([NH:21]CC)[NH][H] 10=20;20,21=21"
"[H][S+:10](C([H])C(C)C(C)[O]1)[C:20]1([O:21]C)[S][H].[Cl-]>>[Cl-].[H][S:10]C([H])C(C)C(C)[O][C:20]([S][H])=[O+:21]C 21=20;20,10=10"
"C[S+:10]([H])[C:20]1([O:21][H])[S][CH](C7=CC=CC=C7)C(C)[CH](CC)[O]1.[Cl-]>>[Cl-].[H][O+:21]=[C:20]2[S][CH](C7=CC=CC=C7)[CH](C)C(CC)[O]2.C[S:10][H] 21=20;20,10=10"
"[Na][O:21]CC.[C:20](=[O:10])(OCCCCCC)OC>>[Na][O+:21]([C:20]([O-:10])(OCCCCCC)OC)CC 21=20;20,10=10"
"CC[O+:10]([H])[C:20]([NH:21][H])([O]CC)[NH]C7=CC=CC=C7.[Cl-]>>[Cl-].CC[O:10][H].[H][NH+:21]=[C:20]([O]CC)[NH]C7=CC=CC=C7 21=20;20,10=10"
"C[NH+:21]=[C:20]2[NH][CH](CC)[CH]([H])C(CC)[NH]2.C9=CC=CC=C9[O:10][H].[Cl-]>>[Cl-].C9=CC=CC=C9[O+:10]([H])[C:20]1([NH:21]C)[NH][CH](CC)C([H])[CH](CC)[NH]1 10=20;20,21=21"
"[H][O:10]C(C)C(C)[O][C:20]([O]C7=CC=CC=C7)=[NH+:21][H].[Cl-]>>[Cl-].[H][O+:10](C(C)C(C)[O]1)[C:20]1([NH:21][H])[O]C7=CC=CC=C7 10=20;20,21=21"
"[H]N([C:20](=[O:10])OC(C(C([O-:21])[H])CCCCCC)[H])C1=CC=CC=C1>>[H]N([C:20]1(OC(C(C([O:21]1)[H])CCCCCC)[H])[O-:10])C1=CC=CC=C1 21=20;20,10=10"
"C[NH+:21]=[C:20]2[NH][CH]([H])[CH]([H])C(C)[NH]2.C[NH:10][H].[Cl-]>>[Cl-].C[NH+:10]([H])[C:20]1([NH:21]C)[NH][CH]([H])C([H])[CH](C)[NH]1 10=20;20,21=21"
"C[O+:21]=[C:20]2[O]C(CC)C(C)[O]2.C9=CC=CC=C9[S:10][H].[Cl-]>>[Cl-].C9=CC=CC=C9[S+:10]([H])[C:20]1([O:21]C)[O]C(CC)C(C)[O]1 10=20;20,21=21"
"[H][O:10]C(C9=CC=CC=C9)C(C8=CC=CC=C8)[O][C:20]([O]CC)=[NH+:21]C6=CC=CC=C6.[Cl-]>>[Cl-].[H][O+:10](C(C9=CC=CC=C9)C(C8=CC=CC=C8)[O]1)[C:20]1([NH:21]C6=CC=CC=C6)[O]CC 10=20;20,21=21"
"[H][O:10][H].[H][NH+:21]=[C:20]([O]CC)[NH]CC.[Cl-]>>[Cl-].[H][O+:10]([H])[C:20]([NH:21][H])([O]CC)[NH]CC 10=20;20,21=21"
"[H][S:10]C(CC)C(C8=CC=CC=C8)[O][C:20]([O]CC)=[O+:21]C.[Cl-]>>[Cl-].[H][S+:10](C(CC)C(C8=CC=CC=C8)[O]1)[C:20]1([O:21]C)[O]CC 10=20;20,21=21"
"[O-:21][CH:20]2(OCC)C3=C(C(C([O:10]2)C)[H])C=CC=C3>>[O-:10]C(C(C1=C(C=CC=C1)[CH:20](OCC)=[O:21])[H])C  21=20;20,10=10"
"C[NH+:21]=[C:20]2[NH][CH]([H])[CH]([H])C(CC)[NH]2.C[O:10][H].[Cl-]>>[Cl-].C[O+:10]([H])[C:20]1([NH:21]C)[NH][CH]([H])C([H])[CH](CC)[NH]1 10=20;20,21=21"
"[H][O+:10](C(CC)C(C)C(C)[NH]1)[C:20]1([NH:21]C6=CC=CC=C6)[NH]C.[Cl-]>>[Cl-].[H][O:10]C(CC)C(C)C(C)[NH][C:20]([NH]C)=[NH+:21]C6=CC=CC=C6 21=20;20,10=10"
"[H][S:10]C(C)C(C8=CC=CC=C8)[O][C:20]([S]C7=CC=CC=C7)=[O+:21][H].[Cl-]>>[Cl-].[H][S+:10](C(C)C(C8=CC=CC=C8)[O]1)[C:20]1([O:21][H])[S]C7=CC=CC=C7 10=20;20,21=21"
"CC[O+:10]([H])[C:20]1([NH:21][H])[NH]C(CC)C([H])[O]1.[Cl-]>>[Cl-].[H][NH+:21]=[C:20]2[NH]C(CC)C([H])[O]2.CC[O:10][H] 21=20;20,10=10"
"[H]C1C(O[C:20](N1C)([O-:10])[O:21]CCCCCC)C>>[H]C1C(O[C:20](=[O:10])N1C)C.[O-:21]CCCCCC 10=20;20,21=21"
"CCCCCCN([C:20]1(OC(C(C([O:21]1)[H])C)CC)[O-:10])C>>CCCCCCN([C:20](=[O:10])OC(C(C([O-:21])[H])C)CC)C 10=20;20,21=21"
"[H][O+:10](C(CC)C(C8=CC=CC=C8)[NH]1)[C:20]1([NH:21]C6=CC=CC=C6)[O]C.[Cl-]>>[Cl-].[H][O:10]C(CC)C(C8=CC=CC=C8)[NH][C:20]([O]C)=[NH+:21]C6=CC=CC=C6 21=20;20,10=10"
"C[NH:10][H].C[NH+:21]=[C:20]([NH]CC)[O]CC.[Cl-]>>[Cl-].C[NH+:10]([H])[C:20]([NH:21]C)([NH]CC)[O]CC 10=20;20,21=21"
"[O:10]([K])C(C)/C([H])=C(C)\C([H])[C:20]([H])=[O:21]>>[O-:21][C:20]1([H])C([H])C(C)=C([H])C(C)[O+:10]1([K]) 10=20;20,21=21"
"[H][O+:10](C(C9=CC=CC=C9)C(C)C(C8=CC=CC=C8)[NH]1)[C:20]1([NH:21]C6=CC=CC=C6)[O]C7=CC=CC=C7.[Cl-]>>[Cl-].[H][O:10]C(C9=CC=CC=C9)C(C)C(C8=CC=CC=C8)[NH][C:20]([O]C7=CC=CC=C7)=[NH+:21]C6=CC=CC=C6 21=20;20,10=10"
"CC[NH+:10]([H])[C:20]1([NH:21]C)[O][CH](C)C([H])[CH](C)[O]1.[Cl-]>>[Cl-].C[NH+:21]=[C:20]2[O][CH](C)[CH]([H])C(C)[O]2.CC[NH:10][H] 21=20;20,10=10"
"[H][S+:10]([H])[C:20]1([O:21]C)[S][CH](C7=CC=CC=C7)C([H])[CH](C)[O]1.[Cl-]>>[Cl-].C[O+:21]=[C:20]2[S][CH](C7=CC=CC=C7)[CH]([H])C(C)[O]2.[H][S:10][H] 21=20;20,10=10"
"C[O+:21]=[C:20]2[O][CH]([H])[CH](C)C(C)[S]2.[H][O:10][H].[Cl-]>>[Cl-].[H][O+:10]([H])[C:20]1([O:21]C)[O][CH]([H])C(C)[CH](C)[S]1 10=20;20,21=21"
"[H][NH+:10]([H])[C:20]1([NH:21]C6=CC=CC=C6)[NH][CH](C)C([H])[CH](C8=CC=CC=C8)[NH]1.[Cl-]>>[Cl-].C6=CC=CC=C6[NH+:21]=[C:20]2[NH][CH](C)[CH]([H])C(C8=CC=CC=C8)[NH]2.[H][NH:10][H] 21=20;20,10=10"
"[H][O+:10](C(CC)C([H])[NH]1)[C:20]1([NH:21][H])[O]C.[Cl-]>>[Cl-].[H][O:10]C(CC)C([H])[NH][C:20]([O]C)=[NH+:21][H] 21=20;20,10=10"
"C9=CC=CC=C9[S+:10]([H])[C:20]([O:21]C)([S]C8=CC=CC=C8)[S]C.[Cl-]>>[Cl-].C9=CC=CC=C9[S:10][H].C[O+:21]=[C:20]([S]C8=CC=CC=C8)[S]C 21=20;20,10=10"
"[H][O+:21]=[C:20]2[S][CH](C)[CH]([H])C(C)[S]2.CC[S:10][H].[Cl-]>>[Cl-].CC[S+:10]([H])[C:20]1([O:21][H])[S][CH](C)C([H])[CH](C)[S]1 10=20;20,21=21"
"[H][O+:21]=[C:20]2[O][CH](CC)[CH](C)C([H])[S]2.[H][S:10][H].[Cl-]>>[Cl-].[H][S+:10]([H])[C:20]1([O:21][H])[O][CH](CC)C(C)[CH]([H])[S]1 10=20;20,21=21"
"CCC1C(O[C:20](=[O:10])N1C)CC.[O-:21]CCCCCC>>CCC1C(O[C:20](N1C)([O-:10])[O:21]CCCCCC)CC 21=20;20,10=10"
"C[O+:21]=[C:20]2[O][CH](CC)[CH]([H])C(CC)[S]2.[H][S:10][H].[Cl-]>>[Cl-].[H][S+:10]([H])[C:20]1([O:21]C)[O][CH](CC)C([H])[CH](CC)[S]1 10=20;20,21=21"
"C1=CC=CC=C1C1C(O[C:20](=[O:10])N1C1=CC=CC=C1)CCCCCC.[O-:21]C1=CC=CC=C1>>C1=CC=CC=C1C1C(O[C:20](N1C1=CC=CC=C1)([O-:10])[O:21]C1=CC=CC=C1)CCCCCC 21=20;20,10=10"
"[H][NH+:10](C(C9=CC=CC=C9)C(C)C(C8=CC=CC=C8)[NH]1)[C:20]1([NH:21]C)[NH]C.[Cl-]>>[Cl-].[H][NH:10]C(C9=CC=CC=C9)C(C)C(C8=CC=CC=C8)[NH][C:20]([NH]C)=[NH+:21]C 21=20;20,10=10"
"[O:20]=[C:21](O[H])O[H].CC[O:10][Li]>>CC[O+:10]([Li])[C:21]([O-:20])(O[H])O[H] 10=21;21,20=20"
"[H][O+:10]([H])[C:20]1([O:21][H])[O][CH](C)C(C)[CH](CC)[O]1.[Cl-]>>[Cl-].[H][O+:21]=[C:20]2[O][CH](C)[CH](C)C(CC)[O]2.[H][O:10][H] 21=20;20,10=10"
"C1=CC=CC=C1N([C:20]1(OC(C(C([O:21]1)C)C)C1=CC=CC=C1)[O-:10])CC>>C1=CC=CC=C1N([C:20](=[O:10])OC(C(C([O-:21])C)C)C1=CC=CC=C1)CC 10=20;20,21=21"
"C9=CC=CC=C9[S+:10]([H])[C:20]([O:21][Si](C)(C)(C))([S]C8=CC=CC=C8)[S][H].[Cl-]>>[Cl-].C9=CC=CC=C9[S:10][H].[Si](C)(C)(C)[O+:21]=[C:20]([S]C8=CC=CC=C8)[S][H] 21=20;20,10=10"
"[H][O+:21]=[C:20]2[O][CH](CC)[CH]([H])C(CC)[S]2.[H][S:10][H].[Cl-]>>[Cl-].[H][S+:10]([H])[C:20]1([O:21][H])[O][CH](CC)C([H])[CH](CC)[S]1 10=20;20,21=21"
"C[NH:10][H].C[NH+:21]=[C:20]([O]C8=CC=CC=C8)[NH]C7=CC=CC=C7.[Cl-]>>[Cl-].C[NH+:10]([H])[C:20]([NH:21]C)([O]C8=CC=CC=C8)[NH]C7=CC=CC=C7 10=20;20,21=21"
"[O-:10]C([H])C(C)/C([H])=C(C)\[C:20]([H])=[O:21]>>[O-:21][C:20]1([H])C(C)=C([H])C(C)C([H])[O:10]1 10=20;20,21=21"
"[H][O+:10](C(C9=CC=CC=C9)C(C)C(C)[NH]1)[C:20]1([NH:21][H])[NH]C.[Cl-]>>[Cl-].[H][O:10]C(C9=CC=CC=C9)C(C)C(C)[NH][C:20]([NH]C)=[NH+:21][H] 21=20;20,10=10"
"[O-:21][C:20]1(C)[O:10]C(CCC)C([H])=C1O>>[O-:10]C(CCC)/C([H])=C([C:20](C)=[O:21])/O 21=20;20,10=10"
"C1=CC=CC=C1C1C(C(O[C:20](N1[H])([O-:10])[O:21][H])[H])C>>C1=CC=CC=C1C1C(C(O[C:20](=[O:10])N1[H])[H])C.[O-:21][H] 10=20;20,21=21"
"[H][O+:10](C([H])C([H])[NH]1)[C:20]1([NH:21]C6=CC=CC=C6)[O]CC.[Cl-]>>[Cl-].[H][O:10]C([H])C([H])[NH][C:20]([O]CC)=[NH+:21]C6=CC=CC=C6 21=20;20,10=10"
"C6=CC=CC=C6[NH+:21]=[C:20]2[O]C(C7=CC=CC=C7)C(C8=CC=CC=C8)[NH]2.C9=CC=CC=C9[NH:10][H].[Cl-]>>[Cl-].C9=CC=CC=C9[NH+:10]([H])[C:20]1([NH:21]C6=CC=CC=C6)[O]C(C7=CC=CC=C7)C(C8=CC=CC=C8)[NH]1 10=20;20,21=21"
"[H][NH+:21]=[C:20]2[O][CH](C)[CH]([H])C(C8=CC=CC=C8)[NH]2.C9=CC=CC=C9[O:10][H].[Cl-]>>[Cl-].C9=CC=CC=C9[O+:10]([H])[C:20]1([NH:21][H])[O][CH](C)C([H])[CH](C8=CC=CC=C8)[NH]1 10=20;20,21=21"
"[O-:21][C:20]1(OC)[O:10]C([H])C(C)=C1C>>[O-:10]C([H])/C(C)=C([C:20](OC)=[O:21])/C 21=20;20,10=10"
"[H][NH:10]C([H])C([H])[O][C:20]([NH][H])=[NH+:21]C6=CC=CC=C6.[Cl-]>>[Cl-].[H][NH+:10](C([H])C([H])[O]1)[C:20]1([NH:21]C6=CC=CC=C6)[NH][H] 10=20;20,21=21"
"[O-:10]C(CCC)C([H])C([C:20](OC)=[O:21])C>>[O-:21][C:20]1(OC)[O:10]C(CCC)C([H])C1C 10=20;20,21=21"
"C1=CC=CC=C1C1C(C(O[C:20](N1[H])([O-:10])[O:21]CCCCCC)C1=CC=CC=C1)[H]>>C1=CC=CC=C1C1C(C(O[C:20](=[O:10])N1[H])C1=CC=CC=C1)[H].[O-:21]CCCCCC 10=20;20,21=21"
"[H][NH+:10](C(C)C([H])C([H])[O]1)[C:20]1([NH:21][H])[O]C.[Cl-]>>[Cl-].[H][NH:10]C(C)C([H])C([H])[O][C:20]([O]C)=[NH+:21][H] 21=20;20,10=10"
"[H][O+:10]([H])[C:20]1([O:21][Si](C)(C)(C))[O]C(C7=CC=CC=C7)C(CC)[S]1.[Cl-]>>[Cl-].[Si](C)(C)(C)[O+:21]=[C:20]2[O]C(C7=CC=CC=C7)C(CC)[S]2.[H][O:10][H] 21=20;20,10=10"
"CN([C:20](=[O:10])OC(C(C([O-:21])CC)CCCCCC)CCCCCC)C1=CC=CC=C1>>CN([C:20]1(OC(C(C([O:21]1)CC)CCCCCC)CCCCCC)[O-:10])C1=CC=CC=C1 21=20;20,10=10"
"[H][NH+:21]=[C:20]2[O][CH](CC)[CH]([H])C(C8=CC=CC=C8)[O]2.C[O:10][H].[Cl-]>>[Cl-].C[O+:10]([H])[C:20]1([NH:21][H])[O][CH](CC)C([H])[CH](C8=CC=CC=C8)[O]1 10=20;20,21=21"
"[H][O+:10]([H])[C:20]1([O:21][H])[S][CH](C7=CC=CC=C7)C([H])[CH](C8=CC=CC=C8)[S]1.[Cl-]>>[Cl-].[H][O+:21]=[C:20]2[S][CH](C7=CC=CC=C7)[CH]([H])C(C8=CC=CC=C8)[S]2.[H][O:10][H] 21=20;20,10=10"
"CC[NH+:10]([H])[C:20]1([NH:21]CC)[NH][CH]([H])C([H])[CH](CC)[O]1.[Cl-]>>[Cl-].CC[NH+:21]=[C:20]2[NH][CH]([H])[CH]([H])C(CC)[O]2.CC[NH:10][H] 21=20;20,10=10"
"[H][O:10][H].C[O+:21]=[C:20]([S]CC)[S][H].[Cl-]>>[Cl-].[H][O+:10]([H])[C:20]([O:21]C)([S]CC)[S][H] 10=20;20,21=21"
"[K][O+:21]([C:20]([O-:10])(O[H])OC1=CC=CC=C1)C1=CC=CC=C1>>[K][O:21]C1=CC=CC=C1.[C:20](=[O:10])(O[H])OC1=CC=CC=C1 10=20;20,21=21"
"[O:20]=[C:21](OC1=CC=CC=C1)OCCCCCC.C1=CC=CC=C1[O:10][K]>>C1=CC=CC=C1[O+:10]([K])[C:21]([O-:20])(OC1=CC=CC=C1)OCCCCCC 10=21;21,20=20"
"CCCCCCC1C(C(O[C:20](N1CC)([O-:10])[Cl:21])CC)[H]>>CCCCCCC1C(C(O[C:20](=[O:10])N1CC)CC)[H].[Cl-:21] 10=20;20,21=21"
"[O-:21][C:20]1(OC)C([H])=C([H])C([H])C(CCC)[O+:10]1([K])>>[O:10]([K])C(CCC)C([H])/C([H])=C([H])\[C:20](OC)=[O:21] 21=20;20,10=10"
"[H]N([C:20]1(OC(C(C([O:21]1)CCCCCC)C)C)[O-:10])C1=CC=CC=C1>>[H]N([C:20](=[O:10])OC(C(C([O-:21])CCCCCC)C)C)C1=CC=CC=C1 10=20;20,21=21"
"[H][O+:10]([H])[C:20]1([NH:21]CC)[O][CH]([H])C([H])[CH]([H])[NH]1.[Cl-]>>[Cl-].CC[NH+:21]=[C:20]2[O][CH]([H])[CH]([H])C([H])[NH]2.[H][O:10][H] 21=20;20,10=10"
"[H][O+:10]([H])[C:20]1([NH:21]C6=CC=CC=C6)[NH][CH](C7=CC=CC=C7)C([H])[CH](C8=CC=CC=C8)[O]1.[Cl-]>>[Cl-].C6=CC=CC=C6[NH+:21]=[C:20]2[NH][CH](C7=CC=CC=C7)[CH]([H])C(C8=CC=CC=C8)[O]2.[H][O:10][H] 21=20;20,10=10"
"CC[NH+:21]=[C:20]2[O]C(C)C(C8=CC=CC=C8)[O]2.[H][NH:10][H].[Cl-]>>[Cl-].[H][NH+:10]([H])[C:20]1([NH:21]CC)[O]C(C)C(C8=CC=CC=C8)[O]1 10=20;20,21=21"
"CCC1C(C(O[C:20](=[O:10])N1CCCCCC)C)[H].[O-:21]CC>>CCC1C(C(O[C:20](N1CCCCCC)([O-:10])[O:21]CC)C)[H] 21=20;20,10=10"
"[NH:10]([H])C(C1=C(C([CH:20](C)=[O:21])[H])C=CC=C1)C>>[O-:21][CH:20]2(C)C(C3=C(C([NH+:10]2([H]))C)C=CC=C3)[H] 10=20;20,21=21"
"[H][NH+:10](C(CC)C(C)C([H])[NH]1)[C:20]1([NH:21]C)[O]C7=CC=CC=C7.[Cl-]>>[Cl-].[H][NH:10]C(CC)C(C)C([H])[NH][C:20]([O]C7=CC=CC=C7)=[NH+:21]C 21=20;20,10=10"
"[NH:10]([H])C(CC)C([H])C(O)C(O)[C:20](C)=[O:21]>>[O-:21][C:20]1(C)C(O)C(O)C([H])C(CC)[NH+:10]1([H]) 10=20;20,21=21"
"[H][O+:10]([H])[C:20]([O:21][Si](C)(C)(C))([S]CC)[O]CC.[Cl-]>>[Cl-].[H][O:10][H].[Si](C)(C)(C)[O+:21]=[C:20]([S]CC)[O]CC 21=20;20,10=10"
"[H][NH+:10]([H])[C:20]1([NH:21][H])[O][CH](CC)C([H])[CH](CC)[O]1.[Cl-]>>[Cl-].[H][NH+:21]=[C:20]2[O][CH](CC)[CH]([H])C(CC)[O]2.[H][NH:10][H] 21=20;20,10=10"
"C[O+:10]([H])[C:20]1([O:21][H])[O][CH](CC)C(C)[CH]([H])[S]1.[Cl-]>>[Cl-].[H][O+:21]=[C:20]2[O][CH](CC)[CH](C)C([H])[S]2.C[O:10][H] 21=20;20,10=10"
"C[O+:10]([H])[C:20]([O:21]C)([S]C)[S]C7=CC=CC=C7.[Cl-]>>[Cl-].C[O:10][H].C[O+:21]=[C:20]([S]C)[S]C7=CC=CC=C7 21=20;20,10=10"
"[H][O+:10](C(CC)C([H])C(CC)[S]1)[C:20]1([O:21][H])[O]CC.[Cl-]>>[Cl-].[H][O:10]C(CC)C([H])C(CC)[S][C:20]([O]CC)=[O+:21][H] 21=20;20,10=10"
"CCC1C(C(O[C:20](N1CC)([O-:10])[O:21]C)[H])[H]>>CCC1C(C(O[C:20](=[O:10])N1CC)[H])[H].[O-:21]C 10=20;20,21=21"
"C9=CC=CC=C9[O+:10]([H])[C:20]1([NH:21]CC)[NH]C(C)C(CC)[NH]1.[Cl-]>>[Cl-].CC[NH+:21]=[C:20]2[NH]C(C)C(CC)[NH]2.C9=CC=CC=C9[O:10][H] 21=20;20,10=10"
"[O-:21][C:20]1(C)C([H])C(C)=C([H])C(CC)[NH+:10]1(C)>>[NH:10](C)C(CC)/C([H])=C(C)\C([H])[C:20](C)=[O:21] 21=20;20,10=10"
"CCCCCCN([C:20]([O-:10])(OCCCCCC)[O:21]C)CC>>CCCCCCN([C:20](=[O:10])OCCCCCC)CC.[O-:21]C 10=20;20,21=21"
"[H][NH:10]C(CC)C(C)C([H])[NH][C:20]([O][H])=[NH+:21]C.[Cl-]>>[Cl-].[H][NH+:10](C(CC)C(C)C([H])[NH]1)[C:20]1([NH:21]C)[O][H] 10=20;20,21=21"
"[Si](C)(C)(C)[O+:21]=[C:20]2[S]C([H])C(C)[O]2.CC[O:10][H].[Cl-]>>[Cl-].CC[O+:10]([H])[C:20]1([O:21][Si](C)(C)(C))[S]C([H])C(C)[O]1 10=20;20,21=21"
"[H][S+:10](C([H])C([H])C(C)[O]1)[C:20]1([O:21][H])[O]C7=CC=CC=C7.[Cl-]>>[Cl-].[H][S:10]C([H])C([H])C(C)[O][C:20]([O]C7=CC=CC=C7)=[O+:21][H] 21=20;20,10=10"
"[Si](C)(C)(C)[O+:21]=[C:20]2[O]C(C7=CC=CC=C7)C([H])[S]2.CC[O:10][H].[Cl-]>>[Cl-].CC[O+:10]([H])[C:20]1([O:21][Si](C)(C)(C))[O]C(C7=CC=CC=C7)C([H])[S]1 10=20;20,21=21"
"C[O+:21]=[C:20]2[O][CH](C7=CC=CC=C7)[CH]([H])C(C)[S]2.C9=CC=CC=C9[O:10][H].[Cl-]>>[Cl-].C9=CC=CC=C9[O+:10]([H])[C:20]1([O:21]C)[O][CH](C7=CC=CC=C7)C([H])[CH](C)[S]1 10=20;20,21=21"
"CCCCCCN([C:20](=[O:10])OC(C(C([O-:21])CCCCCC)CCCCCC)CC)[H]>>CCCCCCN([C:20]1(OC(C(C([O:21]1)CCCCCC)CCCCCC)CC)[O-:10])[H] 21=20;20,10=10"
"C1=CC=CC=C1[O:10][C:20]([O-:21])(O[H])OCCCCCC>>[O:21]=[C:20](O[H])OCCCCCC.[O-:10]C1=CC=CC=C1 21=20;20,10=10"
"[H]C1C(C(O[C:20](=[O:10])N1C1=CC=CC=C1)C)[H].[O-:21]CCCCCC>>[H]C1C(C(O[C:20](N1C1=CC=CC=C1)([O-:10])[O:21]CCCCCC)C)[H] 21=20;20,10=10"
"[NH:10]([H])C(CC)C(C)C([H])C(C)[C:20](OCC)=[O:21]>>[O-:21][C:20]1(OCC)C(C)C([H])C(C)C(CC)[NH+:10]1([H]) 10=20;20,21=21"
"CC[O:10][H].C[NH+:21]=[C:20]([NH]C)[NH]C.[Cl-]>>[Cl-].CC[O+:10]([H])[C:20]([NH:21]C)([NH]C)[NH]C 10=20;20,21=21"
"C(C([O-:21])C1=CC=CC=C1)(C(O[C:20](=[O:10])OCC)C)CC>>C1(C(O[C:20]([O-:10])([O:21]C1C1=CC=CC=C1)OCC)C)CC 21=20;20,10=10"
"[H][S+:10]([H])[C:20]([O:21][Si](C)(C)(C))([O]CC)[S]C.[Cl-]>>[Cl-].[H][S:10][H].[Si](C)(C)(C)[O+:21]=[C:20]([O]CC)[S]C 21=20;20,10=10"
"[H][O:10]C(C)C([H])C(CC)[NH][C:20]([NH]C7=CC=CC=C7)=[NH+:21]C.[Cl-]>>[Cl-].[H][O+:10](C(C)C([H])C(CC)[NH]1)[C:20]1([NH:21]C)[NH]C7=CC=CC=C7 10=20;20,21=21"
"[H][NH+:21]=[C:20]2[O]C(C7=CC=CC=C7)C([H])[NH]2.[H][O:10][H].[Cl-]>>[Cl-].[H][O+:10]([H])[C:20]1([NH:21][H])[O]C(C7=CC=CC=C7)C([H])[NH]1 10=20;20,21=21"
"CC[NH+:10]([H])[C:20]1([NH:21]C6=CC=CC=C6)[NH]C([H])C(CC)[NH]1.[Cl-]>>[Cl-].C6=CC=CC=C6[NH+:21]=[C:20]2[NH]C([H])C(CC)[NH]2.CC[NH:10][H] 21=20;20,10=10"
"[H][O+:10]([H])[C:20]1([NH:21]C)[NH][CH](C7=CC=CC=C7)C(C)[CH](C)[NH]1.[Cl-]>>[Cl-].C[NH+:21]=[C:20]2[NH][CH](C7=CC=CC=C7)[CH](C)C(C)[NH]2.[H][O:10][H] 21=20;20,10=10"
"C[O+:21]=[C:20]2[O][CH](C7=CC=CC=C7)[CH](C)C(C8=CC=CC=C8)[O]2.C[S:10][H].[Cl-]>>[Cl-].C[S+:10]([H])[C:20]1([O:21]C)[O][CH](C7=CC=CC=C7)C(C)[CH](C8=CC=CC=C8)[O]1 10=20;20,21=21"
"[H][O+:10](C([H])C(C8=CC=CC=C8)[O]1)[C:20]1([O:21][H])[S][H].[Cl-]>>[Cl-].[H][O:10]C([H])C(C8=CC=CC=C8)[O][C:20]([S][H])=[O+:21][H] 21=20;20,10=10"
"CCCCCCC1C(C(O[C:20](=[O:10])N1CC)C1=CC=CC=C1)C.[O-:21]C>>CCCCCCC1C(C(O[C:20](N1CC)([O-:10])[O:21]C)C1=CC=CC=C1)C 21=20;20,10=10"
"CCN([C:20](=[O:10])OC(C(C([O-:21])CC)[H])CC)C>>CCN([C:20]1(OC(C(C([O:21]1)CC)[H])CC)[O-:10])C 21=20;20,10=10"
"[O-:21][C:20]1(C)C(O)C(O)C([H])C([H])[O:10]1>>[O-:10]C([H])C([H])C(O)C(O)[C:20](C)=[O:21] 21=20;20,10=10"
"CN([C:20](=[O:10])OC(C([O-:21])C)C1=CC=CC=C1)CCCCCC>>CN([C:20]1(OC(C([O:21]1)C)C1=CC=CC=C1)[O-:10])CCCCCC 21=20;20,10=10"
"[H][NH+:10](C([H])C(C8=CC=CC=C8)[NH]1)[C:20]1([NH:21]C6=CC=CC=C6)[O]CC.[Cl-]>>[Cl-].[H][NH:10]C([H])C(C8=CC=CC=C8)[NH][C:20]([O]CC)=[NH+:21]C6=CC=CC=C6 21=20;20,10=10"
"[H][S:10]C(C9=CC=CC=C9)C(C)C(C)[O][C:20]([O]C7=CC=CC=C7)=[O+:21][H].[Cl-]>>[Cl-].[H][S+:10](C(C9=CC=CC=C9)C(C)C(C)[O]1)[C:20]1([O:21][H])[O]C7=CC=CC=C7 10=20;20,21=21"
"CCC1C(C(O[C:20](N1[H])([O-:10])[O:21]CC)C)C>>CCC1C(C(O[C:20](=[O:10])N1[H])C)C.[O-:21]CC 10=20;20,21=21"
"CC[NH+:21]=[C:20]2[NH]C(C7=CC=CC=C7)C([H])[NH]2.C[NH:10][H].[Cl-]>>[Cl-].C[NH+:10]([H])[C:20]1([NH:21]CC)[NH]C(C7=CC=CC=C7)C([H])[NH]1 10=20;20,21=21"
"[O-:21][C:20]1(C)C([H])C([H])C([H])C(CC)[NH+:10]1(C)>>[NH:10](C)C(CC)C([H])C([H])C([H])[C:20](C)=[O:21] 21=20;20,10=10"
"[H][NH+:21]=[C:20]2[O]C(C7=CC=CC=C7)C(C8=CC=CC=C8)[NH]2.C[O:10][H].[Cl-]>>[Cl-].C[O+:10]([H])[C:20]1([NH:21][H])[O]C(C7=CC=CC=C7)C(C8=CC=CC=C8)[NH]1 10=20;20,21=21"
"[O-:21][C:20]1(OC)[O:10]C([H])C([H])N1C>>[O-:10]C([H])C([H])N([C:20](OC)=[O:21])C 21=20;20,10=10"
"[OH:21][CH:20]2([H])C3=C(C(C([NH+:10]2([H]))C)[H])C=CC=C3>>[NH:10]([H])C(C(C1=C(C=CC=C1)[CH:20]([H])=[OH+:21])[H])C  21=20;20,10=10"
"[NH:10](C)C([H])C(O)C(O)C(O)[C:20](OCC)=[O:21]>>[O-:21][C:20]1(OCC)C(O)C(O)C(O)C([H])[NH+:10]1(C) 10=20;20,21=21"
"CC[O+:10]([H])[C:20]1([O:21][Si](C)(C)(C))[S]C(C)C(C)[O]1.[Cl-]>>[Cl-].[Si](C)(C)(C)[O+:21]=[C:20]2[S]C(C)C(C)[O]2.CC[O:10][H] 21=20;20,10=10"
"[H][O+:10](C(CC)C(C)C(C8=CC=CC=C8)[NH]1)[C:20]1([NH:21]CC)[O]CC.[Cl-]>>[Cl-].[H][O:10]C(CC)C(C)C(C8=CC=CC=C8)[NH][C:20]([O]CC)=[NH+:21]CC 21=20;20,10=10"
"[O:10]([K])C([H])C([H])C([C:20](OC)=[O:21])O>>[O-:21][C:20]1(OC)[O+:10]([K])C([H])C([H])C1O 10=20;20,21=21"
"C1(C(O[C:20]([O-:10])([O:21]C1C)OCC)CCCCCC)[H]>>C(C([O-:21])C)(C(O[C:20](=[O:10])OCC)CCCCCC)[H] 10=20;20,21=21"
"C9=CC=CC=C9[NH+:10]([H])[C:20]1([NH:21][H])[NH][CH]([H])C(C)[CH]([H])[NH]1.[Cl-]>>[Cl-].[H][NH+:21]=[C:20]2[NH][CH]([H])[CH](C)C([H])[NH]2.C9=CC=CC=C9[NH:10][H] 21=20;20,10=10"
"CCN([C:20](=[O:10])OC(C(C([O-:21])CCCCCC)CC)[H])CC>>CCN([C:20]1(OC(C(C([O:21]1)CCCCCC)CC)[H])[O-:10])CC 21=20;20,10=10"
"[H][O:10]C([H])C([H])C(CC)[NH][C:20]([NH][H])=[NH+:21]C6=CC=CC=C6.[Cl-]>>[Cl-].[H][O+:10](C([H])C([H])C(CC)[NH]1)[C:20]1([NH:21]C6=CC=CC=C6)[NH][H] 10=20;20,21=21"
"[H][O+:21]=[C:20]2[S]C([H])C(CC)[O]2.CC[O:10][H].[Cl-]>>[Cl-].CC[O+:10]([H])[C:20]1([O:21][H])[S]C([H])C(CC)[O]1 10=20;20,21=21"
"C[S+:10]([H])[C:20]1([O:21][Si](C)(C)(C))[S]C([H])C(C8=CC=CC=C8)[O]1.[Cl-]>>[Cl-].[Si](C)(C)(C)[O+:21]=[C:20]2[S]C([H])C(C8=CC=CC=C8)[O]2.C[S:10][H] 21=20;20,10=10"
"CC[O+:10]([H])[C:20]1([NH:21]C)[O][CH](C)C(C)[CH](CC)[NH]1.[Cl-]>>[Cl-].C[NH+:21]=[C:20]2[O][CH](C)[CH](C)C(CC)[NH]2.CC[O:10][H] 21=20;20,10=10"
"[H][O+:21]=[C:20]2[S]C(C7=CC=CC=C7)C([H])[S]2.[H][O:10][H].[Cl-]>>[Cl-].[H][O+:10]([H])[C:20]1([O:21][H])[S]C(C7=CC=CC=C7)C([H])[S]1 10=20;20,21=21"
"CN([C:20]1(OC(C([O:21]1)C1=CC=CC=C1)[H])[O-:10])C>>CN([C:20](=[O:10])OC(C([O-:21])C1=CC=CC=C1)[H])C 10=20;20,21=21"
"[H]N([C:20]1(OC(C([O:21]1)[H])CC)[O-:10])CC>>[H]N([C:20](=[O:10])OC(C([O-:21])[H])CC)CC 10=20;20,21=21"
"C[O:10][CH:20]([F:21])CC>>C[O+:10]=[CH:20]CC.[F-:21] 10=20;20,21=21"
"C9=CC=CC=C9[S:10][H].C[O+:21]=[C:20]([O][H])[O]C.[Cl-]>>[Cl-].C9=CC=CC=C9[S+:10]([H])[C:20]([O:21]C)([O][H])[O]C 10=20;20,21=21"
"[H][O:10]C(C9=CC=CC=C9)C([H])C(C)[O][C:20]([NH]C)=[NH+:21]C.[Cl-]>>[Cl-].[H][O+:10](C(C9=CC=CC=C9)C([H])C(C)[O]1)[C:20]1([NH:21]C)[NH]C 10=20;20,21=21"
"[H][NH:10]C(C9=CC=CC=C9)C([H])[NH][C:20]([NH][H])=[NH+:21]CC.[Cl-]>>[Cl-].[H][NH+:10](C(C9=CC=CC=C9)C([H])[NH]1)[C:20]1([NH:21]CC)[NH][H] 10=20;20,21=21"
"[H][O+:10](C(C9=CC=CC=C9)C(CC)[O]1)[C:20]1([O:21][Si](C)(C)(C))[S][H].[Cl-]>>[Cl-].[H][O:10]C(C9=CC=CC=C9)C(CC)[O][C:20]([S][H])=[O+:21][Si](C)(C)(C) 21=20;20,10=10"
"[H][NH+:10]([H])[C:20]1([NH:21]C)[O][CH](C7=CC=CC=C7)C(C)[CH](CC)[NH]1.[Cl-]>>[Cl-].C[NH+:21]=[C:20]2[O][CH](C7=CC=CC=C7)[CH](C)C(CC)[NH]2.[H][NH:10][H] 21=20;20,10=10"
"C1=CC=CC=C1N([C:20](=[O:10])OC(C([O-:21])C1=CC=CC=C1)CC)[H]>>C1=CC=CC=C1N([C:20]1(OC(C([O:21]1)C1=CC=CC=C1)CC)[O-:10])[H] 21=20;20,10=10"
"CC1C(O[C:20](N1C)([O-:10])[O:21][H])[H]>>CC1C(O[C:20](=[O:10])N1C)[H].[O-:21][H] 10=20;20,21=21"
"CC[NH+:21]=[C:20]2[NH][CH]([H])[CH](C)C(C8=CC=CC=C8)[NH]2.C9=CC=CC=C9[O:10][H].[Cl-]>>[Cl-].C9=CC=CC=C9[O+:10]([H])[C:20]1([NH:21]CC)[NH][CH]([H])C(C)[CH](C8=CC=CC=C8)[NH]1 10=20;20,21=21"
"CCN([C:20](=[O:10])OC(C(C([O-:21])CCCCCC)CC)[H])C1=CC=CC=C1>>CCN([C:20]1(OC(C(C([O:21]1)CCCCCC)CC)[H])[O-:10])C1=CC=CC=C1 21=20;20,10=10"
"[O-:21][C:20]1(OCC)C(C)=C(C)C([H])C(CC)[O+:10]1([Na])>>[O:10]([Na])C(CC)C([H])/C(C)=C(C)\[C:20](OCC)=[O:21] 21=20;20,10=10"
"[H][NH:10]C([H])C(C8=CC=CC=C8)[NH][C:20]([NH]CC)=[NH+:21]CC.[Cl-]>>[Cl-].[H][NH+:10](C([H])C(C8=CC=CC=C8)[NH]1)[C:20]1([NH:21]CC)[NH]CC 10=20;20,21=21"
"C[O+:21]=[C:20]2[O][CH](C7=CC=CC=C7)[CH]([H])C(CC)[O]2.C9=CC=CC=C9[O:10][H].[Cl-]>>[Cl-].C9=CC=CC=C9[O+:10]([H])[C:20]1([O:21]C)[O][CH](C7=CC=CC=C7)C([H])[CH](CC)[O]1 10=20;20,21=21"
"[OH:21][C:20]1(C)C([H])=C([H])C(C)C(CC)[OH+:10]1>>[OH:10]C(CC)C(C)/C([H])=C([H])\[C:20](C)=[OH+:21] 21=20;20,10=10"
"[OH:21][C:20]1(OC)C(O)C(C)C(C)C(C)[OH+:10]1>>[OH:10]C(C)C(C)C(C)C(O)[C:20](OC)=[OH+:21] 21=20;20,10=10"
"[H][NH+:10](C(C9=CC=CC=C9)C([H])[O]1)[C:20]1([NH:21][H])[NH][H].[Cl-]>>[Cl-].[H][NH:10]C(C9=CC=CC=C9)C([H])[O][C:20]([NH][H])=[NH+:21][H] 21=20;20,10=10"
"[H][O+:10]([Li])[C:21]([O-:20])(O[H])O[H]>>[O:20]=[C:21](O[H])O[H].[H][O:10][Li] 20=21;21,10=10"
"[H][O:10]C(C)C([H])C([H])[O][C:20]([S]C)=[O+:21]C.[Cl-]>>[Cl-].[H][O+:10](C(C)C([H])C([H])[O]1)[C:20]1([O:21]C)[S]C 10=20;20,21=21"
"C[O+:21]=[C:20]2[S]C(CC)C(CC)[O]2.C[S:10][H].[Cl-]>>[Cl-].C[S+:10]([H])[C:20]1([O:21]C)[S]C(CC)C(CC)[O]1 10=20;20,21=21"
"CCCCCCN([C:20](=[O:10])OC(C(C([O-:21])[H])[H])C)CCCCCC>>CCCCCCN([C:20]1(OC(C(C([O:21]1)[H])[H])C)[O-:10])CCCCCC 21=20;20,10=10"
"C[NH+:10]([H])[C:20]([NH:21]C)([NH]CC)[NH][H].[Cl-]>>[Cl-].C[NH:10][H].C[NH+:21]=[C:20]([NH]CC)[NH][H] 21=20;20,10=10"
"[H][O+:10](C(CC)C([H])C(C8=CC=CC=C8)[S]1)[C:20]1([O:21][H])[O][H].[Cl-]>>[Cl-].[H][O:10]C(CC)C([H])C(C8=CC=CC=C8)[S][C:20]([O][H])=[O+:21][H] 21=20;20,10=10"
"[O:10]([K])C([H])C([H])C(C)C(O)[C:20](C)=[O:21]>>[O-:21][C:20]1(C)C(O)C(C)C([H])C([H])[O+:10]1([K]) 10=20;20,21=21"
"CCN([C:20]1(OC(C(C([O:21]1)C)C)CC)[O-:10])CC>>CCN([C:20](=[O:10])OC(C(C([O-:21])C)C)CC)CC 10=20;20,21=21"
"C6=CC=CC=C6[NH+:21]=[C:20]2[NH][CH](CC)[CH]([H])C(C8=CC=CC=C8)[NH]2.[H][NH:10][H].[Cl-]>>[Cl-].[H][NH+:10]([H])[C:20]1([NH:21]C6=CC=CC=C6)[NH][CH](CC)C([H])[CH](C8=CC=CC=C8)[NH]1 10=20;20,21=21"
"[H][S+:10](C(CC)C([H])[S]1)[C:20]1([O:21]C)[O][H].[Cl-]>>[Cl-].[H][S:10]C(CC)C([H])[S][C:20]([O][H])=[O+:21]C 21=20;20,10=10"
"[O-:21][C:20]1(OCC)C([H])C([H])C([H])C([H])[O+:10]1([Na])>>[O:10]([Na])C([H])C([H])C([H])C([H])[C:20](OCC)=[O:21] 21=20;20,10=10"
"C1(C(O[C:20]([O-:10])([O:21]C1[H])OCC)C1=CC=CC=C1)CC>>C(C([O-:21])[H])(C(O[C:20](=[O:10])OCC)C1=CC=CC=C1)CC 10=20;20,21=21"
"CCN([C:20](=[O:10])OC(C(C([O-:21])CC)CC)[H])CC>>CCN([C:20]1(OC(C(C([O:21]1)CC)CC)[H])[O-:10])CC 21=20;20,10=10"
"[H][NH+:21]=[C:20]2[NH][CH](CC)[CH](C)C(CC)[O]2.C9=CC=CC=C9[NH:10][H].[Cl-]>>[Cl-].C9=CC=CC=C9[NH+:10]([H])[C:20]1([NH:21][H])[NH][CH](CC)C(C)[CH](CC)[O]1 10=20;20,21=21"
"[H][NH+:10](C(C9=CC=CC=C9)C(C)[O]1)[C:20]1([NH:21]C)[NH]C7=CC=CC=C7.[Cl-]>>[Cl-].[H][NH:10]C(C9=CC=CC=C9)C(C)[O][C:20]([NH]C7=CC=CC=C7)=[NH+:21]C 21=20;20,10=10"
"C9=CC=CC=C9[NH:10][H].CC[NH+:21]=[C:20]([NH]C8=CC=CC=C8)[NH]C7=CC=CC=C7.[Cl-]>>[Cl-].C9=CC=CC=C9[NH+:10]([H])[C:20]([NH:21]CC)([NH]C8=CC=CC=C8)[NH]C7=CC=CC=C7 10=20;20,21=21"
"[H][O+:21]=[C:20]2[O][CH](C7=CC=CC=C7)[CH]([H])C([H])[S]2.[H][S:10][H].[Cl-]>>[Cl-].[H][S+:10]([H])[C:20]1([O:21][H])[O][CH](C7=CC=CC=C7)C([H])[CH]([H])[S]1 10=20;20,21=21"
"C[O+:10]([H])[C:20]1([NH:21][H])[NH][CH]([H])C([H])[CH]([H])[O]1.[Cl-]>>[Cl-].[H][NH+:21]=[C:20]2[NH][CH]([H])[CH]([H])C([H])[O]2.C[O:10][H] 21=20;20,10=10"
"C1=CC=CC=C1N([C:20](=[O:10])OC)C.[O-:21][H]>>C1=CC=CC=C1N([C:20]([O-:10])(OC)[O:21][H])C 21=20;20,10=10"
"CC[NH+:21]=[C:20]2[NH][CH]([H])[CH](C)C(CC)[O]2.[H][NH:10][H].[Cl-]>>[Cl-].[H][NH+:10]([H])[C:20]1([NH:21]CC)[NH][CH]([H])C(C)[CH](CC)[O]1 10=20;20,21=21"
"C1=CC=CC=C1C1C(C(O[C:20](N1C)([O-:10])[Cl:21])C1=CC=CC=C1)[H]>>C1=CC=CC=C1C1C(C(O[C:20](=[O:10])N1C)C1=CC=CC=C1)[H].[Cl-:21] 10=20;20,21=21"
"[H][NH+:10]([H])[C:20]1([NH:21]C6=CC=CC=C6)[O]C(C7=CC=CC=C7)C(C)[O]1.[Cl-]>>[Cl-].C6=CC=CC=C6[NH+:21]=[C:20]2[O]C(C7=CC=CC=C7)C(C)[O]2.[H][NH:10][H] 21=20;20,10=10"
"[H][NH+:21]=[C:20]2[NH][CH](C)[CH]([H])C(C)[O]2.CC[NH:10][H].[Cl-]>>[Cl-].CC[NH+:10]([H])[C:20]1([NH:21][H])[NH][CH](C)C([H])[CH](C)[O]1 10=20;20,21=21"
"CC1C(C(O[C:20](N1[H])([O-:10])[Cl:21])C)CC>>CC1C(C(O[C:20](=[O:10])N1[H])C)CC.[Cl-:21] 10=20;20,21=21"
"[O-:21][C:20]1(OC)C([H])C([H])=C(C)C([H])[O+:10]1([Na])>>[O:10]([Na])C([H])/C(C)=C([H])\C([H])[C:20](OC)=[O:21] 21=20;20,10=10"
"[H][O+:21]=[C:20]2[S][CH](C)[CH]([H])C([H])[S]2.[H][S:10][H].[Cl-]>>[Cl-].[H][S+:10]([H])[C:20]1([O:21][H])[S][CH](C)C([H])[CH]([H])[S]1 10=20;20,21=21"
"[H]C1C(C(O[C:20](N1CC)([O-:10])[Cl:21])CCCCCC)C1=CC=CC=C1>>[H]C1C(C(O[C:20](=[O:10])N1CC)CCCCCC)C1=CC=CC=C1.[Cl-:21] 10=20;20,21=21"
"[H][NH+:10](C([H])C([H])C(C8=CC=CC=C8)[O]1)[C:20]1([NH:21]C6=CC=CC=C6)[NH]C7=CC=CC=C7.[Cl-]>>[Cl-].[H][NH:10]C([H])C([H])C(C8=CC=CC=C8)[O][C:20]([NH]C7=CC=CC=C7)=[NH+:21]C6=CC=CC=C6 21=20;20,10=10"
"C1(C(O[C:20]([O-:10])([O:21]C1CCCCCC)O[H])[H])C>>C(C([O-:21])CCCCCC)(C(O[C:20](=[O:10])O[H])[H])C 10=20;20,21=21"
"[H][O:10]C(CC)C(CC)[O][C:20]([NH]CC)=[NH+:21][H].[Cl-]>>[Cl-].[H][O+:10](C(CC)C(CC)[O]1)[C:20]1([NH:21][H])[NH]CC 10=20;20,21=21"
"[H][NH+:10]([H])[C:20]1([NH:21][H])[NH]C(CC)C([H])[O]1.[Cl-]>>[Cl-].[H][NH+:21]=[C:20]2[NH]C(CC)C([H])[O]2.[H][NH:10][H] 21=20;20,10=10"
"C[NH+:21]=[C:20]2[NH][CH](C7=CC=CC=C7)[CH](C)C(C)[NH]2.[H][NH:10][H].[Cl-]>>[Cl-].[H][NH+:10]([H])[C:20]1([NH:21]C)[NH][CH](C7=CC=CC=C7)C(C)[CH](C)[NH]1 10=20;20,21=21"
"CCCCCCN([C:20](=[O:10])OCC)C1=CC=CC=C1.[O-:21]C>>CCCCCCN([C:20]([O-:10])(OCC)[O:21]C)C1=CC=CC=C1 21=20;20,10=10"
"[H]C1C(C(O[C:20](N1C)([O-:10])[O:21]C)CC)CC>>[H]C1C(C(O[C:20](=[O:10])N1C)CC)CC.[O-:21]C 10=20;20,21=21"
"[H][O:10]C(C9=CC=CC=C9)C([H])C(C)[S][C:20]([O][H])=[O+:21][H].[Cl-]>>[Cl-].[H][O+:10](C(C9=CC=CC=C9)C([H])C(C)[S]1)[C:20]1([O:21][H])[O][H] 10=20;20,21=21"
"[H][NH+:10]([H])[C:20]([NH:21]CC)([NH]C)[NH]CC.[Cl-]>>[Cl-].[H][NH:10][H].CC[NH+:21]=[C:20]([NH]C)[NH]CC 21=20;20,10=10"
"[H][O+:10]([H])[C:20]1([NH:21]C6=CC=CC=C6)[NH][CH]([H])C(C)[CH](C8=CC=CC=C8)[NH]1.[Cl-]>>[Cl-].C6=CC=CC=C6[NH+:21]=[C:20]2[NH][CH]([H])[CH](C)C(C8=CC=CC=C8)[NH]2.[H][O:10][H] 21=20;20,10=10"
"[H][O+:10](C(C9=CC=CC=C9)C(C)C(C8=CC=CC=C8)[S]1)[C:20]1([O:21]C)[S][H].[Cl-]>>[Cl-].[H][O:10]C(C9=CC=CC=C9)C(C)C(C8=CC=CC=C8)[S][C:20]([S][H])=[O+:21]C 21=20;20,10=10"
"C1(C(O[C:20]([O-:10])([O:21]C1C1=CC=CC=C1)OC)CCCCCC)CCCCCC>>C(C([O-:21])C1=CC=CC=C1)(C(O[C:20](=[O:10])OC)CCCCCC)CCCCCC 10=20;20,21=21"
"[H]N([C:20](=[O:10])OC(C([O-:21])C)[H])CC>>[H]N([C:20]1(OC(C([O:21]1)C)[H])[O-:10])CC 21=20;20,10=10"
"[H][NH+:10](C(C9=CC=CC=C9)C(C)C(C8=CC=CC=C8)[O]1)[C:20]1([NH:21]CC)[NH]C.[Cl-]>>[Cl-].[H][NH:10]C(C9=CC=CC=C9)C(C)C(C8=CC=CC=C8)[O][C:20]([NH]C)=[NH+:21]CC 21=20;20,10=10"
"[H][S:10]C(C9=CC=CC=C9)C([H])C([H])[S][C:20]([O][H])=[O+:21][H].[Cl-]>>[Cl-].[H][S+:10](C(C9=CC=CC=C9)C([H])C([H])[S]1)[C:20]1([O:21][H])[O][H] 10=20;20,21=21"
"[H][O+:10](C(CC)C(CC)[S]1)[C:20]1([O:21][H])[S]C7=CC=CC=C7.[Cl-]>>[Cl-].[H][O:10]C(CC)C(CC)[S][C:20]([S]C7=CC=CC=C7)=[O+:21][H] 21=20;20,10=10"
"[H][O:10]C(C9=CC=CC=C9)C(CC)[S][C:20]([O]C7=CC=CC=C7)=[O+:21][Si](C)(C)(C).[Cl-]>>[Cl-].[H][O+:10](C(C9=CC=CC=C9)C(CC)[S]1)[C:20]1([O:21][Si](C)(C)(C))[O]C7=CC=CC=C7 10=20;20,21=21"
"[NH:10]([H])C(C)/C(C)=C([C:20](OCC)=[O:21])/[H]>>[O-:21][C:20]1(OCC)[NH+:10]([H])C(C)C(C)=C1[H] 10=20;20,21=21"
"C[NH+:10]([H])[C:20]([NH:21][H])([O][H])[O]CC.[Cl-]>>[Cl-].C[NH:10][H].[H][NH+:21]=[C:20]([O][H])[O]CC 21=20;20,10=10"
"C6=CC=CC=C6[NH+:21]=[C:20]2[O][CH](C7=CC=CC=C7)[CH]([H])C(CC)[O]2.[H][O:10][H].[Cl-]>>[Cl-].[H][O+:10]([H])[C:20]1([NH:21]C6=CC=CC=C6)[O][CH](C7=CC=CC=C7)C([H])[CH](CC)[O]1 10=20;20,21=21"
"CCCCCCN([C:20]1(OC(C(C([O:21]1)CCCCCC)C)CC)[O-:10])[H]>>CCCCCCN([C:20](=[O:10])OC(C(C([O-:21])CCCCCC)C)CC)[H] 10=20;20,21=21"
"[OH:21][C:20]1([H])C(C)C(O)C([H])C(CC)[OH+:10]1>>[OH:10]C(CC)C([H])C(O)C(C)[C:20]([H])=[OH+:21] 21=20;20,10=10"
"[H][O+:10](C(C9=CC=CC=C9)C(C)[O]1)[C:20]1([NH:21]C)[O]C7=CC=CC=C7.[Cl-]>>[Cl-].[H][O:10]C(C9=CC=CC=C9)C(C)[O][C:20]([O]C7=CC=CC=C7)=[NH+:21]C 21=20;20,10=10"
"[H][O:10]C(CC)C([H])[O][C:20]([O]C)=[NH+:21]CC.[Cl-]>>[Cl-].[H][O+:10](C(CC)C([H])[O]1)[C:20]1([NH:21]CC)[O]C 10=20;20,21=21"
"[H]C1C(C(O[C:20](N1C)([O-:10])[O:21]CCCCCC)[H])CC>>[H]C1C(C(O[C:20](=[O:10])N1C)[H])CC.[O-:21]CCCCCC 10=20;20,21=21"
"[H][O+:10](C(C9=CC=CC=C9)C(C)[S]1)[C:20]1([O:21]C)[O]C7=CC=CC=C7.[Cl-]>>[Cl-].[H][O:10]C(C9=CC=CC=C9)C(C)[S][C:20]([O]C7=CC=CC=C7)=[O+:21]C 21=20;20,10=10"
"[O-:21][C:20]1([H])[O:10]C(CCC)C(O)C1[H]>>[O-:10]C(CCC)C(O)C([C:20]([H])=[O:21])[H] 21=20;20,10=10"
"C9=CC=CC=C9[NH+:10]([H])[C:20]([NH:21][H])([O]C)[NH]C7=CC=CC=C7.[Cl-]>>[Cl-].C9=CC=CC=C9[NH:10][H].[H][NH+:21]=[C:20]([O]C)[NH]C7=CC=CC=C7 21=20;20,10=10"
"[H][O:10]C([H])C([H])C(CC)[O][C:20]([O]C7=CC=CC=C7)=[O+:21][H].[Cl-]>>[Cl-].[H][O+:10](C([H])C([H])C(CC)[O]1)[C:20]1([O:21][H])[O]C7=CC=CC=C7 10=20;20,21=21"
"[H][O+:10](C(C)C([H])C(C)[O]1)[C:20]1([O:21][H])[O]CC.[Cl-]>>[Cl-].[H][O:10]C(C)C([H])C(C)[O][C:20]([O]CC)=[O+:21][H] 21=20;20,10=10"
"[H][S:10]C(C9=CC=CC=C9)C(C)[S][C:20]([O][H])=[O+:21][Si](C)(C)(C).[Cl-]>>[Cl-].[H][S+:10](C(C9=CC=CC=C9)C(C)[S]1)[C:20]1([O:21][Si](C)(C)(C))[O][H] 10=20;20,21=21"
"[H][NH+:10](C(C)C(C)C(CC)[NH]1)[C:20]1([NH:21]CC)[O]C.[Cl-]>>[Cl-].[H][NH:10]C(C)C(C)C(CC)[NH][C:20]([O]C)=[NH+:21]CC 21=20;20,10=10"
"[H][S:10]C(C9=CC=CC=C9)C(C)C(CC)[O][C:20]([S]C)=[O+:21]C.[Cl-]>>[Cl-].[H][S+:10](C(C9=CC=CC=C9)C(C)C(CC)[O]1)[C:20]1([O:21]C)[S]C 10=20;20,21=21"
"[H][O:10]C(CC)C([H])C(C)[S][C:20]([O][H])=[O+:21][H].[Cl-]>>[Cl-].[H][O+:10](C(CC)C([H])C(C)[S]1)[C:20]1([O:21][H])[O][H] 10=20;20,21=21"
"[H][O+:10]([Na])[C:21]([O-:20])(OC)OCC>>[O:20]=[C:21](OC)OCC.[H][O:10][Na] 20=21;21,10=10"
"[H][NH+:10]([H])[C:20]([NH:21][H])([NH]C)[O][H].[Cl-]>>[Cl-].[H][NH:10][H].[H][NH+:21]=[C:20]([NH]C)[O][H] 21=20;20,10=10"
"[O-:21][C:20]1(OC)C([H])C([H])C(C)C(CC)[O+:10]1([K])>>[O:10]([K])C(CC)C(C)C([H])C([H])[C:20](OC)=[O:21] 21=20;20,10=10"
"C[O+:21]=[C:20]2[S][CH](C)[CH](C)C(C)[S]2.C[O:10][H].[Cl-]>>[Cl-].C[O+:10]([H])[C:20]1([O:21]C)[S][CH](C)C(C)[CH](C)[S]1 10=20;20,21=21"
"C9=CC=CC=C9[O+:10]([H])[C:20]1([NH:21]CC)[NH][CH]([H])C([H])[CH](C)[NH]1.[Cl-]>>[Cl-].CC[NH+:21]=[C:20]2[NH][CH]([H])[CH]([H])C(C)[NH]2.C9=CC=CC=C9[O:10][H] 21=20;20,10=10"
"C[O+:10]([H])[C:20]1([NH:21]C)[O][CH](C)C(C)[CH](C8=CC=CC=C8)[NH]1.[Cl-]>>[Cl-].C[NH+:21]=[C:20]2[O][CH](C)[CH](C)C(C8=CC=CC=C8)[NH]2.C[O:10][H] 21=20;20,10=10"
"C[NH+:10]([H])[C:20]([NH:21]C6=CC=CC=C6)([NH]C8=CC=CC=C8)[O]C.[Cl-]>>[Cl-].C[NH:10][H].C6=CC=CC=C6[NH+:21]=[C:20]([NH]C8=CC=CC=C8)[O]C 21=20;20,10=10"
"[H][S:10]C(C9=CC=CC=C9)C(C)C(C8=CC=CC=C8)[O][C:20]([S][H])=[O+:21]C.[Cl-]>>[Cl-].[H][S+:10](C(C9=CC=CC=C9)C(C)C(C8=CC=CC=C8)[O]1)[C:20]1([O:21]C)[S][H] 10=20;20,21=21"
"[H][O:10]C(C9=CC=CC=C9)C(C)C([H])[S][C:20]([O][H])=[O+:21][H].[Cl-]>>[Cl-].[H][O+:10](C(C9=CC=CC=C9)C(C)C([H])[S]1)[C:20]1([O:21][H])[O][H] 10=20;20,21=21"
"C[NH+:21]=[C:20]2[NH][CH](CC)[CH]([H])C(C8=CC=CC=C8)[O]2.CC[O:10][H].[Cl-]>>[Cl-].CC[O+:10]([H])[C:20]1([NH:21]C)[NH][CH](CC)C([H])[CH](C8=CC=CC=C8)[O]1 10=20;20,21=21"
"CCC1C(C(O[C:20](=[O:10])N1C)CCCCCC)CC.[O-:21][H]>>CCC1C(C(O[C:20](N1C)([O-:10])[O:21][H])CCCCCC)CC 21=20;20,10=10"
"CCC1C(O[C:20](=[O:10])N1C1=CC=CC=C1)CCCCCC.[O-:21]C1=CC=CC=C1>>CCC1C(O[C:20](N1C1=CC=CC=C1)([O-:10])[O:21]C1=CC=CC=C1)CCCCCC 21=20;20,10=10"
"C9=CC=CC=C9[S+:10]([H])[C:20]1([O:21][H])[S]C(CC)C([H])[O]1.[Cl-]>>[Cl-].[H][O+:21]=[C:20]2[S]C(CC)C([H])[O]2.C9=CC=CC=C9[S:10][H] 21=20;20,10=10"
"[H][NH:10]C(C9=CC=CC=C9)C([H])C(C8=CC=CC=C8)[NH][C:20]([O]C)=[NH+:21]CC.[Cl-]>>[Cl-].[H][NH+:10](C(C9=CC=CC=C9)C([H])C(C8=CC=CC=C8)[NH]1)[C:20]1([NH:21]CC)[O]C 10=20;20,21=21"
"CC[S+:10]([H])[C:20]([O:21]C)([O]CC)[O][H].[Cl-]>>[Cl-].CC[S:10][H].C[O+:21]=[C:20]([O]CC)[O][H] 21=20;20,10=10"
"CCCCCCC1C(O[C:20](=[O:10])N1[H])C.[O-:21]CC>>CCCCCCC1C(O[C:20](N1[H])([O-:10])[O:21]CC)C 21=20;20,10=10"
"C6=CC=CC=C6[NH+:21]=[C:20]2[NH][CH]([H])[CH]([H])C(C8=CC=CC=C8)[O]2.C[NH:10][H].[Cl-]>>[Cl-].C[NH+:10]([H])[C:20]1([NH:21]C6=CC=CC=C6)[NH][CH]([H])C([H])[CH](C8=CC=CC=C8)[O]1 10=20;20,21=21"
"[H][O:10]C(C)C(C8=CC=CC=C8)[NH][C:20]([NH]C)=[NH+:21]C.[Cl-]>>[Cl-].[H][O+:10](C(C)C(C8=CC=CC=C8)[NH]1)[C:20]1([NH:21]C)[NH]C 10=20;20,21=21"
"CCCCCCN([C:20]1(OC(C(C([O:21]1)C)[H])CC)[O-:10])[H]>>CCCCCCN([C:20](=[O:10])OC(C(C([O-:21])C)[H])CC)[H] 10=20;20,21=21"
"C9=CC=CC=C9[O+:10]([H])[C:20]1([NH:21][H])[O]C(C7=CC=CC=C7)C([H])[O]1.[Cl-]>>[Cl-].[H][NH+:21]=[C:20]2[O]C(C7=CC=CC=C7)C([H])[O]2.C9=CC=CC=C9[O:10][H] 21=20;20,10=10"
"[H][NH+:21]=[C:20]2[O][CH](C7=CC=CC=C7)[CH]([H])C(C)[O]2.[H][NH:10][H].[Cl-]>>[Cl-].[H][NH+:10]([H])[C:20]1([NH:21][H])[O][CH](C7=CC=CC=C7)C([H])[CH](C)[O]1 10=20;20,21=21"
"CCCCCCN([C:20]([O-:10])(O[H])[Cl:21])C>>CCCCCCN([C:20](=[O:10])O[H])C.[Cl-:21] 10=20;20,21=21"
"[H][O:10]C(C9=CC=CC=C9)C([H])[NH][C:20]([NH]C)=[NH+:21]C6=CC=CC=C6.[Cl-]>>[Cl-].[H][O+:10](C(C9=CC=CC=C9)C([H])[NH]1)[C:20]1([NH:21]C6=CC=CC=C6)[NH]C 10=20;20,21=21"
"CCCCCCC1C(C(O[C:20](N1CCCCCC)([O-:10])[O:21]CC)C1=CC=CC=C1)C>>CCCCCCC1C(C(O[C:20](=[O:10])N1CCCCCC)C1=CC=CC=C1)C.[O-:21]CC 10=20;20,21=21"
"[H]N([C:20]([O-:10])(O[H])[O:21][H])CCCCCC>>[H]N([C:20](=[O:10])O[H])CCCCCC.[O-:21][H] 10=20;20,21=21"
"C6=CC=CC=C6[NH+:21]=[C:20]2[O]C(C)C([H])[NH]2.C[O:10][H].[Cl-]>>[Cl-].C[O+:10]([H])[C:20]1([NH:21]C6=CC=CC=C6)[O]C(C)C([H])[NH]1 10=20;20,21=21"
"C9=CC=CC=C9[O:10][H].C[NH+:21]=[C:20]([O]C8=CC=CC=C8)[O][H].[Cl-]>>[Cl-].C9=CC=CC=C9[O+:10]([H])[C:20]([NH:21]C)([O]C8=CC=CC=C8)[O][H] 10=20;20,21=21"
"[OH:21][C:20]2(OCC)C(C(C)C3=C([NH+:10]2(C))C=CC=C3)O>>[NH:10](C)C(C=CC=C1)=C1C(C)C([C:20](OCC)=[OH+:21])O 21=20;20,10=10"
"[H][O:10]C(C9=CC=CC=C9)C(CC)[NH][C:20]([NH]C)=[NH+:21]C.[Cl-]>>[Cl-].[H][O+:10](C(C9=CC=CC=C9)C(CC)[NH]1)[C:20]1([NH:21]C)[NH]C 10=20;20,21=21"
"C[NH+:21]=[C:20]2[NH][CH](C7=CC=CC=C7)[CH](C)C([H])[NH]2.C9=CC=CC=C9[O:10][H].[Cl-]>>[Cl-].C9=CC=CC=C9[O+:10]([H])[C:20]1([NH:21]C)[NH][CH](C7=CC=CC=C7)C(C)[CH]([H])[NH]1 10=20;20,21=21"
"C[O:10][H].C6=CC=CC=C6[NH+:21]=[C:20]([O]C)[O]CC.[Cl-]>>[Cl-].C[O+:10]([H])[C:20]([NH:21]C6=CC=CC=C6)([O]C)[O]CC 10=20;20,21=21"
"[O-:21][C:20]1(C)C(C)C(C)=C([H])C([H])[NH+:10]1(C)>>[NH:10](C)C([H])/C([H])=C(C)\C(C)[C:20](C)=[O:21] 21=20;20,10=10"
"CC[NH+:21]=[C:20]2[NH][CH](C7=CC=CC=C7)[CH]([H])C(CC)[O]2.[H][NH:10][H].[Cl-]>>[Cl-].[H][NH+:10]([H])[C:20]1([NH:21]CC)[NH][CH](C7=CC=CC=C7)C([H])[CH](CC)[O]1 10=20;20,21=21"
"C[C:20]([O:10]C)([Br:21])C1=CC=CC=C1>>C[C:20](=[O+:10]C)C1=CC=CC=C1.[Br-:21] 10=20;20,21=21"
"CC1C(C(O[C:20](=[O:10])N1CCCCCC)CC)CCCCCC.[O-:21]CCCCCC>>CC1C(C(O[C:20](N1CCCCCC)([O-:10])[O:21]CCCCCC)CC)CCCCCC 21=20;20,10=10"
"[H][NH:10]C([H])C([H])C([H])[O][C:20]([O]CC)=[NH+:21]CC.[Cl-]>>[Cl-].[H][NH+:10](C([H])C([H])C([H])[O]1)[C:20]1([NH:21]CC)[O]CC 10=20;20,21=21"
"[H]N([C:20](=[O:10])OC(C([O-:21])[H])CC)CC>>[H]N([C:20]1(OC(C([O:21]1)[H])CC)[O-:10])CC 21=20;20,10=10"
"CC[S:10][H].[H][O+:21]=[C:20]([S]CC)[S]C.[Cl-]>>[Cl-].CC[S+:10]([H])[C:20]([O:21][H])([S]CC)[S]C 10=20;20,21=21"
"[H][NH+:21]=[C:20]2[NH][CH](CC)[CH]([H])C(CC)[NH]2.[H][NH:10][H].[Cl-]>>[Cl-].[H][NH+:10]([H])[C:20]1([NH:21][H])[NH][CH](CC)C([H])[CH](CC)[NH]1 10=20;20,21=21"
"C[O+:10]([H])[C:20]1([O:21][H])[O][CH](C)C(C)[CH](C8=CC=CC=C8)[S]1.[Cl-]>>[Cl-].[H][O+:21]=[C:20]2[O][CH](C)[CH](C)C(C8=CC=CC=C8)[S]2.C[O:10][H] 21=20;20,10=10"
"[H][S+:10](C(C)C(C)C(C)[S]1)[C:20]1([O:21]C)[S][H].[Cl-]>>[Cl-].[H][S:10]C(C)C(C)C(C)[S][C:20]([S][H])=[O+:21]C 21=20;20,10=10"
"[OH:21][C:20]1(OCC)[OH+:10]C(CCC)C([H])C1O>>[OH:10]C(CCC)C([H])C([C:20](OCC)=[OH+:21])O 21=20;20,10=10"
"C9=CC=CC=C9[S:10][H].C[O+:21]=[C:20]([O]C8=CC=CC=C8)[O]CC.[Cl-]>>[Cl-].C9=CC=CC=C9[S+:10]([H])[C:20]([O:21]C)([O]C8=CC=CC=C8)[O]CC 10=20;20,21=21"
"[H][S+:10](C(C)C(C)C(C8=CC=CC=C8)[S]1)[C:20]1([O:21][H])[O]C.[Cl-]>>[Cl-].[H][S:10]C(C)C(C)C(C8=CC=CC=C8)[S][C:20]([O]C)=[O+:21][H] 21=20;20,10=10"
"C(C([O-:21])CCCCCC)(C(O[C:20](=[O:10])OC1=CC=CC=C1)C1=CC=CC=C1)[H]>>C1(C(O[C:20]([O-:10])([O:21]C1CCCCCC)OC1=CC=CC=C1)C1=CC=CC=C1)[H] 21=20;20,10=10"
"C[C:20]([OH:10])([Br:21])C1=CC=CC=C1>>C[C:20](=[OH+:10])C1=CC=CC=C1.[Br-:21] 10=20;20,21=21"
"[OH:21][C:20]2(OCC)C(C([H])C3=C([OH+:10]2)C=CC=C3)[H]>>[OH:10]C(C=CC=C1)=C1C([H])C([C:20](OCC)=[OH+:21])[H] 21=20;20,10=10"
"[H][NH:10][H].CC[NH+:21]=[C:20]([NH]C8=CC=CC=C8)[O]C.[Cl-]>>[Cl-].[H][NH+:10]([H])[C:20]([NH:21]CC)([NH]C8=CC=CC=C8)[O]C 10=20;20,21=21"
"C1=CC=CC=C1N([C:20](=[O:10])OC(C(C([O-:21])C)CCCCCC)CC)CCCCCC>>C1=CC=CC=C1N([C:20]1(OC(C(C([O:21]1)C)CCCCCC)CC)[O-:10])CCCCCC 21=20;20,10=10"
"CN([C:20](=[O:10])OC(C(C([O-:21])C)[H])C1=CC=CC=C1)C>>CN([C:20]1(OC(C(C([O:21]1)C)[H])C1=CC=CC=C1)[O-:10])C 21=20;20,10=10"
"CC[NH+:10]([H])[C:20]1([NH:21]C)[NH][CH](C)C(C)[CH](C8=CC=CC=C8)[NH]1.[Cl-]>>[Cl-].C[NH+:21]=[C:20]2[NH][CH](C)[CH](C)C(C8=CC=CC=C8)[NH]2.CC[NH:10][H] 21=20;20,10=10"
"[OH:10]C([H])C(C)C(O)C([H])[C:20](C)=[OH+:21]>>[OH:21][C:20]1(C)C([H])C(O)C(C)C([H])[OH+:10]1 10=20;20,21=21"
"C1(C(O[C:20]([O-:10])([O:21]C1[H])OCCCCCC)[H])[H]>>C(C([O-:21])[H])(C(O[C:20](=[O:10])OCCCCCC)[H])[H] 10=20;20,21=21"
"[H][O:10][H].C6=CC=CC=C6[NH+:21]=[C:20]([O]C8=CC=CC=C8)[O]CC.[Cl-]>>[Cl-].[H][O+:10]([H])[C:20]([NH:21]C6=CC=CC=C6)([O]C8=CC=CC=C8)[O]CC 10=20;20,21=21"
"[H][O:10]C([H])C(C8=CC=CC=C8)[NH][C:20]([NH]CC)=[NH+:21]C6=CC=CC=C6.[Cl-]>>[Cl-].[H][O+:10](C([H])C(C8=CC=CC=C8)[NH]1)[C:20]1([NH:21]C6=CC=CC=C6)[NH]CC 10=20;20,21=21"
"[O-:10]C(CC)C(O)C([C:20]([H])=[O:21])O>>[O-:21][C:20]1([H])[O:10]C(CC)C(O)C1O 10=20;20,21=21"
"[NH:10]([H])C(C)C(O)C(C)C([H])[C:20](OCC)=[O:21]>>[O-:21][C:20]1(OCC)C([H])C(C)C(O)C(C)[NH+:10]1([H]) 10=20;20,21=21"
"CCN([C:20](=[O:10])OC(C([O-:21])CC)[H])C1=CC=CC=C1>>CCN([C:20]1(OC(C([O:21]1)CC)[H])[O-:10])C1=CC=CC=C1 21=20;20,10=10"
"[OH:10]C(CCC)/C(C)=C([C:20](C)=[OH+:21])/C>>[OH:21][C:20]1(C)[OH+:10]C(CCC)C(C)=C1C 10=20;20,21=21"
"[H][O+:10](C(C9=CC=CC=C9)C(C)[NH]1)[C:20]1([NH:21]C)[NH]C7=CC=CC=C7.[Cl-]>>[Cl-].[H][O:10]C(C9=CC=CC=C9)C(C)[NH][C:20]([NH]C7=CC=CC=C7)=[NH+:21]C 21=20;20,10=10"
"[H][O:10]C(C)C(CC)[O][C:20]([O]C7=CC=CC=C7)=[O+:21]C.[Cl-]>>[Cl-].[H][O+:10](C(C)C(CC)[O]1)[C:20]1([O:21]C)[O]C7=CC=CC=C7 10=20;20,21=21"
"[H]N([C:20](=[O:10])OC(C(C([O-:21])CCCCCC)[H])C)CC>>[H]N([C:20]1(OC(C(C([O:21]1)CCCCCC)[H])C)[O-:10])CC 21=20;20,10=10"
"C6=CC=CC=C6[NH+:21]=[C:20]2[O][CH]([H])[CH]([H])C(C)[NH]2.[H][O:10][H].[Cl-]>>[Cl-].[H][O+:10]([H])[C:20]1([NH:21]C6=CC=CC=C6)[O][CH]([H])C([H])[CH](C)[NH]1 10=20;20,21=21"
"[O-:21][C:20]1(OCC)[O+:10]([K])C(CCC)C(O)=C1[H]>>[O:10]([K])C(CCC)/C(O)=C([C:20](OCC)=[O:21])/[H] 21=20;20,10=10"
"C6=CC=CC=C6[NH+:21]=[C:20]2[O]C(CC)C([H])[O]2.CC[O:10][H].[Cl-]>>[Cl-].CC[O+:10]([H])[C:20]1([NH:21]C6=CC=CC=C6)[O]C(CC)C([H])[O]1 10=20;20,21=21"
"C9=CC=CC=C9[O:10][H].[Si](C)(C)(C)[O+:21]=[C:20]([O]C8=CC=CC=C8)[O]C7=CC=CC=C7.[Cl-]>>[Cl-].C9=CC=CC=C9[O+:10]([H])[C:20]([O:21][Si](C)(C)(C))([O]C8=CC=CC=C8)[O]C7=CC=CC=C7 10=20;20,21=21"
"[H][O+:10](C(CC)C([H])C(C)[O]1)[C:20]1([O:21]C)[S]CC.[Cl-]>>[Cl-].[H][O:10]C(CC)C([H])C(C)[O][C:20]([S]CC)=[O+:21]C 21=20;20,10=10"
"CCN([C:20](=[O:10])OC(C([O-:21])C)[H])CC>>CCN([C:20]1(OC(C([O:21]1)C)[H])[O-:10])CC 21=20;20,10=10"
"CCN([C:20](=[O:10])OC(C(C([O-:21])[H])[H])C1=CC=CC=C1)C>>CCN([C:20]1(OC(C(C([O:21]1)[H])[H])C1=CC=CC=C1)[O-:10])C 21=20;20,10=10"
"[H][NH+:21]=[C:20]2[NH][CH](C7=CC=CC=C7)[CH](C)C(CC)[NH]2.C9=CC=CC=C9[O:10][H].[Cl-]>>[Cl-].C9=CC=CC=C9[O+:10]([H])[C:20]1([NH:21][H])[NH][CH](C7=CC=CC=C7)C(C)[CH](CC)[NH]1 10=20;20,21=21"
"[NH:10]([H])C(C)C(C)/C([H])=C([H])\[C:20](OC)=[O:21]>>[O-:21][C:20]1(OC)C([H])=C([H])C(C)C(C)[NH+:10]1([H]) 10=20;20,21=21"
"[H][O+:21]=[C:20]2[S][CH](C)[CH](C)C(CC)[O]2.C[O:10][H].[Cl-]>>[Cl-].C[O+:10]([H])[C:20]1([O:21][H])[S][CH](C)C(C)[CH](CC)[O]1 10=20;20,21=21"
"C9=CC=CC=C9[O+:10]([H])[C:20]1([NH:21][H])[O][CH](CC)C([H])[CH](CC)[NH]1.[Cl-]>>[Cl-].[H][NH+:21]=[C:20]2[O][CH](CC)[CH]([H])C(CC)[NH]2.C9=CC=CC=C9[O:10][H] 21=20;20,10=10"
"C[O+:10]([H])[C:20]1([O:21][H])[S][CH](C)C(C)[CH](CC)[S]1.[Cl-]>>[Cl-].[H][O+:21]=[C:20]2[S][CH](C)[CH](C)C(CC)[S]2.C[O:10][H] 21=20;20,10=10"
"[H][S:10][H].[H][O+:21]=[C:20]([S]C8=CC=CC=C8)[S][H].[Cl-]>>[Cl-].[H][S+:10]([H])[C:20]([O:21][H])([S]C8=CC=CC=C8)[S][H] 10=20;20,21=21"
"[O:10]([K])C([H])C(C)C(O)C(O)[C:20]([H])=[O:21]>>[O-:21][C:20]1([H])C(O)C(O)C(C)C([H])[O+:10]1([K]) 10=20;20,21=21"
"[H][O+:21]=[C:20]2[O][CH](CC)[CH]([H])C(CC)[S]2.C9=CC=CC=C9[S:10][H].[Cl-]>>[Cl-].C9=CC=CC=C9[S+:10]([H])[C:20]1([O:21][H])[O][CH](CC)C([H])[CH](CC)[S]1 10=20;20,21=21"
"[H][S:10]C([H])C(C)[S][C:20]([O]CC)=[O+:21]C.[Cl-]>>[Cl-].[H][S+:10](C([H])C(C)[S]1)[C:20]1([O:21]C)[O]CC 10=20;20,21=21"
"[H][NH+:21]=[C:20]2[NH][CH](C7=CC=CC=C7)[CH](C)C(CC)[O]2.[H][O:10][H].[Cl-]>>[Cl-].[H][O+:10]([H])[C:20]1([NH:21][H])[NH][CH](C7=CC=CC=C7)C(C)[CH](CC)[O]1 10=20;20,21=21"
"[O-:21][C:20]1([H])C([H])C(C)=C(C)C([H])[NH+:10]1([H])>>[NH:10]([H])C([H])/C(C)=C(C)\C([H])[C:20]([H])=[O:21] 21=20;20,10=10"
"CCCCCCN([C:20](=[O:10])OC(C(C([O-:21])CCCCCC)[H])CCCCCC)[H]>>CCCCCCN([C:20]1(OC(C(C([O:21]1)CCCCCC)[H])CCCCCC)[O-:10])[H] 21=20;20,10=10"
"[H][O+:10](C(C9=CC=CC=C9)C([H])C(C)[O]1)[C:20]1([NH:21]CC)[NH]C.[Cl-]>>[Cl-].[H][O:10]C(C9=CC=CC=C9)C([H])C(C)[O][C:20]([NH]C)=[NH+:21]CC 21=20;20,10=10"
"CN([C:20]([O-:10])([O:21]N1C(=O)CCC1=O)C)[H]>>CN([C:20](=[O:10])C)[H].C1CC(=O)N(C1=O)[O-:21] 10=20;20,21=21"
"[H][O:10]C(CC)C(C)C(C)[O][C:20]([NH]CC)=[NH+:21][H].[Cl-]>>[Cl-].[H][O+:10](C(CC)C(C)C(C)[O]1)[C:20]1([NH:21][H])[NH]CC 10=20;20,21=21"
"[H][O:10]C(C9=CC=CC=C9)C(CC)[O][C:20]([S][H])=[O+:21][H].[Cl-]>>[Cl-].[H][O+:10](C(C9=CC=CC=C9)C(CC)[O]1)[C:20]1([O:21][H])[S][H] 10=20;20,21=21"
"[H][NH+:21]=[C:20]2[NH][CH](C)[CH](C)C(C)[NH]2.C[O:10][H].[Cl-]>>[Cl-].C[O+:10]([H])[C:20]1([NH:21][H])[NH][CH](C)C(C)[CH](C)[NH]1 10=20;20,21=21"
"[H][O:10]C(C)C(C)C([H])[O][C:20]([NH][H])=[NH+:21][H].[Cl-]>>[Cl-].[H][O+:10](C(C)C(C)C([H])[O]1)[C:20]1([NH:21][H])[NH][H] 10=20;20,21=21"
"CC[O+:10]([K])[C:21]([O-:20])(OC1=CC=CC=C1)OC1=CC=CC=C1>>[O:20]=[C:21](OC1=CC=CC=C1)OC1=CC=CC=C1.CC[O:10][K] 20=21;21,10=10"
"CCCCCCC1C(O[C:20](=[O:10])N1CCCCCC)C1=CC=CC=C1.[O-:21]C>>CCCCCCC1C(O[C:20](N1CCCCCC)([O-:10])[O:21]C)C1=CC=CC=C1 21=20;20,10=10"
"C9=CC=CC=C9[S:10][H].[H][O+:21]=[C:20]([S]C)[S][H].[Cl-]>>[Cl-].C9=CC=CC=C9[S+:10]([H])[C:20]([O:21][H])([S]C)[S][H] 10=20;20,21=21"
"[H][NH+:10](C(CC)C([H])C(C)[O]1)[C:20]1([NH:21]C)[O]C7=CC=CC=C7.[Cl-]>>[Cl-].[H][NH:10]C(CC)C([H])C(C)[O][C:20]([O]C7=CC=CC=C7)=[NH+:21]C 21=20;20,10=10"
"[H][O+:21]=[C:20]2[S]C(C7=CC=CC=C7)C(C8=CC=CC=C8)[S]2.C9=CC=CC=C9[O:10][H].[Cl-]>>[Cl-].C9=CC=CC=C9[O+:10]([H])[C:20]1([O:21][H])[S]C(C7=CC=CC=C7)C(C8=CC=CC=C8)[S]1 10=20;20,21=21"
"[O-:10]C(C)/C(C)=C([C:20]([H])=[O:21])/O>>[O-:21][C:20]1([H])[O:10]C(C)C(C)=C1O 10=20;20,21=21"
"[H][O:10]C([H])C(C)C(CC)[NH][C:20]([O]CC)=[NH+:21]C.[Cl-]>>[Cl-].[H][O+:10](C([H])C(C)C(CC)[NH]1)[C:20]1([NH:21]C)[O]CC 10=20;20,21=21"
"[H][O+:10](C([H])C([H])[NH]1)[C:20]1([NH:21]CC)[NH]C7=CC=CC=C7.[Cl-]>>[Cl-].[H][O:10]C([H])C([H])[NH][C:20]([NH]C7=CC=CC=C7)=[NH+:21]CC 21=20;20,10=10"
"[H][S:10]C([H])C(C)C([H])[O][C:20]([S][H])=[O+:21][H].[Cl-]>>[Cl-].[H][S+:10](C([H])C(C)C([H])[O]1)[C:20]1([O:21][H])[S][H] 10=20;20,21=21"
"[H][O+:10](C(CC)C([H])C(CC)[NH]1)[C:20]1([NH:21]CC)[O]CC.[Cl-]>>[Cl-].[H][O:10]C(CC)C([H])C(CC)[NH][C:20]([O]CC)=[NH+:21]CC 21=20;20,10=10"
"C9=CC=CC=C9[NH+:10]([H])[C:20]1([NH:21]C)[O][CH](C7=CC=CC=C7)C([H])[CH](CC)[NH]1.[Cl-]>>[Cl-].C[NH+:21]=[C:20]2[O][CH](C7=CC=CC=C7)[CH]([H])C(CC)[NH]2.C9=CC=CC=C9[NH:10][H] 21=20;20,10=10"
"CC[S:10][H].[Si](C)(C)(C)[O+:21]=[C:20]([O]CC)[S][H].[Cl-]>>[Cl-].CC[S+:10]([H])[C:20]([O:21][Si](C)(C)(C))([O]CC)[S][H] 10=20;20,21=21"
"[H][NH:10]C(C)C(C8=CC=CC=C8)[O][C:20]([NH]C7=CC=CC=C7)=[NH+:21]CC.[Cl-]>>[Cl-].[H][NH+:10](C(C)C(C8=CC=CC=C8)[O]1)[C:20]1([NH:21]CC)[NH]C7=CC=CC=C7 10=20;20,21=21"
"[O-:21][C:20]1([H])C([H])=C([H])C([H])C(CCC)[O:10]1>>[O-:10]C(CCC)C([H])/C([H])=C([H])\[C:20]([H])=[O:21] 21=20;20,10=10"
"[H][O:10][H].[Si](C)(C)(C)[O+:21]=[C:20]([O]C8=CC=CC=C8)[S]CC.[Cl-]>>[Cl-].[H][O+:10]([H])[C:20]([O:21][Si](C)(C)(C))([O]C8=CC=CC=C8)[S]CC 10=20;20,21=21"
"[H][O:10]C(CC)C([H])C(CC)[O][C:20]([O][H])=[NH+:21]C.[Cl-]>>[Cl-].[H][O+:10](C(CC)C([H])C(CC)[O]1)[C:20]1([NH:21]C)[O][H] 10=20;20,21=21"
"[H][S:10]C([H])C(C)C(C8=CC=CC=C8)[S][C:20]([O]C)=[O+:21]C.[Cl-]>>[Cl-].[H][S+:10](C([H])C(C)C(C8=CC=CC=C8)[S]1)[C:20]1([O:21]C)[O]C 10=20;20,21=21"
"[H][NH:10]C([H])C([H])C([H])[NH][C:20]([NH]C7=CC=CC=C7)=[NH+:21][H].[Cl-]>>[Cl-].[H][NH+:10](C([H])C([H])C([H])[NH]1)[C:20]1([NH:21][H])[NH]C7=CC=CC=C7 10=20;20,21=21"
"[O-:21][C:20]1(OCC)C([H])C([H])=C(C)C([H])[NH+:10]1(C)>>[NH:10](C)C([H])/C(C)=C([H])\C([H])[C:20](OCC)=[O:21] 21=20;20,10=10"
"C1=CC=CC=C1N([C:20](=[O:10])OC(C(C([O-:21])[H])C)CC)C1=CC=CC=C1>>C1=CC=CC=C1N([C:20]1(OC(C(C([O:21]1)[H])C)CC)[O-:10])C1=CC=CC=C1 21=20;20,10=10"
"CN([C:20]1(OC(C([O:21]1)CCCCCC)CC)[O-:10])CC>>CN([C:20](=[O:10])OC(C([O-:21])CCCCCC)CC)CC 10=20;20,21=21"
"[O:10]([K])C(C)/C(C)=C([C:20](OCC)=[O:21])/C>>[O-:21][C:20]1(OCC)[O+:10]([K])C(C)C(C)=C1C 10=20;20,21=21"
"[H][O:10]C(CC)C(C)C(CC)[NH][C:20]([NH]C7=CC=CC=C7)=[NH+:21]C.[Cl-]>>[Cl-].[H][O+:10](C(CC)C(C)C(CC)[NH]1)[C:20]1([NH:21]C)[NH]C7=CC=CC=C7 10=20;20,21=21"
"[H][O:10]C(C9=CC=CC=C9)C(C)[O][C:20]([NH]CC)=[NH+:21]C.[Cl-]>>[Cl-].[H][O+:10](C(C9=CC=CC=C9)C(C)[O]1)[C:20]1([NH:21]C)[NH]CC 10=20;20,21=21"
"C6=CC=CC=C6[NH+:21]=[C:20]2[NH][CH](C)[CH]([H])C(C8=CC=CC=C8)[NH]2.[H][O:10][H].[Cl-]>>[Cl-].[H][O+:10]([H])[C:20]1([NH:21]C6=CC=CC=C6)[NH][CH](C)C([H])[CH](C8=CC=CC=C8)[NH]1 10=20;20,21=21"
"[H][O:10][H].CC[NH+:21]=[C:20]([O]C)[O]C.[Cl-]>>[Cl-].[H][O+:10]([H])[C:20]([NH:21]CC)([O]C)[O]C 10=20;20,21=21"
"[H]N([C:20](=[O:10])OC(C(C([O-:21])CC)[H])[H])C1=CC=CC=C1>>[H]N([C:20]1(OC(C(C([O:21]1)CC)[H])[H])[O-:10])C1=CC=CC=C1 21=20;20,10=10"
"C9=CC=CC=C9[NH+:10]([H])[C:20]([NH:21]C6=CC=CC=C6)([O]C8=CC=CC=C8)[O]C.[Cl-]>>[Cl-].C9=CC=CC=C9[NH:10][H].C6=CC=CC=C6[NH+:21]=[C:20]([O]C8=CC=CC=C8)[O]C 21=20;20,10=10"
"[H][NH+:21]=[C:20]2[O][CH](C)[CH](C)C(C8=CC=CC=C8)[NH]2.[H][NH:10][H].[Cl-]>>[Cl-].[H][NH+:10]([H])[C:20]1([NH:21][H])[O][CH](C)C(C)[CH](C8=CC=CC=C8)[NH]1 10=20;20,21=21"
"[H][NH:10]C(CC)C(C)[NH][C:20]([NH]CC)=[NH+:21]C.[Cl-]>>[Cl-].[H][NH+:10](C(CC)C(C)[NH]1)[C:20]1([NH:21]C)[NH]CC 10=20;20,21=21"
"CCCCCCN([C:20]1(OC(C(C([O:21]1)C)CCCCCC)CCCCCC)[O-:10])CCCCCC>>CCCCCCN([C:20](=[O:10])OC(C(C([O-:21])C)CCCCCC)CCCCCC)CCCCCC 10=20;20,21=21"
"C6=CC=CC=C6[NH+:21]=[C:20]2[NH][CH]([H])[CH](C)C(C)[NH]2.CC[NH:10][H].[Cl-]>>[Cl-].CC[NH+:10]([H])[C:20]1([NH:21]C6=CC=CC=C6)[NH][CH]([H])C(C)[CH](C)[NH]1 10=20;20,21=21"
"[H]C1C(C(O[C:20](N1C1=CC=CC=C1)([O-:10])[Cl:21])[H])C1=CC=CC=C1>>[H]C1C(C(O[C:20](=[O:10])N1C1=CC=CC=C1)[H])C1=CC=CC=C1.[Cl-:21] 10=20;20,21=21"
"[H][O+:10](C([H])C([H])C([H])[S]1)[C:20]1([O:21][H])[S]C7=CC=CC=C7.[Cl-]>>[Cl-].[H][O:10]C([H])C([H])C([H])[S][C:20]([S]C7=CC=CC=C7)=[O+:21][H] 21=20;20,10=10"
"C9=CC=CC=C9[NH+:10]([H])[C:20]1([NH:21]C6=CC=CC=C6)[NH][CH](CC)C([H])[CH](CC)[O]1.[Cl-]>>[Cl-].C6=CC=CC=C6[NH+:21]=[C:20]2[NH][CH](CC)[CH]([H])C(CC)[O]2.C9=CC=CC=C9[NH:10][H] 21=20;20,10=10"
"C9=CC=CC=C9[O:10][H].C6=CC=CC=C6[NH+:21]=[C:20]([O]C8=CC=CC=C8)[NH]C.[Cl-]>>[Cl-].C9=CC=CC=C9[O+:10]([H])[C:20]([NH:21]C6=CC=CC=C6)([O]C8=CC=CC=C8)[NH]C 10=20;20,21=21"
"C1=CC=CC=C1N([C:20]1(OC(C(C([O:21]1)C1=CC=CC=C1)CC)C)[O-:10])C>>C1=CC=CC=C1N([C:20](=[O:10])OC(C(C([O-:21])C1=CC=CC=C1)CC)C)C 10=20;20,21=21"
"C1=CC=CC=C1N([C:20]1(OC(C(C([O:21]1)CC)CC)C1=CC=CC=C1)[O-:10])CC>>C1=CC=CC=C1N([C:20](=[O:10])OC(C(C([O-:21])CC)CC)C1=CC=CC=C1)CC 10=20;20,21=21"
"CN([C:20]1(OC(C(C([O:21]1)CC)C)CC)[O-:10])CC>>CN([C:20](=[O:10])OC(C(C([O-:21])CC)C)CC)CC 10=20;20,21=21"
"C1=CC=CC=C1C1C(C(O[C:20](N1C1=CC=CC=C1)([O-:10])[Cl:21])C)[H]>>C1=CC=CC=C1C1C(C(O[C:20](=[O:10])N1C1=CC=CC=C1)C)[H].[Cl-:21] 10=20;20,21=21"
"CN([C:20]1(OC(C(C([O:21]1)[H])C)[H])[O-:10])CCCCCC>>CN([C:20](=[O:10])OC(C(C([O-:21])[H])C)[H])CCCCCC 10=20;20,21=21"
"C[NH+:21]=[C:20]2[NH]C(C7=CC=CC=C7)C(CC)[NH]2.C[NH:10][H].[Cl-]>>[Cl-].C[NH+:10]([H])[C:20]1([NH:21]C)[NH]C(C7=CC=CC=C7)C(CC)[NH]1 10=20;20,21=21"
"CCCCCCN([C:20]1(OC(C(C([O:21]1)C1=CC=CC=C1)CCCCCC)C1=CC=CC=C1)[O-:10])C1=CC=CC=C1>>CCCCCCN([C:20](=[O:10])OC(C(C([O-:21])C1=CC=CC=C1)CCCCCC)C1=CC=CC=C1)C1=CC=CC=C1 10=20;20,21=21"
"[H][O:10]C([H])C(C)[O][C:20]([NH]CC)=[NH+:21][H].[Cl-]>>[Cl-].[H][O+:10](C([H])C(C)[O]1)[C:20]1([NH:21][H])[NH]CC 10=20;20,21=21"
"[O-:21][C:20]1(OCC)C(C)C(C)=C(C)C([H])[O:10]1>>[O-:10]C([H])/C(C)=C(C)\C(C)[C:20](OCC)=[O:21] 21=20;20,10=10"
"CCCCCCC1C(C(O[C:20](=[O:10])N1CC)C)CC.[O-:21]C>>CCCCCCC1C(C(O[C:20](N1CC)([O-:10])[O:21]C)C)CC 21=20;20,10=10"
"[H][O:10]C(C9=CC=CC=C9)C(C)C(C8=CC=CC=C8)[O][C:20]([S]C7=CC=CC=C7)=[O+:21][H].[Cl-]>>[Cl-].[H][O+:10](C(C9=CC=CC=C9)C(C)C(C8=CC=CC=C8)[O]1)[C:20]1([O:21][H])[S]C7=CC=CC=C7 10=20;20,21=21"
"C[O+:21]=[C:20]2[O][CH](C)[CH]([H])C([H])[O]2.CC[S:10][H].[Cl-]>>[Cl-].CC[S+:10]([H])[C:20]1([O:21]C)[O][CH](C)C([H])[CH]([H])[O]1 10=20;20,21=21"
"C9=CC=CC=C9[O+:10]([H])[C:20]([NH:21]CC)([NH][H])[NH]C.[Cl-]>>[Cl-].C9=CC=CC=C9[O:10][H].CC[NH+:21]=[C:20]([NH][H])[NH]C 21=20;20,10=10"
"CC[O+:10]([H])[C:20]1([NH:21]CC)[O]C(C7=CC=CC=C7)C(C8=CC=CC=C8)[NH]1.[Cl-]>>[Cl-].CC[NH+:21]=[C:20]2[O]C(C7=CC=CC=C7)C(C8=CC=CC=C8)[NH]2.CC[O:10][H] 21=20;20,10=10"
"[H][O+:10](C(C)C([H])C(CC)[NH]1)[C:20]1([NH:21]C6=CC=CC=C6)[O]C.[Cl-]>>[Cl-].[H][O:10]C(C)C([H])C(CC)[NH][C:20]([O]C)=[NH+:21]C6=CC=CC=C6 21=20;20,10=10"
"[H][S+:10](C(C)C(C)C(CC)[O]1)[C:20]1([O:21][H])[O]C.[Cl-]>>[Cl-].[H][S:10]C(C)C(C)C(CC)[O][C:20]([O]C)=[O+:21][H] 21=20;20,10=10"
"C9=CC=CC=C9[O+:10]([H])[C:20]1([NH:21]CC)[O][CH]([H])C([H])[CH](C8=CC=CC=C8)[O]1.[Cl-]>>[Cl-].CC[NH+:21]=[C:20]2[O][CH]([H])[CH]([H])C(C8=CC=CC=C8)[O]2.C9=CC=CC=C9[O:10][H] 21=20;20,10=10"
"CN([C:20]1(OC(C(C([O:21]1)C1=CC=CC=C1)CCCCCC)CC)[O-:10])CCCCCC>>CN([C:20](=[O:10])OC(C(C([O-:21])C1=CC=CC=C1)CCCCCC)CC)CCCCCC 10=20;20,21=21"
"[O:20]=[C:21](OC1=CC=CC=C1)OCC.[H][O:10][K]>>[H][O+:10]([K])[C:21]([O-:20])(OC1=CC=CC=C1)OCC 10=21;21,20=20"
"CC[NH+:21]=[C:20]2[O][CH]([H])[CH]([H])C(C)[O]2.C[NH:10][H].[Cl-]>>[Cl-].C[NH+:10]([H])[C:20]1([NH:21]CC)[O][CH]([H])C([H])[CH](C)[O]1 10=20;20,21=21"
"[H][O:10]C(C9=CC=CC=C9)C([H])C(C8=CC=CC=C8)[NH][C:20]([NH]CC)=[NH+:21]CC.[Cl-]>>[Cl-].[H][O+:10](C(C9=CC=CC=C9)C([H])C(C8=CC=CC=C8)[NH]1)[C:20]1([NH:21]CC)[NH]CC 10=20;20,21=21"
"[OH:21][CH:20]2([H])C3=C(C(C([OH+:10]2)C)O)C=CC=C3>>[OH:10]C(C(C1=C(C=CC=C1)[CH:20]([H])=[OH+:21])O)C 21=20;20,10=10"
"CCCCCCC1C(C(O[C:20](=[O:10])N1C1=CC=CC=C1)CCCCCC)CC.[O-:21][H]>>CCCCCCC1C(C(O[C:20](N1C1=CC=CC=C1)([O-:10])[O:21][H])CCCCCC)CC 21=20;20,10=10"
"[H][S:10][H].[Si](C)(C)(C)[O+:21]=[C:20]([O][H])[S]C7=CC=CC=C7.[Cl-]>>[Cl-].[H][S+:10]([H])[C:20]([O:21][Si](C)(C)(C))([O][H])[S]C7=CC=CC=C7 10=20;20,21=21"
"[H][O+:10](C(C9=CC=CC=C9)C(C)C(CC)[S]1)[C:20]1([O:21]C)[S]C7=CC=CC=C7.[Cl-]>>[Cl-].[H][O:10]C(C9=CC=CC=C9)C(C)C(CC)[S][C:20]([S]C7=CC=CC=C7)=[O+:21]C 21=20;20,10=10"
"C1=CC=CC=C1N([C:20]([O-:10])(OCC)[O:21]C1=CC=CC=C1)CC>>C1=CC=CC=C1N([C:20](=[O:10])OCC)CC.[O-:21]C1=CC=CC=C1 10=20;20,21=21"
"C1=CC=CC=C1C1C(C(O[C:20](=[O:10])N1CC)CCCCCC)C.[O-:21][H]>>C1=CC=CC=C1C1C(C(O[C:20](N1CC)([O-:10])[O:21][H])CCCCCC)C 21=20;20,10=10"
"[NH:10](C)C(CC)/C([H])=C(C)\C([H])[C:20](C)=[O:21]>>[O-:21][C:20]1(C)C([H])C(C)=C([H])C(CC)[NH+:10]1(C) 10=20;20,21=21"
"C9=CC=CC=C9[O+:10]([H])[C:20]([O:21][H])([O][H])[O][H].[Cl-]>>[Cl-].C9=CC=CC=C9[O:10][H].[H][O+:21]=[C:20]([O][H])[O][H] 21=20;20,10=10"
"[H][O+:10](C(C9=CC=CC=C9)C([H])C(C8=CC=CC=C8)[O]1)[C:20]1([NH:21]C6=CC=CC=C6)[NH][H].[Cl-]>>[Cl-].[H][O:10]C(C9=CC=CC=C9)C([H])C(C8=CC=CC=C8)[O][C:20]([NH][H])=[NH+:21]C6=CC=CC=C6 21=20;20,10=10"
"CCCCCCC1C(C(O[C:20](=[O:10])N1CC)C)CCCCCC.[O-:21]C>>CCCCCCC1C(C(O[C:20](N1CC)([O-:10])[O:21]C)C)CCCCCC 21=20;20,10=10"
"[H][NH:10][H].[H][NH+:21]=[C:20]([NH]C)[NH]C7=CC=CC=C7.[Cl-]>>[Cl-].[H][NH+:10]([H])[C:20]([NH:21][H])([NH]C)[NH]C7=CC=CC=C7 10=20;20,21=21"
"[H][O:10]C(C)C([H])C(C)[NH][C:20]([NH]C7=CC=CC=C7)=[NH+:21]CC.[Cl-]>>[Cl-].[H][O+:10](C(C)C([H])C(C)[NH]1)[C:20]1([NH:21]CC)[NH]C7=CC=CC=C7 10=20;20,21=21"
"[O-:21][C:20]1(OC)C(O)C(C)C([H])C(CC)[NH+:10]1([H])>>[NH:10]([H])C(CC)C([H])C(C)C(O)[C:20](OC)=[O:21] 21=20;20,10=10"
"C6=CC=CC=C6[NH+:21]=[C:20]2[NH]C(C7=CC=CC=C7)C(CC)[NH]2.CC[O:10][H].[Cl-]>>[Cl-].CC[O+:10]([H])[C:20]1([NH:21]C6=CC=CC=C6)[NH]C(C7=CC=CC=C7)C(CC)[NH]1 10=20;20,21=21"
"C(C([O-:21])CCCCCC)(C(O[C:20](=[O:10])OC)C)C1=CC=CC=C1>>C1(C(O[C:20]([O-:10])([O:21]C1CCCCCC)OC)C)C1=CC=CC=C1 21=20;20,10=10"
"C[S+:10]([H])[C:20]([O:21][H])([S]C)[O]C.[Cl-]>>[Cl-].C[S:10][H].[H][O+:21]=[C:20]([S]C)[O]C 21=20;20,10=10"
"C9=CC=CC=C9[O:10][H].C[O+:21]=[C:20]([S]C)[S][H].[Cl-]>>[Cl-].C9=CC=CC=C9[O+:10]([H])[C:20]([O:21]C)([S]C)[S][H] 10=20;20,21=21"
"C9=CC=CC=C9[O:10][H].C[NH+:21]=[C:20]([NH]CC)[O]CC.[Cl-]>>[Cl-].C9=CC=CC=C9[O+:10]([H])[C:20]([NH:21]C)([NH]CC)[O]CC 10=20;20,21=21"
"CCC1C(C(O[C:20](=[O:10])N1C1=CC=CC=C1)C)C.[O-:21]C>>CCC1C(C(O[C:20](N1C1=CC=CC=C1)([O-:10])[O:21]C)C)C 21=20;20,10=10"
"C[NH+:21]=[C:20]2[O]C(C)C(C)[O]2.C9=CC=CC=C9[NH:10][H].[Cl-]>>[Cl-].C9=CC=CC=C9[NH+:10]([H])[C:20]1([NH:21]C)[O]C(C)C(C)[O]1 10=20;20,21=21"
"CC1C(O[C:20](=[O:10])N1CC)CCCCCC.[O-:21][H]>>CC1C(O[C:20](N1CC)([O-:10])[O:21][H])CCCCCC 21=20;20,10=10"
"[O-:10]C(CCC)C(O)C([C:20](OCC)=[O:21])[H]>>[O-:21][C:20]1(OCC)[O:10]C(CCC)C(O)C1[H] 10=20;20,21=21"
"[H][O+:10](C(CC)C(C)C([H])[NH]1)[C:20]1([NH:21]C6=CC=CC=C6)[O]CC.[Cl-]>>[Cl-].[H][O:10]C(CC)C(C)C([H])[NH][C:20]([O]CC)=[NH+:21]C6=CC=CC=C6 21=20;20,10=10"
"C9=CC=CC=C9[NH+:10]([H])[C:20]1([NH:21]C6=CC=CC=C6)[O][CH](CC)C(C)[CH](C)[O]1.[Cl-]>>[Cl-].C6=CC=CC=C6[NH+:21]=[C:20]2[O][CH](CC)[CH](C)C(C)[O]2.C9=CC=CC=C9[NH:10][H] 21=20;20,10=10"
"[H]N([C:20]1(OC(C([O:21]1)CC)CC)[O-:10])CC>>[H]N([C:20](=[O:10])OC(C([O-:21])CC)CC)CC 10=20;20,21=21"
"[OH:21][CH:20]2(C)C3=C(C(C([OH+:10]2)[H])[H])C=CC=C3>>[OH:10]C(C(C1=C(C=CC=C1)[CH:20](C)=[OH+:21])[H])[H] 21=20;20,10=10"
"[H][O:10]C(C9=CC=CC=C9)C(C8=CC=CC=C8)[O][C:20]([NH]C)=[NH+:21]CC.[Cl-]>>[Cl-].[H][O+:10](C(C9=CC=CC=C9)C(C8=CC=CC=C8)[O]1)[C:20]1([NH:21]CC)[NH]C 10=20;20,21=21"
"[H][O+:10](C([H])C(C8=CC=CC=C8)[O]1)[C:20]1([NH:21]C)[O]CC.[Cl-]>>[Cl-].[H][O:10]C([H])C(C8=CC=CC=C8)[O][C:20]([O]CC)=[NH+:21]C 21=20;20,10=10"
"C[NH:10][H].C6=CC=CC=C6[NH+:21]=[C:20]([NH]C)[NH]CC.[Cl-]>>[Cl-].C[NH+:10]([H])[C:20]([NH:21]C6=CC=CC=C6)([NH]C)[NH]CC 10=20;20,21=21"
"CC[NH+:21]=[C:20]2[O]C(C7=CC=CC=C7)C(CC)[O]2.C[O:10][H].[Cl-]>>[Cl-].C[O+:10]([H])[C:20]1([NH:21]CC)[O]C(C7=CC=CC=C7)C(CC)[O]1 10=20;20,21=21"
"[H][S+:10](C(CC)C([H])C(CC)[O]1)[C:20]1([O:21]C)[O]CC.[Cl-]>>[Cl-].[H][S:10]C(CC)C([H])C(CC)[O][C:20]([O]CC)=[O+:21]C 21=20;20,10=10"
"C[NH+:21]=[C:20]2[O][CH]([H])[CH](C)C(C)[NH]2.CC[NH:10][H].[Cl-]>>[Cl-].CC[NH+:10]([H])[C:20]1([NH:21]C)[O][CH]([H])C(C)[CH](C)[NH]1 10=20;20,21=21"
"[OH:21][C:20]1(OCC)C(C)C(C)C([H])C(CCC)[OH+:10]1>>[OH:10]C(CCC)C([H])C(C)C(C)[C:20](OCC)=[OH+:21] 21=20;20,10=10"
"[O-:21][C:20]1(OCC)[O:10]C(CCC)C(C)C1O>>[O-:10]C(CCC)C(C)C([C:20](OCC)=[O:21])O 21=20;20,10=10"
"[H][NH:10]C(C9=CC=CC=C9)C(C)C(C8=CC=CC=C8)[NH][C:20]([O]C)=[NH+:21]C.[Cl-]>>[Cl-].[H][NH+:10](C(C9=CC=CC=C9)C(C)C(C8=CC=CC=C8)[NH]1)[C:20]1([NH:21]C)[O]C 10=20;20,21=21"
"CC[NH+:21]=[C:20]2[NH][CH](C)[CH]([H])C(CC)[NH]2.C9=CC=CC=C9[O:10][H].[Cl-]>>[Cl-].C9=CC=CC=C9[O+:10]([H])[C:20]1([NH:21]CC)[NH][CH](C)C([H])[CH](CC)[NH]1 10=20;20,21=21"
"[H][NH+:10](C([H])C(C)C(C8=CC=CC=C8)[NH]1)[C:20]1([NH:21]CC)[O]CC.[Cl-]>>[Cl-].[H][NH:10]C([H])C(C)C(C8=CC=CC=C8)[NH][C:20]([O]CC)=[NH+:21]CC 21=20;20,10=10"
"[O-:21][C:20]1(OCC)C([H])C([H])C([H])C(C)[NH+:10]1([H])>>[NH:10]([H])C(C)C([H])C([H])C([H])[C:20](OCC)=[O:21] 21=20;20,10=10"
"CCC1C(O[C:20](N1CC)([O-:10])[O:21]CCCCCC)CC>>CCC1C(O[C:20](=[O:10])N1CC)CC.[O-:21]CCCCCC 10=20;20,21=21"
"CCC1C(C(O[C:20](=[O:10])N1C1=CC=CC=C1)C1=CC=CC=C1)[H].[O-:21]CCCCCC>>CCC1C(C(O[C:20](N1C1=CC=CC=C1)([O-:10])[O:21]CCCCCC)C1=CC=CC=C1)[H] 21=20;20,10=10"
"[O-:21][C:20]1([H])C(C)C([H])=C(C)C(C)[NH+:10]1([H])>>[NH:10]([H])C(C)/C(C)=C([H])\C(C)[C:20]([H])=[O:21] 21=20;20,10=10"
"[NH:10](C)C([H])/C(C)=C(C)\C(C)[C:20](C)=[O:21]>>[O-:21][C:20]1(C)C(C)C(C)=C(C)C([H])[NH+:10]1(C) 10=20;20,21=21"
"[H][O+:10](C(C9=CC=CC=C9)C(C)C(C)[O]1)[C:20]1([O:21]C)[S]C.[Cl-]>>[Cl-].[H][O:10]C(C9=CC=CC=C9)C(C)C(C)[O][C:20]([S]C)=[O+:21]C 21=20;20,10=10"
"C[O+:21]=[C:20]2[O]C([H])C(CC)[S]2.CC[S:10][H].[Cl-]>>[Cl-].CC[S+:10]([H])[C:20]1([O:21]C)[O]C([H])C(CC)[S]1 10=20;20,21=21"
"[H][O+:10](C([H])C(CC)[NH]1)[C:20]1([NH:21]CC)[NH]C.[Cl-]>>[Cl-].[H][O:10]C([H])C(CC)[NH][C:20]([NH]C)=[NH+:21]CC 21=20;20,10=10"
"[H][O:10]C([H])C(C)C([H])[NH][C:20]([O]C)=[NH+:21]C6=CC=CC=C6.[Cl-]>>[Cl-].[H][O+:10](C([H])C(C)C([H])[NH]1)[C:20]1([NH:21]C6=CC=CC=C6)[O]C 10=20;20,21=21"
"C9=CC=CC=C9[O+:10]([H])[C:20]1([NH:21][H])[NH][CH](CC)C([H])[CH](CC)[O]1.[Cl-]>>[Cl-].[H][NH+:21]=[C:20]2[NH][CH](CC)[CH]([H])C(CC)[O]2.C9=CC=CC=C9[O:10][H] 21=20;20,10=10"
"[NH:10]([H])C([H])C(O)C(O)C(O)[C:20]([H])=[O:21]>>[O-:21][C:20]1([H])C(O)C(O)C(O)C([H])[NH+:10]1([H]) 10=20;20,21=21"
"C6=CC=CC=C6[NH+:21]=[C:20]2[O][CH](C7=CC=CC=C7)[CH]([H])C(CC)[NH]2.C9=CC=CC=C9[O:10][H].[Cl-]>>[Cl-].C9=CC=CC=C9[O+:10]([H])[C:20]1([NH:21]C6=CC=CC=C6)[O][CH](C7=CC=CC=C7)C([H])[CH](CC)[NH]1 10=20;20,21=21"
"[H][NH:10][H].[H][NH+:21]=[C:20]([NH][H])[NH]C7=CC=CC=C7.[Cl-]>>[Cl-].[H][NH+:10]([H])[C:20]([NH:21][H])([NH][H])[NH]C7=CC=CC=C7 10=20;20,21=21"
"CC[NH:10][H].[H][NH+:21]=[C:20]([NH]C)[O]C7=CC=CC=C7.[Cl-]>>[Cl-].CC[NH+:10]([H])[C:20]([NH:21][H])([NH]C)[O]C7=CC=CC=C7 10=20;20,21=21"
"C6=CC=CC=C6[NH+:21]=[C:20]2[O]C(C)C(C)[NH]2.CC[O:10][H].[Cl-]>>[Cl-].CC[O+:10]([H])[C:20]1([NH:21]C6=CC=CC=C6)[O]C(C)C(C)[NH]1 10=20;20,21=21"
"[H][S:10]C([H])C(C)[S][C:20]([O]C)=[O+:21][Si](C)(C)(C).[Cl-]>>[Cl-].[H][S+:10](C([H])C(C)[S]1)[C:20]1([O:21][Si](C)(C)(C))[O]C 10=20;20,21=21"
"CC[NH+:10]([H])[C:20]1([NH:21][H])[O][CH](C7=CC=CC=C7)C(C)[CH](CC)[O]1.[Cl-]>>[Cl-].[H][NH+:21]=[C:20]2[O][CH](C7=CC=CC=C7)[CH](C)C(CC)[O]2.CC[NH:10][H] 21=20;20,10=10"
"[H][S+:10](C(C9=CC=CC=C9)C(C8=CC=CC=C8)[S]1)[C:20]1([O:21]C)[O][H].[Cl-]>>[Cl-].[H][S:10]C(C9=CC=CC=C9)C(C8=CC=CC=C8)[S][C:20]([O][H])=[O+:21]C 21=20;20,10=10"
"[H][O:10]C(C9=CC=CC=C9)C(C)[S][C:20]([S]C7=CC=CC=C7)=[O+:21]C.[Cl-]>>[Cl-].[H][O+:10](C(C9=CC=CC=C9)C(C)[S]1)[C:20]1([O:21]C)[S]C7=CC=CC=C7 10=20;20,21=21"
"[O-:21][C:20]1([H])C(C)C(C)=C(C)C(CC)[NH+:10]1([H])>>[NH:10]([H])C(CC)/C(C)=C(C)\C(C)[C:20]([H])=[O:21] 21=20;20,10=10"
"[H][O:10]C(C)C(C)C(CC)[NH][C:20]([O][H])=[NH+:21]C6=CC=CC=C6.[Cl-]>>[Cl-].[H][O+:10](C(C)C(C)C(CC)[NH]1)[C:20]1([NH:21]C6=CC=CC=C6)[O][H] 10=20;20,21=21"
"[H][S:10]C(C9=CC=CC=C9)C([H])[S][C:20]([O]CC)=[O+:21]C.[Cl-]>>[Cl-].[H][S+:10](C(C9=CC=CC=C9)C([H])[S]1)[C:20]1([O:21]C)[O]CC 10=20;20,21=21"
"[H][O+:10](C(C9=CC=CC=C9)C([H])C([H])[O]1)[C:20]1([O:21]C)[S]CC.[Cl-]>>[Cl-].[H][O:10]C(C9=CC=CC=C9)C([H])C([H])[O][C:20]([S]CC)=[O+:21]C 21=20;20,10=10"
"[H][NH+:10](C(CC)C([H])C(C)[NH]1)[C:20]1([NH:21]C6=CC=CC=C6)[NH][H].[Cl-]>>[Cl-].[H][NH:10]C(CC)C([H])C(C)[NH][C:20]([NH][H])=[NH+:21]C6=CC=CC=C6 21=20;20,10=10"
"CCCCCCC1C(C(O[C:20](=[O:10])N1C)C)[H].[O-:21]CC>>CCCCCCC1C(C(O[C:20](N1C)([O-:10])[O:21]CC)C)[H] 21=20;20,10=10"
"[H][NH:10]C(CC)C(C8=CC=CC=C8)[O][C:20]([O]CC)=[NH+:21][H].[Cl-]>>[Cl-].[H][NH+:10](C(CC)C(C8=CC=CC=C8)[O]1)[C:20]1([NH:21][H])[O]CC 10=20;20,21=21"
"[O:10]([K])C(CCC)/C(C)=C([C:20]([H])=[O:21])/O>>[O-:21][C:20]1([H])[O+:10]([K])C(CCC)C(C)=C1O 10=20;20,21=21"
"[H][O+:10](C(C)C(CC)[O]1)[C:20]1([NH:21][H])[O]C7=CC=CC=C7.[Cl-]>>[Cl-].[H][O:10]C(C)C(CC)[O][C:20]([O]C7=CC=CC=C7)=[NH+:21][H] 21=20;20,10=10"
"[H][O:10]C(C)C([H])[O][C:20]([O][H])=[NH+:21]CC.[Cl-]>>[Cl-].[H][O+:10](C(C)C([H])[O]1)[C:20]1([NH:21]CC)[O][H] 10=20;20,21=21"
"[NH:10](C)C(C)C([H])/C([H])=C(C)\[C:20]([H])=[O:21]>>[O-:21][C:20]1([H])C(C)=C([H])C([H])C(C)[NH+:10]1(C) 10=20;20,21=21"
"[H]C1C(C(O[C:20](N1[H])([O-:10])[O:21][H])C)CCCCCC>>[H]C1C(C(O[C:20](=[O:10])N1[H])C)CCCCCC.[O-:21][H] 10=20;20,21=21"
"[H][O:10]C(C9=CC=CC=C9)C(C)C(C8=CC=CC=C8)[O][C:20]([NH]CC)=[NH+:21]CC.[Cl-]>>[Cl-].[H][O+:10](C(C9=CC=CC=C9)C(C)C(C8=CC=CC=C8)[O]1)[C:20]1([NH:21]CC)[NH]CC 10=20;20,21=21"
"C[O+:10]([H])[C:20]1([O:21][H])[S]C(CC)C(CC)[O]1.[Cl-]>>[Cl-].[H][O+:21]=[C:20]2[S]C(CC)C(CC)[O]2.C[O:10][H] 21=20;20,10=10"
"C6=CC=CC=C6[NH+:21]=[C:20]2[NH]C(C)C([H])[O]2.C[NH:10][H].[Cl-]>>[Cl-].C[NH+:10]([H])[C:20]1([NH:21]C6=CC=CC=C6)[NH]C(C)C([H])[O]1 10=20;20,21=21"
"[H][O+:10](C([H])C(C)C(C8=CC=CC=C8)[O]1)[C:20]1([NH:21]C)[NH][H].[Cl-]>>[Cl-].[H][O:10]C([H])C(C)C(C8=CC=CC=C8)[O][C:20]([NH][H])=[NH+:21]C 21=20;20,10=10"
"[O-:10]C(C(C1=C(C=CC=C1)[CH:20](C)=[O:21])O)[H]>>[O-:21][CH:20]2(C)C3=C(C(C([O:10]2)[H])O)C=CC=C3  10=20;20,21=21"
"C9=CC=CC=C9[O:10][H].C[NH+:21]=[C:20]([O][H])[NH][H].[Cl-]>>[Cl-].C9=CC=CC=C9[O+:10]([H])[C:20]([NH:21]C)([O][H])[NH][H] 10=20;20,21=21"
"CC[NH+:10]([H])[C:20]1([NH:21]C6=CC=CC=C6)[NH][CH](C7=CC=CC=C7)C(C)[CH](C)[NH]1.[Cl-]>>[Cl-].C6=CC=CC=C6[NH+:21]=[C:20]2[NH][CH](C7=CC=CC=C7)[CH](C)C(C)[NH]2.CC[NH:10][H] 21=20;20,10=10"
"[NH:10](C)C(C)C(O)C(O)C(O)[C:20](C)=[O:21]>>[O-:21][C:20]1(C)C(O)C(O)C(O)C(C)[NH+:10]1(C) 10=20;20,21=21"
"[H][NH:10][H].CC[NH+:21]=[C:20]([NH][H])[O]CC.[Cl-]>>[Cl-].[H][NH+:10]([H])[C:20]([NH:21]CC)([NH][H])[O]CC 10=20;20,21=21"
"[H][O+:21]=[C:20]2[S][CH](CC)[CH]([H])C([H])[O]2.C9=CC=CC=C9[O:10][H].[Cl-]>>[Cl-].C9=CC=CC=C9[O+:10]([H])[C:20]1([O:21][H])[S][CH](CC)C([H])[CH]([H])[O]1 10=20;20,21=21"
"[H][O:10]C(C9=CC=CC=C9)C(C)C(CC)[NH][C:20]([NH]C)=[NH+:21]CC.[Cl-]>>[Cl-].[H][O+:10](C(C9=CC=CC=C9)C(C)C(CC)[NH]1)[C:20]1([NH:21]CC)[NH]C 10=20;20,21=21"
"[NH:10](C)C(C)/C(C)=C([C:20](OC)=[O:21])/C>>[O-:21][C:20]1(OC)[NH+:10](C)C(C)C(C)=C1C 10=20;20,21=21"
"[H][S:10]C(C)C([H])[O][C:20]([S]CC)=[O+:21][Si](C)(C)(C).[Cl-]>>[Cl-].[H][S+:10](C(C)C([H])[O]1)[C:20]1([O:21][Si](C)(C)(C))[S]CC 10=20;20,21=21"
"[H][O+:10](C([H])C(C8=CC=CC=C8)[S]1)[C:20]1([O:21]C)[S][H].[Cl-]>>[Cl-].[H][O:10]C([H])C(C8=CC=CC=C8)[S][C:20]([S][H])=[O+:21]C 21=20;20,10=10"
"C6=CC=CC=C6[NH+:21]=[C:20]2[NH]C(C)C(CC)[O]2.CC[NH:10][H].[Cl-]>>[Cl-].CC[NH+:10]([H])[C:20]1([NH:21]C6=CC=CC=C6)[NH]C(C)C(CC)[O]1 10=20;20,21=21"
"[H][S:10]C(CC)C(C)C([H])[O][C:20]([O]C)=[O+:21][H].[Cl-]>>[Cl-].[H][S+:10](C(CC)C(C)C([H])[O]1)[C:20]1([O:21][H])[O]C 10=20;20,21=21"
"[O:10]([K])C(CC)/C([H])=C([H])\C(C)[C:20]([H])=[O:21]>>[O-:21][C:20]1([H])C(C)C([H])=C([H])C(CC)[O+:10]1([K]) 10=20;20,21=21"
"[H][NH:10]C(CC)C(C)C(C8=CC=CC=C8)[NH][C:20]([NH]C)=[NH+:21]CC.[Cl-]>>[Cl-].[H][NH+:10](C(CC)C(C)C(C8=CC=CC=C8)[NH]1)[C:20]1([NH:21]CC)[NH]C 10=20;20,21=21"
"CCC1C(C(O[C:20](N1C)([O-:10])[O:21]C1=CC=CC=C1)CCCCCC)CCCCCC>>CCC1C(C(O[C:20](=[O:10])N1C)CCCCCC)CCCCCC.[O-:21]C1=CC=CC=C1 10=20;20,21=21"
"CN([C:20](=[O:10])OC(C(C([O-:21])[H])C)CC)CCCCCC>>CN([C:20]1(OC(C(C([O:21]1)[H])C)CC)[O-:10])CCCCCC 21=20;20,10=10"
"C[S+:10]([H])[C:20]([O:21][Si](C)(C)(C))([O]C8=CC=CC=C8)[O]C.[Cl-]>>[Cl-].C[S:10][H].[Si](C)(C)(C)[O+:21]=[C:20]([O]C8=CC=CC=C8)[O]C 21=20;20,10=10"
"CN([C:20]1(OC(C(C([O:21]1)CC)CC)CC)[O-:10])C>>CN([C:20](=[O:10])OC(C(C([O-:21])CC)CC)CC)C 10=20;20,21=21"
"C[NH+:21]=[C:20]2[O][CH](CC)[CH]([H])C(C8=CC=CC=C8)[O]2.C[NH:10][H].[Cl-]>>[Cl-].C[NH+:10]([H])[C:20]1([NH:21]C)[O][CH](CC)C([H])[CH](C8=CC=CC=C8)[O]1 10=20;20,21=21"
"C[NH+:21]=[C:20]2[O][CH]([H])[CH](C)C([H])[NH]2.CC[O:10][H].[Cl-]>>[Cl-].CC[O+:10]([H])[C:20]1([NH:21]C)[O][CH]([H])C(C)[CH]([H])[NH]1 10=20;20,21=21"
"C1=CC=CC=C1N([C:20](=[O:10])OC1=CC=CC=C1)CCCCCC.[O-:21][H]>>C1=CC=CC=C1N([C:20]([O-:10])(OC1=CC=CC=C1)[O:21][H])CCCCCC 21=20;20,10=10"
"[NH:10]([H])C(C)/C([H])=C(C)\C(C)[C:20]([H])=[O:21]>>[O-:21][C:20]1([H])C(C)C(C)=C([H])C(C)[NH+:10]1([H]) 10=20;20,21=21"
"[O-:10]C(C)C([H])C([H])C([H])[C:20](OCC)=[O:21]>>[O-:21][C:20]1(OCC)C([H])C([H])C([H])C(C)[O:10]1 10=20;20,21=21"
"CCCCCCN([C:20]([O-:10])(OCCCCCC)[O:21][H])CC>>CCCCCCN([C:20](=[O:10])OCCCCCC)CC.[O-:21][H] 10=20;20,21=21"
"C[S+:10]([H])[C:20]1([O:21]C)[O][CH](C)C(C)[CH](CC)[S]1.[Cl-]>>[Cl-].C[O+:21]=[C:20]2[O][CH](C)[CH](C)C(CC)[S]2.C[S:10][H] 21=20;20,10=10"
"C[NH+:21]=[C:20]2[O][CH]([H])[CH]([H])C(CC)[NH]2.CC[O:10][H].[Cl-]>>[Cl-].CC[O+:10]([H])[C:20]1([NH:21]C)[O][CH]([H])C([H])[CH](CC)[NH]1 10=20;20,21=21"
"[O-:21][CH:20]2(OCC)C3=C(C(C([NH+:10]2(C))C)[H])C=CC=C3>>[NH:10](C)C(C(C1=C(C=CC=C1)[CH:20](OCC)=[O:21])[H])C  21=20;20,10=10"
"C[NH+:21]=[C:20]2[O]C(C)C(C)[NH]2.C[O:10][H].[Cl-]>>[Cl-].C[O+:10]([H])[C:20]1([NH:21]C)[O]C(C)C(C)[NH]1 10=20;20,21=21"
"C[NH+:21]=[C:20]2[NH]C(C)C(C8=CC=CC=C8)[O]2.CC[NH:10][H].[Cl-]>>[Cl-].CC[NH+:10]([H])[C:20]1([NH:21]C)[NH]C(C)C(C8=CC=CC=C8)[O]1 10=20;20,21=21"
"[H][O+:10](C([H])C(C)C(C)[O]1)[C:20]1([NH:21]C)[NH][H].[Cl-]>>[Cl-].[H][O:10]C([H])C(C)C(C)[O][C:20]([NH][H])=[NH+:21]C 21=20;20,10=10"
"C9=CC=CC=C9[O:10][H].C[NH+:21]=[C:20]([NH]C)[O]C7=CC=CC=C7.[Cl-]>>[Cl-].C9=CC=CC=C9[O+:10]([H])[C:20]([NH:21]C)([NH]C)[O]C7=CC=CC=C7 10=20;20,21=21"
"C9=CC=CC=C9[O+:10]([H])[C:20]([O:21][Si](C)(C)(C))([O]C8=CC=CC=C8)[O]C7=CC=CC=C7.[Cl-]>>[Cl-].C9=CC=CC=C9[O:10][H].[Si](C)(C)(C)[O+:21]=[C:20]([O]C8=CC=CC=C8)[O]C7=CC=CC=C7 21=20;20,10=10"
"CC[O:10][H].C[NH+:21]=[C:20]([NH]C8=CC=CC=C8)[O]C.[Cl-]>>[Cl-].CC[O+:10]([H])[C:20]([NH:21]C)([NH]C8=CC=CC=C8)[O]C 10=20;20,21=21"
"CC[NH+:10]([H])[C:20]1([NH:21]C)[NH]C(C)C(CC)[NH]1.[Cl-]>>[Cl-].C[NH+:21]=[C:20]2[NH]C(C)C(CC)[NH]2.CC[NH:10][H] 21=20;20,10=10"
"C1(C(O[C:20]([O-:10])([O:21]C1CC)OCCCCCC)[H])[H]>>C(C([O-:21])CC)(C(O[C:20](=[O:10])OCCCCCC)[H])[H] 10=20;20,21=21"
"[H][NH:10][H].[H][NH+:21]=[C:20]([NH]C8=CC=CC=C8)[NH]CC.[Cl-]>>[Cl-].[H][NH+:10]([H])[C:20]([NH:21][H])([NH]C8=CC=CC=C8)[NH]CC 10=20;20,21=21"
"CC[O+:10]([H])[C:20]1([NH:21]C6=CC=CC=C6)[NH][CH](CC)C([H])[CH](C8=CC=CC=C8)[NH]1.[Cl-]>>[Cl-].C6=CC=CC=C6[NH+:21]=[C:20]2[NH][CH](CC)[CH]([H])C(C8=CC=CC=C8)[NH]2.CC[O:10][H] 21=20;20,10=10"
"CCCCCCC1C(O[C:20](=[O:10])N1C)CC.[O-:21]C>>CCCCCCC1C(O[C:20](N1C)([O-:10])[O:21]C)CC 21=20;20,10=10"
"C9=CC=CC=C9[NH+:10]([H])[C:20]([NH:21][H])([O]CC)[O]C.[Cl-]>>[Cl-].C9=CC=CC=C9[NH:10][H].[H][NH+:21]=[C:20]([O]CC)[O]C 21=20;20,10=10"
"C[O+:10]([H])[C:20]1([NH:21]CC)[NH]C(C7=CC=CC=C7)C([H])[O]1.[Cl-]>>[Cl-].CC[NH+:21]=[C:20]2[NH]C(C7=CC=CC=C7)C([H])[O]2.C[O:10][H] 21=20;20,10=10"
"[H][O+:10]([H])[C:20]([O:21][H])([S][H])[S]CC.[Cl-]>>[Cl-].[H][O:10][H].[H][O+:21]=[C:20]([S][H])[S]CC 21=20;20,10=10"
"[O-:21][C:20]1(C)C([H])C(O)C(C)C(C)[O:10]1>>[O-:10]C(C)C(C)C(O)C([H])[C:20](C)=[O:21] 21=20;20,10=10"
"[O:10]([K])C(CCC)/C(C)=C(C)\C([H])[C:20]([H])=[O:21]>>[O-:21][C:20]1([H])C([H])C(C)=C(C)C(CCC)[O+:10]1([K]) 10=20;20,21=21"
"CC[O:10][H].[H][O+:21]=[C:20]([O]C)[S][H].[Cl-]>>[Cl-].CC[O+:10]([H])[C:20]([O:21][H])([O]C)[S][H] 10=20;20,21=21"
"C9=CC=CC=C9[O:10][H].[Si](C)(C)(C)[O+:21]=[C:20]([O]C)[S]C7=CC=CC=C7.[Cl-]>>[Cl-].C9=CC=CC=C9[O+:10]([H])[C:20]([O:21][Si](C)(C)(C))([O]C)[S]C7=CC=CC=C7 10=20;20,21=21"
"[H][O:10]C([H])C([H])[S][C:20]([S]C7=CC=CC=C7)=[O+:21][H].[Cl-]>>[Cl-].[H][O+:10](C([H])C([H])[S]1)[C:20]1([O:21][H])[S]C7=CC=CC=C7 10=20;20,21=21"
"CC[NH+:21]=[C:20]2[O][CH](C7=CC=CC=C7)[CH](C)C(CC)[O]2.[H][NH:10][H].[Cl-]>>[Cl-].[H][NH+:10]([H])[C:20]1([NH:21]CC)[O][CH](C7=CC=CC=C7)C(C)[CH](CC)[O]1 10=20;20,21=21"
"C9=CC=CC=C9[S+:10]([H])[C:20]([O:21][H])([O]C8=CC=CC=C8)[O]C.[Cl-]>>[Cl-].C9=CC=CC=C9[S:10][H].[H][O+:21]=[C:20]([O]C8=CC=CC=C8)[O]C 21=20;20,10=10"
"CCC1C(C(O[C:20](=[O:10])N1CCCCCC)CCCCCC)[H].[O-:21]CCCCCC>>CCC1C(C(O[C:20](N1CCCCCC)([O-:10])[O:21]CCCCCC)CCCCCC)[H] 21=20;20,10=10"
"[O:10]([K])C([H])C(C)C(O)C(O)[C:20](OCC)=[O:21]>>[O-:21][C:20]1(OCC)C(O)C(O)C(C)C([H])[O+:10]1([K]) 10=20;20,21=21"
"[H][O:10]C(CC)C(C)[O][C:20]([NH]CC)=[NH+:21]C.[Cl-]>>[Cl-].[H][O+:10](C(CC)C(C)[O]1)[C:20]1([NH:21]C)[NH]CC 10=20;20,21=21"
"C[O+:10]([H])[C:20]1([NH:21]C)[O][CH](C)C([H])[CH](C)[O]1.[Cl-]>>[Cl-].C[NH+:21]=[C:20]2[O][CH](C)[CH]([H])C(C)[O]2.C[O:10][H] 21=20;20,10=10"
"[O-:21][C:20]2([O:10]C(C7=C2C=CC=C7)[H])OCC>>[O-:10]C(C(C=CC=C9)=C9[C:20](OCC)=[O:21])[H] 21=20;20,10=10"
"CN([C:20]1(OC(C(C([O:21]1)C1=CC=CC=C1)CC)C1=CC=CC=C1)[O-:10])C>>CN([C:20](=[O:10])OC(C(C([O-:21])C1=CC=CC=C1)CC)C1=CC=CC=C1)C 10=20;20,21=21"
"CC1C(C(O[C:20](=[O:10])N1C)CC)[H].[O-:21]C1=CC=CC=C1>>CC1C(C(O[C:20](N1C)([O-:10])[O:21]C1=CC=CC=C1)CC)[H] 21=20;20,10=10"
"[H][O:10]C(C9=CC=CC=C9)C(CC)[O][C:20]([O]C)=[NH+:21]C6=CC=CC=C6.[Cl-]>>[Cl-].[H][O+:10](C(C9=CC=CC=C9)C(CC)[O]1)[C:20]1([NH:21]C6=CC=CC=C6)[O]C 10=20;20,21=21"
"[H][NH+:21]=[C:20]2[NH][CH](C)[CH](C)C(C)[NH]2.CC[O:10][H].[Cl-]>>[Cl-].CC[O+:10]([H])[C:20]1([NH:21][H])[NH][CH](C)C(C)[CH](C)[NH]1 10=20;20,21=21"
"C6=CC=CC=C6[NH+:21]=[C:20]2[O][CH](C)[CH](C)C(C8=CC=CC=C8)[NH]2.CC[NH:10][H].[Cl-]>>[Cl-].CC[NH+:10]([H])[C:20]1([NH:21]C6=CC=CC=C6)[O][CH](C)C(C)[CH](C8=CC=CC=C8)[NH]1 10=20;20,21=21"
"[NH:10]([H])C([H])C([H])C([H])C(O)[C:20](OCC)=[O:21]>>[O-:21][C:20]1(OCC)C(O)C([H])C([H])C([H])[NH+:10]1([H]) 10=20;20,21=21"
"[H][NH+:10](C(C)C(C)C(C)[NH]1)[C:20]1([NH:21][H])[O]C7=CC=CC=C7.[Cl-]>>[Cl-].[H][NH:10]C(C)C(C)C(C)[NH][C:20]([O]C7=CC=CC=C7)=[NH+:21][H] 21=20;20,10=10"
"C[NH+:10]([H])[C:20]1([NH:21]C)[O][CH](CC)C(C)[CH]([H])[NH]1.[Cl-]>>[Cl-].C[NH+:21]=[C:20]2[O][CH](CC)[CH](C)C([H])[NH]2.C[NH:10][H] 21=20;20,10=10"
"[H][O+:10](C(C9=CC=CC=C9)C(C8=CC=CC=C8)[S]1)[C:20]1([O:21][Si](C)(C)(C))[O][H].[Cl-]>>[Cl-].[H][O:10]C(C9=CC=CC=C9)C(C8=CC=CC=C8)[S][C:20]([O][H])=[O+:21][Si](C)(C)(C) 21=20;20,10=10"
"[O-:21][C:20]1(OC)C([H])C(C)C([H])C(C)[O:10]1>>[O-:10]C(C)C([H])C(C)C([H])[C:20](OC)=[O:21] 21=20;20,10=10"
"[H][NH:10]C(C)C(C)[NH][C:20]([NH][H])=[NH+:21]C.[Cl-]>>[Cl-].[H][NH+:10](C(C)C(C)[NH]1)[C:20]1([NH:21]C)[NH][H] 10=20;20,21=21"
"[H][S:10]C([H])C([H])[S][C:20]([O]CC)=[O+:21]C.[Cl-]>>[Cl-].[H][S+:10](C([H])C([H])[S]1)[C:20]1([O:21]C)[O]CC 10=20;20,21=21"
"[H]C1C(C(O[C:20](=[O:10])N1[H])[H])C.[O-:21]CC>>[H]C1C(C(O[C:20](N1[H])([O-:10])[O:21]CC)[H])C 21=20;20,10=10"
"C1=CC=CC=C1N([C:20]1(OC(C(C([O:21]1)C)[H])[H])[O-:10])CC>>C1=CC=CC=C1N([C:20](=[O:10])OC(C(C([O-:21])C)[H])[H])CC 10=20;20,21=21"
"[H][S+:10](C([H])C([H])C([H])[O]1)[C:20]1([O:21][H])[S][H].[Cl-]>>[Cl-].[H][S:10]C([H])C([H])C([H])[O][C:20]([S][H])=[O+:21][H] 21=20;20,10=10"
"CC[NH+:21]=[C:20]2[O][CH](C)[CH]([H])C(CC)[NH]2.C9=CC=CC=C9[O:10][H].[Cl-]>>[Cl-].C9=CC=CC=C9[O+:10]([H])[C:20]1([NH:21]CC)[O][CH](C)C([H])[CH](CC)[NH]1 10=20;20,21=21"
"CC[O+:10]([H])[C:20]1([NH:21][H])[NH][CH](C7=CC=CC=C7)C([H])[CH]([H])[NH]1.[Cl-]>>[Cl-].[H][NH+:21]=[C:20]2[NH][CH](C7=CC=CC=C7)[CH]([H])C([H])[NH]2.CC[O:10][H] 21=20;20,10=10"
"[H][NH+:10](C(CC)C([H])C(C8=CC=CC=C8)[O]1)[C:20]1([NH:21][H])[NH][H].[Cl-]>>[Cl-].[H][NH:10]C(CC)C([H])C(C8=CC=CC=C8)[O][C:20]([NH][H])=[NH+:21][H] 21=20;20,10=10"
"[O:10]([K])C(C)C(C)C(O)C(C)[C:20](OCC)=[O:21]>>[O-:21][C:20]1(OCC)C(C)C(O)C(C)C(C)[O+:10]1([K]) 10=20;20,21=21"
"CC[S+:10]([H])[C:20]1([O:21][H])[O][CH](C7=CC=CC=C7)C(C)[CH](C)[O]1.[Cl-]>>[Cl-].[H][O+:21]=[C:20]2[O][CH](C7=CC=CC=C7)[CH](C)C(C)[O]2.CC[S:10][H] 21=20;20,10=10"
"[H][O+:10](C(C9=CC=CC=C9)C([H])[S]1)[C:20]1([O:21][Si](C)(C)(C))[O]C.[Cl-]>>[Cl-].[H][O:10]C(C9=CC=CC=C9)C([H])[S][C:20]([O]C)=[O+:21][Si](C)(C)(C) 21=20;20,10=10"
"[H][NH+:21]=[C:20]2[NH][CH](C7=CC=CC=C7)[CH](C)C(CC)[NH]2.[H][O:10][H].[Cl-]>>[Cl-].[H][O+:10]([H])[C:20]1([NH:21][H])[NH][CH](C7=CC=CC=C7)C(C)[CH](CC)[NH]1 10=20;20,21=21"
"CN([C:20]1(OC(C(C([O:21]1)CCCCCC)C)C1=CC=CC=C1)[O-:10])CC>>CN([C:20](=[O:10])OC(C(C([O-:21])CCCCCC)C)C1=CC=CC=C1)CC 10=20;20,21=21"
"[O-:21][C:20]1(OC)C([H])C([H])C([H])C(CC)[O+:10]1([Na])>>[O:10]([Na])C(CC)C([H])C([H])C([H])[C:20](OC)=[O:21] 21=20;20,10=10"
"[H]C1C(O[C:20](=[O:10])N1CCCCCC)C1=CC=CC=C1.[O-:21]CC>>[H]C1C(O[C:20](N1CCCCCC)([O-:10])[O:21]CC)C1=CC=CC=C1 21=20;20,10=10"
"[O-:21][C:20]1(OC)C(O)C(O)C(C)C(CC)[NH+:10]1([H])>>[NH:10]([H])C(CC)C(C)C(O)C(O)[C:20](OC)=[O:21] 21=20;20,10=10"
"[H][NH+:21]=[C:20]2[O]C(C7=CC=CC=C7)C(CC)[O]2.C9=CC=CC=C9[NH:10][H].[Cl-]>>[Cl-].C9=CC=CC=C9[NH+:10]([H])[C:20]1([NH:21][H])[O]C(C7=CC=CC=C7)C(CC)[O]1 10=20;20,21=21"
"CC[O:10][H].[Si](C)(C)(C)[O+:21]=[C:20]([O]C)[O][H].[Cl-]>>[Cl-].CC[O+:10]([H])[C:20]([O:21][Si](C)(C)(C))([O]C)[O][H] 10=20;20,21=21"
"[H][S:10]C([H])C([H])C(CC)[S][C:20]([S]C7=CC=CC=C7)=[O+:21]C.[Cl-]>>[Cl-].[H][S+:10](C([H])C([H])C(CC)[S]1)[C:20]1([O:21]C)[S]C7=CC=CC=C7 10=20;20,21=21"
"[H][O+:10](C(C9=CC=CC=C9)C(C)C(CC)[O]1)[C:20]1([NH:21]C6=CC=CC=C6)[NH][H].[Cl-]>>[Cl-].[H][O:10]C(C9=CC=CC=C9)C(C)C(CC)[O][C:20]([NH][H])=[NH+:21]C6=CC=CC=C6 21=20;20,10=10"
"C[O+:21]=[C:20]2[S][CH]([H])[CH]([H])C(C8=CC=CC=C8)[O]2.[H][O:10][H].[Cl-]>>[Cl-].[H][O+:10]([H])[C:20]1([O:21]C)[S][CH]([H])C([H])[CH](C8=CC=CC=C8)[O]1 10=20;20,21=21"
"C[O+:21]=[C:20]2[S]C(CC)C(C)[O]2.[H][O:10][H].[Cl-]>>[Cl-].[H][O+:10]([H])[C:20]1([O:21]C)[S]C(CC)C(C)[O]1 10=20;20,21=21"
"CCC1C(C(O[C:20](N1CC)([O-:10])[O:21]CC)CCCCCC)CC>>CCC1C(C(O[C:20](=[O:10])N1CC)CCCCCC)CC.[O-:21]CC 10=20;20,21=21"
"[H][NH+:10](C(C)C(CC)[NH]1)[C:20]1([NH:21][H])[O]C.[Cl-]>>[Cl-].[H][NH:10]C(C)C(CC)[NH][C:20]([O]C)=[NH+:21][H] 21=20;20,10=10"
"[OH:21][C:20]1(OC)[OH+:10]C(C)C([H])=C1C>>[OH:10]C(C)/C([H])=C([C:20](OC)=[OH+:21])/C 21=20;20,10=10"
"[O:10]([K])C([H])C([H])C(O)C([H])[C:20](C)=[O:21]>>[O-:21][C:20]1(C)C([H])C(O)C([H])C([H])[O+:10]1([K]) 10=20;20,21=21"
"[H][NH+:21]=[C:20]2[O]C(CC)C([H])[NH]2.C9=CC=CC=C9[O:10][H].[Cl-]>>[Cl-].C9=CC=CC=C9[O+:10]([H])[C:20]1([NH:21][H])[O]C(CC)C([H])[NH]1 10=20;20,21=21"
"[H][S+:10](C(C9=CC=CC=C9)C([H])C([H])[O]1)[C:20]1([O:21]C)[O]C.[Cl-]>>[Cl-].[H][S:10]C(C9=CC=CC=C9)C([H])C([H])[O][C:20]([O]C)=[O+:21]C 21=20;20,10=10"
"[H][NH:10][H].C6=CC=CC=C6[NH+:21]=[C:20]([NH]CC)[NH]C7=CC=CC=C7.[Cl-]>>[Cl-].[H][NH+:10]([H])[C:20]([NH:21]C6=CC=CC=C6)([NH]CC)[NH]C7=CC=CC=C7 10=20;20,21=21"
"[H][O+:10](C([H])C(C)C(CC)[O]1)[C:20]1([NH:21]CC)[NH][H].[Cl-]>>[Cl-].[H][O:10]C([H])C(C)C(CC)[O][C:20]([NH][H])=[NH+:21]CC 21=20;20,10=10"
"[H][O+:10]([H])[C:20]1([NH:21]CC)[NH]C([H])C(CC)[NH]1.[Cl-]>>[Cl-].CC[NH+:21]=[C:20]2[NH]C([H])C(CC)[NH]2.[H][O:10][H] 21=20;20,10=10"
"[O-:21][C:20]1(C)[O+:10]([K])C(C)C([H])=C1O>>[O:10]([K])C(C)/C([H])=C([C:20](C)=[O:21])/O 21=20;20,10=10"
"[O:10]([Na])C([H])C(O)C([C:20]([H])=[O:21])O>>[O-:21][C:20]1([H])[O+:10]([Na])C([H])C(O)C1O 10=20;20,21=21"
"C1=CC=CC=C1N([C:20]1(OC(C(C([O:21]1)CCCCCC)[H])CC)[O-:10])CCCCCC>>C1=CC=CC=C1N([C:20](=[O:10])OC(C(C([O-:21])CCCCCC)[H])CC)CCCCCC 10=20;20,21=21"
"[H][S:10]C([H])C(C)C([H])[O][C:20]([O][H])=[O+:21]C.[Cl-]>>[Cl-].[H][S+:10](C([H])C(C)C([H])[O]1)[C:20]1([O:21]C)[O][H] 10=20;20,21=21"
"[H][O:10]C(CC)C(C8=CC=CC=C8)[O][C:20]([O]CC)=[NH+:21]C6=CC=CC=C6.[Cl-]>>[Cl-].[H][O+:10](C(CC)C(C8=CC=CC=C8)[O]1)[C:20]1([NH:21]C6=CC=CC=C6)[O]CC 10=20;20,21=21"
"C[O+:10]([H])[C:20]([NH:21]CC)([O][H])[NH]C.[Cl-]>>[Cl-].C[O:10][H].CC[NH+:21]=[C:20]([O][H])[NH]C 21=20;20,10=10"
"CC1C(C(O[C:20](=[O:10])N1C1=CC=CC=C1)C)CC.[O-:21]C>>CC1C(C(O[C:20](N1C1=CC=CC=C1)([O-:10])[O:21]C)C)CC 21=20;20,10=10"
"[H][O+:10](C(CC)C(C)[O]1)[C:20]1([NH:21]C6=CC=CC=C6)[NH]CC.[Cl-]>>[Cl-].[H][O:10]C(CC)C(C)[O][C:20]([NH]CC)=[NH+:21]C6=CC=CC=C6 21=20;20,10=10"
"[H][NH+:10](C([H])C([H])C(CC)[O]1)[C:20]1([NH:21]C)[O][H].[Cl-]>>[Cl-].[H][NH:10]C([H])C([H])C(CC)[O][C:20]([O][H])=[NH+:21]C 21=20;20,10=10"
"[H][S:10]C([H])C(C)C(C)[O][C:20]([O]C)=[O+:21][H].[Cl-]>>[Cl-].[H][S+:10](C([H])C(C)C(C)[O]1)[C:20]1([O:21][H])[O]C 10=20;20,21=21"
"[H][O+:10](C(C9=CC=CC=C9)C(C)[S]1)[C:20]1([O:21]C)[S]C.[Cl-]>>[Cl-].[H][O:10]C(C9=CC=CC=C9)C(C)[S][C:20]([S]C)=[O+:21]C 21=20;20,10=10"
"[H][NH:10]C(C9=CC=CC=C9)C(CC)[O][C:20]([O]C7=CC=CC=C7)=[NH+:21]C.[Cl-]>>[Cl-].[H][NH+:10](C(C9=CC=CC=C9)C(CC)[O]1)[C:20]1([NH:21]C)[O]C7=CC=CC=C7 10=20;20,21=21"
"[H][O+:10](C(C)C(C)C([H])[NH]1)[C:20]1([NH:21]C6=CC=CC=C6)[NH]C.[Cl-]>>[Cl-].[H][O:10]C(C)C(C)C([H])[NH][C:20]([NH]C)=[NH+:21]C6=CC=CC=C6 21=20;20,10=10"
"CCCCCCC1C(C(O[C:20](N1CCCCCC)([O-:10])[Cl:21])C1=CC=CC=C1)CC>>CCCCCCC1C(C(O[C:20](=[O:10])N1CCCCCC)C1=CC=CC=C1)CC.[Cl-:21] 10=20;20,21=21"
"[O:10]([K])C(CCC)/C([H])=C(C)\C(C)[C:20](C)=[O:21]>>[O-:21][C:20]1(C)C(C)C(C)=C([H])C(CCC)[O+:10]1([K]) 10=20;20,21=21"
"CC1C(C(O[C:20](=[O:10])N1C)[H])[H].[O-:21]C1=CC=CC=C1>>CC1C(C(O[C:20](N1C)([O-:10])[O:21]C1=CC=CC=C1)[H])[H] 21=20;20,10=10"
"C[O+:21]=[C:20]2[S]C([H])C(CC)[S]2.C[O:10][H].[Cl-]>>[Cl-].C[O+:10]([H])[C:20]1([O:21]C)[S]C([H])C(CC)[S]1 10=20;20,21=21"
"[Si](C)(C)(C)[O+:21]=[C:20]2[O]C(C7=CC=CC=C7)C(C8=CC=CC=C8)[S]2.C9=CC=CC=C9[S:10][H].[Cl-]>>[Cl-].C9=CC=CC=C9[S+:10]([H])[C:20]1([O:21][Si](C)(C)(C))[O]C(C7=CC=CC=C7)C(C8=CC=CC=C8)[S]1 10=20;20,21=21"
"C(C(O[C:20](=[O:10])OC)C)([O-:21])[H]>>C1(C([O:21][C:20](O1)([O-:10])OC)[H])C 21=20;20,10=10"
"CCC1C(C(O[C:20](=[O:10])N1C1=CC=CC=C1)[H])CCCCCC.[O-:21]CCCCCC>>CCC1C(C(O[C:20](N1C1=CC=CC=C1)([O-:10])[O:21]CCCCCC)[H])CCCCCC 21=20;20,10=10"
"C9=CC=CC=C9[O+:10]([H])[C:20]1([NH:21][H])[NH][CH](C)C(C)[CH](C8=CC=CC=C8)[O]1.[Cl-]>>[Cl-].[H][NH+:21]=[C:20]2[NH][CH](C)[CH](C)C(C8=CC=CC=C8)[O]2.C9=CC=CC=C9[O:10][H] 21=20;20,10=10"
"CCCCCCC1C(C(O[C:20](N1CC)([O-:10])[O:21][H])CCCCCC)[H]>>CCCCCCC1C(C(O[C:20](=[O:10])N1CC)CCCCCC)[H].[O-:21][H] 10=20;20,21=21"
"[H][S+:10](C(C9=CC=CC=C9)C(C)C(CC)[S]1)[C:20]1([O:21]C)[O]C.[Cl-]>>[Cl-].[H][S:10]C(C9=CC=CC=C9)C(C)C(CC)[S][C:20]([O]C)=[O+:21]C 21=20;20,10=10"
"C[S+:10]([H])[C:20]1([O:21][H])[S][CH](C)C([H])[CH](C)[S]1.[Cl-]>>[Cl-].[H][O+:21]=[C:20]2[S][CH](C)[CH]([H])C(C)[S]2.C[S:10][H] 21=20;20,10=10"
"[H][O+:10]([H])[C:20]1([NH:21]C)[O]C(C7=CC=CC=C7)C(C)[O]1.[Cl-]>>[Cl-].C[NH+:21]=[C:20]2[O]C(C7=CC=CC=C7)C(C)[O]2.[H][O:10][H] 21=20;20,10=10"
"[O-:21][C:20]1(OCC)[O:10]C(C)C(O)=C1C>>[O-:10]C(C)/C(O)=C([C:20](OCC)=[O:21])/C 21=20;20,10=10"
"C9=CC=CC=C9[O+:10]([H])[C:20]1([O:21][Si](C)(C)(C))[O]C(C)C(C)[O]1.[Cl-]>>[Cl-].[Si](C)(C)(C)[O+:21]=[C:20]2[O]C(C)C(C)[O]2.C9=CC=CC=C9[O:10][H] 21=20;20,10=10"
"C[O+:10]([H])[C:20]1([NH:21]C6=CC=CC=C6)[O][CH](C)C([H])[CH]([H])[NH]1.[Cl-]>>[Cl-].C6=CC=CC=C6[NH+:21]=[C:20]2[O][CH](C)[CH]([H])C([H])[NH]2.C[O:10][H] 21=20;20,10=10"
"C1=CC=CC=C1N([C:20]1(OC(C(C([O:21]1)CCCCCC)C)[H])[O-:10])C1=CC=CC=C1>>C1=CC=CC=C1N([C:20](=[O:10])OC(C(C([O-:21])CCCCCC)C)[H])C1=CC=CC=C1 10=20;20,21=21"
"C[NH+:10]([H])[C:20]([NH:21][H])([NH][H])[NH][H].[Cl-]>>[Cl-].C[NH:10][H].[H][NH+:21]=[C:20]([NH][H])[NH][H] 21=20;20,10=10"
"[NH:10]([H])C(CC)C(C)C(C)C(O)[C:20](OC)=[O:21]>>[O-:21][C:20]1(OC)C(O)C(C)C(C)C(CC)[NH+:10]1([H]) 10=20;20,21=21"
"C9=CC=CC=C9[S:10][H].[Si](C)(C)(C)[O+:21]=[C:20]([S][H])[O][H].[Cl-]>>[Cl-].C9=CC=CC=C9[S+:10]([H])[C:20]([O:21][Si](C)(C)(C))([S][H])[O][H] 10=20;20,21=21"
"C1=CC=CC=C1N([C:20]1(OC(C(C([O:21]1)C1=CC=CC=C1)CC)C)[O-:10])[H]>>C1=CC=CC=C1N([C:20](=[O:10])OC(C(C([O-:21])C1=CC=CC=C1)CC)C)[H] 10=20;20,21=21"
"[H][S:10]C(CC)C(C)[O][C:20]([O]CC)=[O+:21][H].[Cl-]>>[Cl-].[H][S+:10](C(CC)C(C)[O]1)[C:20]1([O:21][H])[O]CC 10=20;20,21=21"
"CCN([C:20]1(OC(C([O:21]1)CC)C1=CC=CC=C1)[O-:10])CCCCCC>>CCN([C:20](=[O:10])OC(C([O-:21])CC)C1=CC=CC=C1)CCCCCC 10=20;20,21=21"
"[OH:21][C:20]1(OCC)C([H])=C(C)C(C)C(CCC)[OH+:10]1>>[OH:10]C(CCC)C(C)/C(C)=C([H])\[C:20](OCC)=[OH+:21] 21=20;20,10=10"
"CC[O+:10]([H])[C:20]1([O:21]C)[S]C([H])C(C)[O]1.[Cl-]>>[Cl-].C[O+:21]=[C:20]2[S]C([H])C(C)[O]2.CC[O:10][H] 21=20;20,10=10"
"C[S+:10]([H])[C:20]([O:21][H])([S]C)[S][H].[Cl-]>>[Cl-].C[S:10][H].[H][O+:21]=[C:20]([S]C)[S][H] 21=20;20,10=10"
"CN([C:20](=[O:10])OC(C([O-:21])[H])C1=CC=CC=C1)[H]>>CN([C:20]1(OC(C([O:21]1)[H])C1=CC=CC=C1)[O-:10])[H] 21=20;20,10=10"
"C(C([O-:21])C)(C(O[C:20](=[O:10])OC)C)[H]>>C1(C(O[C:20]([O-:10])([O:21]C1C)OC)C)[H] 21=20;20,10=10"
"[H][O:10]C([H])C([H])C([H])[O][C:20]([O]C7=CC=CC=C7)=[NH+:21]C.[Cl-]>>[Cl-].[H][O+:10](C([H])C([H])C([H])[O]1)[C:20]1([NH:21]C)[O]C7=CC=CC=C7 10=20;20,21=21"
"[O-:21][C:20]1(C)C([H])C(O)C(O)C(C)[NH+:10]1([H])>>[NH:10]([H])C(C)C(O)C(O)C([H])[C:20](C)=[O:21] 21=20;20,10=10"
"[H][O+:10](C(C9=CC=CC=C9)C(C)C(CC)[O]1)[C:20]1([O:21]C)[S][H].[Cl-]>>[Cl-].[H][O:10]C(C9=CC=CC=C9)C(C)C(CC)[O][C:20]([S][H])=[O+:21]C 21=20;20,10=10"
"[NH:10]([H])C([H])C(C)/C([H])=C(C)\[C:20](OCC)=[O:21]>>[O-:21][C:20]1(OCC)C(C)=C([H])C(C)C([H])[NH+:10]1([H]) 10=20;20,21=21"
"[O:10]([K])C(CC)C([H])/C(C)=C(C)\[C:20]([H])=[O:21]>>[O-:21][C:20]1([H])C(C)=C(C)C([H])C(CC)[O+:10]1([K]) 10=20;20,21=21"
"[H][S+:10](C(C)C([H])C(C8=CC=CC=C8)[O]1)[C:20]1([O:21][H])[O]C.[Cl-]>>[Cl-].[H][S:10]C(C)C([H])C(C8=CC=CC=C8)[O][C:20]([O]C)=[O+:21][H] 21=20;20,10=10"
"[H][O+:10](C(C9=CC=CC=C9)C(C)C(C8=CC=CC=C8)[S]1)[C:20]1([O:21]C)[O]C7=CC=CC=C7.[Cl-]>>[Cl-].[H][O:10]C(C9=CC=CC=C9)C(C)C(C8=CC=CC=C8)[S][C:20]([O]C7=CC=CC=C7)=[O+:21]C 21=20;20,10=10"
"[H][O:10]C(CC)C([H])C(CC)[S][C:20]([S]CC)=[O+:21]C.[Cl-]>>[Cl-].[H][O+:10](C(CC)C([H])C(CC)[S]1)[C:20]1([O:21]C)[S]CC 10=20;20,21=21"
"[O-:21][C:20]1(OC)C([H])C(C)C(C)C(CC)[NH+:10]1(C)>>[NH:10](C)C(CC)C(C)C(C)C([H])[C:20](OC)=[O:21] 21=20;20,10=10"
"CC[O:10][H].[H][NH+:21]=[C:20]([NH]C8=CC=CC=C8)[NH]C7=CC=CC=C7.[Cl-]>>[Cl-].CC[O+:10]([H])[C:20]([NH:21][H])([NH]C8=CC=CC=C8)[NH]C7=CC=CC=C7 10=20;20,21=21"
"C9=CC=CC=C9[NH:10][H].C[NH+:21]=[C:20]([NH][H])[NH]C7=CC=CC=C7.[Cl-]>>[Cl-].C9=CC=CC=C9[NH+:10]([H])[C:20]([NH:21]C)([NH][H])[NH]C7=CC=CC=C7 10=20;20,21=21"
"[H]C1C(C(O[C:20](N1C)([O-:10])[O:21]CC)C1=CC=CC=C1)C>>[H]C1C(C(O[C:20](=[O:10])N1C)C1=CC=CC=C1)C.[O-:21]CC 10=20;20,21=21"
"[H][NH:10]C(CC)C(C)C(C)[NH][C:20]([NH][H])=[NH+:21]CC.[Cl-]>>[Cl-].[H][NH+:10](C(CC)C(C)C(C)[NH]1)[C:20]1([NH:21]CC)[NH][H] 10=20;20,21=21"
"C[O+:10]([H])[C:20]1([NH:21]C6=CC=CC=C6)[NH]C(C)C(CC)[O]1.[Cl-]>>[Cl-].C6=CC=CC=C6[NH+:21]=[C:20]2[NH]C(C)C(CC)[O]2.C[O:10][H] 21=20;20,10=10"
"C1=CC=CC=C1N([C:20](=[O:10])OC(C(C([O-:21])C1=CC=CC=C1)C)C1=CC=CC=C1)CC>>C1=CC=CC=C1N([C:20]1(OC(C(C([O:21]1)C1=CC=CC=C1)C)C1=CC=CC=C1)[O-:10])CC 21=20;20,10=10"
"C[O+:21]=[C:20]2[O][CH](C7=CC=CC=C7)[CH](C)C([H])[O]2.CC[O:10][H].[Cl-]>>[Cl-].CC[O+:10]([H])[C:20]1([O:21]C)[O][CH](C7=CC=CC=C7)C(C)[CH]([H])[O]1 10=20;20,21=21"
"CCC1C(C(O[C:20](=[O:10])N1CC)C1=CC=CC=C1)CCCCCC.[O-:21]CC>>CCC1C(C(O[C:20](N1CC)([O-:10])[O:21]CC)C1=CC=CC=C1)CCCCCC 21=20;20,10=10"
"[O:10]([K])C(CC)C(C)C(C)C([H])[C:20](OC)=[O:21]>>[O-:21][C:20]1(OC)C([H])C(C)C(C)C(CC)[O+:10]1([K]) 10=20;20,21=21"
"CC1C(C(O[C:20](=[O:10])N1CC)C1=CC=CC=C1)CCCCCC.[O-:21]C>>CC1C(C(O[C:20](N1CC)([O-:10])[O:21]C)C1=CC=CC=C1)CCCCCC 21=20;20,10=10"
"CCC1C(C(O[C:20](N1[H])([O-:10])[O:21][H])[H])C>>CCC1C(C(O[C:20](=[O:10])N1[H])[H])C.[O-:21][H] 10=20;20,21=21"
"[H][S+:10]([H])[C:20]([O:21][H])([S]C)[O]CC.[Cl-]>>[Cl-].[H][S:10][H].[H][O+:21]=[C:20]([S]C)[O]CC 21=20;20,10=10"
"[H][O+:10](C(C9=CC=CC=C9)C(C)C([H])[NH]1)[C:20]1([NH:21]C6=CC=CC=C6)[NH][H].[Cl-]>>[Cl-].[H][O:10]C(C9=CC=CC=C9)C(C)C([H])[NH][C:20]([NH][H])=[NH+:21]C6=CC=CC=C6 21=20;20,10=10"
"[O-:21][C:20]1(C)C([H])C([H])=C([H])C(CC)[NH+:10]1(C)>>[NH:10](C)C(CC)/C([H])=C([H])\C([H])[C:20](C)=[O:21] 21=20;20,10=10"
"CC[NH+:21]=[C:20]2[NH][CH](CC)[CH]([H])C([H])[NH]2.[H][NH:10][H].[Cl-]>>[Cl-].[H][NH+:10]([H])[C:20]1([NH:21]CC)[NH][CH](CC)C([H])[CH]([H])[NH]1 10=20;20,21=21"
"[O-:21][C:20]1([H])[NH+:10](C)C([H])C(C)C1[H]>>[NH:10](C)C([H])C(C)C([C:20]([H])=[O:21])[H] 21=20;20,10=10"
"[H]N([C:20]1(OC(C(C([O:21]1)[H])C)C1=CC=CC=C1)[O-:10])C>>[H]N([C:20](=[O:10])OC(C(C([O-:21])[H])C)C1=CC=CC=C1)C 10=20;20,21=21"
"[H][NH:10]C([H])C([H])C(C8=CC=CC=C8)[NH][C:20]([O][H])=[NH+:21]CC.[Cl-]>>[Cl-].[H][NH+:10](C([H])C([H])C(C8=CC=CC=C8)[NH]1)[C:20]1([NH:21]CC)[O][H] 10=20;20,21=21"
"C9=CC=CC=C9[O+:10]([H])[C:20]1([O:21][H])[S]C(C7=CC=CC=C7)C([H])[S]1.[Cl-]>>[Cl-].[H][O+:21]=[C:20]2[S]C(C7=CC=CC=C7)C([H])[S]2.C9=CC=CC=C9[O:10][H] 21=20;20,10=10"
"[H][O:10]C(CC)C(C8=CC=CC=C8)[O][C:20]([NH]C)=[NH+:21]C6=CC=CC=C6.[Cl-]>>[Cl-].[H][O+:10](C(CC)C(C8=CC=CC=C8)[O]1)[C:20]1([NH:21]C6=CC=CC=C6)[NH]C 10=20;20,21=21"
"CCCCCCN([C:20]1(OC(C(C([O:21]1)C)CC)C1=CC=CC=C1)[O-:10])C>>CCCCCCN([C:20](=[O:10])OC(C(C([O-:21])C)CC)C1=CC=CC=C1)C 10=20;20,21=21"
"CC[S+:10]([H])[C:20]1([O:21]C)[S][CH](C)C([H])[CH]([H])[S]1.[Cl-]>>[Cl-].C[O+:21]=[C:20]2[S][CH](C)[CH]([H])C([H])[S]2.CC[S:10][H] 21=20;20,10=10"
"[O-:21][C:20]1([H])[O+:10]([Na])C(CC)C(C)=C1[H]>>[O:10]([Na])C(CC)/C(C)=C([C:20]([H])=[O:21])/[H] 21=20;20,10=10"
"[H][O+:10]([H])[C:20]1([NH:21]CC)[NH][CH](C7=CC=CC=C7)C(C)[CH](C8=CC=CC=C8)[O]1.[Cl-]>>[Cl-].CC[NH+:21]=[C:20]2[NH][CH](C7=CC=CC=C7)[CH](C)C(C8=CC=CC=C8)[O]2.[H][O:10][H] 21=20;20,10=10"
"CC[NH+:21]=[C:20]2[O][CH]([H])[CH]([H])C(C)[NH]2.[H][NH:10][H].[Cl-]>>[Cl-].[H][NH+:10]([H])[C:20]1([NH:21]CC)[O][CH]([H])C([H])[CH](C)[NH]1 10=20;20,21=21"
"C(C([O-:21])C1=CC=CC=C1)(C(O[C:20](=[O:10])OC1=CC=CC=C1)[H])[H]>>C1(C(O[C:20]([O-:10])([O:21]C1C1=CC=CC=C1)OC1=CC=CC=C1)[H])[H] 21=20;20,10=10"
"CCN([C:20]1(OC(C([O:21]1)[H])CC)[O-:10])[H]>>CCN([C:20](=[O:10])OC(C([O-:21])[H])CC)[H] 10=20;20,21=21"
"C9=CC=CC=C9[O+:10]([H])[C:20]1([NH:21]C)[O][CH](C)C(C)[CH]([H])[O]1.[Cl-]>>[Cl-].C[NH+:21]=[C:20]2[O][CH](C)[CH](C)C([H])[O]2.C9=CC=CC=C9[O:10][H] 21=20;20,10=10"
"[H][NH+:10](C([H])C([H])C([H])[O]1)[C:20]1([NH:21]CC)[NH][H].[Cl-]>>[Cl-].[H][NH:10]C([H])C([H])C([H])[O][C:20]([NH][H])=[NH+:21]CC 21=20;20,10=10"
"[H][O:10]C(CC)C(C)C(C8=CC=CC=C8)[O][C:20]([NH]C)=[NH+:21]CC.[Cl-]>>[Cl-].[H][O+:10](C(CC)C(C)C(C8=CC=CC=C8)[O]1)[C:20]1([NH:21]CC)[NH]C 10=20;20,21=21"
"C[NH+:10]([H])[C:20]1([NH:21]C6=CC=CC=C6)[O][CH](C7=CC=CC=C7)C(C)[CH](CC)[O]1.[Cl-]>>[Cl-].C6=CC=CC=C6[NH+:21]=[C:20]2[O][CH](C7=CC=CC=C7)[CH](C)C(CC)[O]2.C[NH:10][H] 21=20;20,10=10"
"[H][O:10]C([H])C(C)C(C)[O][C:20]([O][H])=[NH+:21]CC.[Cl-]>>[Cl-].[H][O+:10](C([H])C(C)C(C)[O]1)[C:20]1([NH:21]CC)[O][H] 10=20;20,21=21"
"[NH:10]([H])C([H])C(C)C(O)C([H])[C:20](OC)=[O:21]>>[O-:21][C:20]1(OC)C([H])C(O)C(C)C([H])[NH+:10]1([H]) 10=20;20,21=21"
"C[O+:10]([H])[C:20]1([NH:21]CC)[O][CH](C7=CC=CC=C7)C(C)[CH](C8=CC=CC=C8)[O]1.[Cl-]>>[Cl-].CC[NH+:21]=[C:20]2[O][CH](C7=CC=CC=C7)[CH](C)C(C8=CC=CC=C8)[O]2.C[O:10][H] 21=20;20,10=10"
"[OH:21][C:20]1([H])[OH+:10]C([H])C(C)C1O>>[OH:10]C([H])C(C)C([C:20]([H])=[OH+:21])O 21=20;20,10=10"
"C1=CC=CC=C1C1C(C(O[C:20](N1C1=CC=CC=C1)([O-:10])[Cl:21])[H])CCCCCC>>C1=CC=CC=C1C1C(C(O[C:20](=[O:10])N1C1=CC=CC=C1)[H])CCCCCC.[Cl-:21] 10=20;20,21=21"
"[H][NH+:10]([H])[C:20]1([NH:21][H])[NH][CH](C)C([H])[CH](C)[NH]1.[Cl-]>>[Cl-].[H][NH+:21]=[C:20]2[NH][CH](C)[CH]([H])C(C)[NH]2.[H][NH:10][H] 21=20;20,10=10"
"[H][O:10]C(C)C([H])C(CC)[O][C:20]([O]C7=CC=CC=C7)=[O+:21][H].[Cl-]>>[Cl-].[H][O+:10](C(C)C([H])C(CC)[O]1)[C:20]1([O:21][H])[O]C7=CC=CC=C7 10=20;20,21=21"
"[H][NH+:10]([H])[C:20]1([NH:21]C)[O][CH](C7=CC=CC=C7)C([H])[CH]([H])[NH]1.[Cl-]>>[Cl-].C[NH+:21]=[C:20]2[O][CH](C7=CC=CC=C7)[CH]([H])C([H])[NH]2.[H][NH:10][H] 21=20;20,10=10"
"[H][O+:10](C([H])C(C8=CC=CC=C8)[O]1)[C:20]1([O:21][H])[S]C7=CC=CC=C7.[Cl-]>>[Cl-].[H][O:10]C([H])C(C8=CC=CC=C8)[O][C:20]([S]C7=CC=CC=C7)=[O+:21][H] 21=20;20,10=10"
"[H][O:10]C(CC)C(C)C([H])[S][C:20]([O]C7=CC=CC=C7)=[O+:21][H].[Cl-]>>[Cl-].[H][O+:10](C(CC)C(C)C([H])[S]1)[C:20]1([O:21][H])[O]C7=CC=CC=C7 10=20;20,21=21"
"C[O+:21]=[C:20]2[O][CH](C)[CH](C)C(CC)[O]2.C9=CC=CC=C9[O:10][H].[Cl-]>>[Cl-].C9=CC=CC=C9[O+:10]([H])[C:20]1([O:21]C)[O][CH](C)C(C)[CH](CC)[O]1 10=20;20,21=21"
"CCCCCCN([C:20](=[O:10])OC(C([O-:21])C1=CC=CC=C1)CC)C1=CC=CC=C1>>CCCCCCN([C:20]1(OC(C([O:21]1)C1=CC=CC=C1)CC)[O-:10])C1=CC=CC=C1 21=20;20,10=10"
"[O-:21][C:20]1(C)C(C)C([H])=C(C)C([H])[O:10]1>>[O-:10]C([H])/C(C)=C([H])\C(C)[C:20](C)=[O:21] 21=20;20,10=10"
"C[O+:10]([H])[C:20]1([NH:21][H])[O]C(CC)C(C8=CC=CC=C8)[NH]1.[Cl-]>>[Cl-].[H][NH+:21]=[C:20]2[O]C(CC)C(C8=CC=CC=C8)[NH]2.C[O:10][H] 21=20;20,10=10"
"C[O+:10]([H])[C:20]1([NH:21][H])[O][CH](CC)C([H])[CH](C8=CC=CC=C8)[O]1.[Cl-]>>[Cl-].[H][NH+:21]=[C:20]2[O][CH](CC)[CH]([H])C(C8=CC=CC=C8)[O]2.C[O:10][H] 21=20;20,10=10"
"[H][NH+:10](C(C9=CC=CC=C9)C(C8=CC=CC=C8)[O]1)[C:20]1([NH:21]CC)[NH]CC.[Cl-]>>[Cl-].[H][NH:10]C(C9=CC=CC=C9)C(C8=CC=CC=C8)[O][C:20]([NH]CC)=[NH+:21]CC 21=20;20,10=10"
"C6=CC=CC=C6[NH+:21]=[C:20]2[NH]C([H])C(C8=CC=CC=C8)[O]2.[H][O:10][H].[Cl-]>>[Cl-].[H][O+:10]([H])[C:20]1([NH:21]C6=CC=CC=C6)[NH]C([H])C(C8=CC=CC=C8)[O]1 10=20;20,21=21"
"[H][O:10]C([H])C([H])[O][C:20]([O]C7=CC=CC=C7)=[NH+:21]CC.[Cl-]>>[Cl-].[H][O+:10](C([H])C([H])[O]1)[C:20]1([NH:21]CC)[O]C7=CC=CC=C7 10=20;20,21=21"
"[H][O+:10](C(CC)C(C)[NH]1)[C:20]1([NH:21][H])[NH]CC.[Cl-]>>[Cl-].[H][O:10]C(CC)C(C)[NH][C:20]([NH]CC)=[NH+:21][H] 21=20;20,10=10"
"[H][O:10]C(C9=CC=CC=C9)C([H])[O][C:20]([O]C)=[NH+:21]C.[Cl-]>>[Cl-].[H][O+:10](C(C9=CC=CC=C9)C([H])[O]1)[C:20]1([NH:21]C)[O]C 10=20;20,21=21"
"[H][NH:10]C(C)C(CC)[O][C:20]([O]C7=CC=CC=C7)=[NH+:21][H].[Cl-]>>[Cl-].[H][NH+:10](C(C)C(CC)[O]1)[C:20]1([NH:21][H])[O]C7=CC=CC=C7 10=20;20,21=21"
"[O-:21][C:20]1(OC)C(O)C([H])C([H])C(CC)[NH+:10]1([H])>>[NH:10]([H])C(CC)C([H])C([H])C(O)[C:20](OC)=[O:21] 21=20;20,10=10"
"[OH:10]C(C)/C([H])=C([C:20](OC)=[OH+:21])/O>>[OH:21][C:20]1(OC)[OH+:10]C(C)C([H])=C1O 10=20;20,21=21"
"C[O+:21]=[C:20]2[S][CH](CC)[CH](C)C(CC)[S]2.C9=CC=CC=C9[S:10][H].[Cl-]>>[Cl-].C9=CC=CC=C9[S+:10]([H])[C:20]1([O:21]C)[S][CH](CC)C(C)[CH](CC)[S]1 10=20;20,21=21"
"[H][S:10][H].[Si](C)(C)(C)[O+:21]=[C:20]([S][H])[O]CC.[Cl-]>>[Cl-].[H][S+:10]([H])[C:20]([O:21][Si](C)(C)(C))([S][H])[O]CC 10=20;20,21=21"
"[O:10]([Na])C(C)C(C)C([C:20](OCC)=[O:21])C>>[O-:21][C:20]1(OCC)[O+:10]([Na])C(C)C(C)C1C 10=20;20,21=21"
"[H]N([C:20]1(OC(C(C([O:21]1)C1=CC=CC=C1)[H])[H])[O-:10])[H]>>[H]N([C:20](=[O:10])OC(C(C([O-:21])C1=CC=CC=C1)[H])[H])[H] 10=20;20,21=21"
"[H][O:10]C(CC)C(C8=CC=CC=C8)[S][C:20]([S]CC)=[O+:21]C.[Cl-]>>[Cl-].[H][O+:10](C(CC)C(C8=CC=CC=C8)[S]1)[C:20]1([O:21]C)[S]CC 10=20;20,21=21"
"C[NH+:10]([H])[C:20]1([NH:21][H])[NH][CH](CC)C([H])[CH](CC)[O]1.[Cl-]>>[Cl-].[H][NH+:21]=[C:20]2[NH][CH](CC)[CH]([H])C(CC)[O]2.C[NH:10][H] 21=20;20,10=10"
"CC1C(C(O[C:20](=[O:10])N1C)C)CC.[O-:21]CCCCCC>>CC1C(C(O[C:20](N1C)([O-:10])[O:21]CCCCCC)C)CC 21=20;20,10=10"
"C9=CC=CC=C9[O:10][H].[H][O+:21]=[C:20]([O]CC)[S][H].[Cl-]>>[Cl-].C9=CC=CC=C9[O+:10]([H])[C:20]([O:21][H])([O]CC)[S][H] 10=20;20,21=21"
"[H][NH:10]C([H])C(C)C(CC)[O][C:20]([O]C7=CC=CC=C7)=[NH+:21][H].[Cl-]>>[Cl-].[H][NH+:10](C([H])C(C)C(CC)[O]1)[C:20]1([NH:21][H])[O]C7=CC=CC=C7 10=20;20,21=21"
"[H][NH+:10](C(CC)C([H])[O]1)[C:20]1([NH:21]C6=CC=CC=C6)[NH]C7=CC=CC=C7.[Cl-]>>[Cl-].[H][NH:10]C(CC)C([H])[O][C:20]([NH]C7=CC=CC=C7)=[NH+:21]C6=CC=CC=C6 21=20;20,10=10"
"[H]N([C:20](=[O:10])OC(C(C([O-:21])CC)C)C1=CC=CC=C1)CCCCCC>>[H]N([C:20]1(OC(C(C([O:21]1)CC)C)C1=CC=CC=C1)[O-:10])CCCCCC 21=20;20,10=10"
"C[NH+:10]([H])[C:20]1([NH:21]CC)[O]C([H])C([H])[NH]1.[Cl-]>>[Cl-].CC[NH+:21]=[C:20]2[O]C([H])C([H])[NH]2.C[NH:10][H] 21=20;20,10=10"
"CC[NH:10][H].C[NH+:21]=[C:20]([O]CC)[O][H].[Cl-]>>[Cl-].CC[NH+:10]([H])[C:20]([NH:21]C)([O]CC)[O][H] 10=20;20,21=21"
"C[NH+:10]([H])[C:20]1([NH:21]C6=CC=CC=C6)[NH]C([H])C(C8=CC=CC=C8)[NH]1.[Cl-]>>[Cl-].C6=CC=CC=C6[NH+:21]=[C:20]2[NH]C([H])C(C8=CC=CC=C8)[NH]2.C[NH:10][H] 21=20;20,10=10"
"C[O:10][H].[Si](C)(C)(C)[O+:21]=[C:20]([S]C8=CC=CC=C8)[O][H].[Cl-]>>[Cl-].C[O+:10]([H])[C:20]([O:21][Si](C)(C)(C))([S]C8=CC=CC=C8)[O][H] 10=20;20,21=21"
"C9=CC=CC=C9[S:10][H].[H][O+:21]=[C:20]([O][H])[S]CC.[Cl-]>>[Cl-].C9=CC=CC=C9[S+:10]([H])[C:20]([O:21][H])([O][H])[S]CC 10=20;20,21=21"
"[NH:10](C)C(C)/C(C)=C([C:20]([H])=[O:21])/C>>[O-:21][C:20]1([H])[NH+:10](C)C(C)C(C)=C1C 10=20;20,21=21"
"CC1C(O[C:20](N1C1=CC=CC=C1)([O-:10])[Cl:21])CC>>CC1C(O[C:20](=[O:10])N1C1=CC=CC=C1)CC.[Cl-:21] 10=20;20,21=21"
"CC[NH+:21]=[C:20]2[O][CH]([H])[CH]([H])C(C)[O]2.[H][NH:10][H].[Cl-]>>[Cl-].[H][NH+:10]([H])[C:20]1([NH:21]CC)[O][CH]([H])C([H])[CH](C)[O]1 10=20;20,21=21"
"[O-:21][C:20]1(C)C([H])C([H])=C(C)C([H])[NH+:10]1(C)>>[NH:10](C)C([H])/C(C)=C([H])\C([H])[C:20](C)=[O:21] 21=20;20,10=10"
"[H][O:10]C([H])C([H])C(C8=CC=CC=C8)[NH][C:20]([O][H])=[NH+:21]C6=CC=CC=C6.[Cl-]>>[Cl-].[H][O+:10](C([H])C([H])C(C8=CC=CC=C8)[NH]1)[C:20]1([NH:21]C6=CC=CC=C6)[O][H] 10=20;20,21=21"
"[H][NH:10]C([H])C(C8=CC=CC=C8)[O][C:20]([O]C)=[NH+:21]C.[Cl-]>>[Cl-].[H][NH+:10](C([H])C(C8=CC=CC=C8)[O]1)[C:20]1([NH:21]C)[O]C 10=20;20,21=21"
"[H]N([C:20](=[O:10])OC1=CC=CC=C1)CC.[O-:21]CCCCCC>>[H]N([C:20]([O-:10])(OC1=CC=CC=C1)[O:21]CCCCCC)CC 21=20;20,10=10"
"[H][O+:10](C(C9=CC=CC=C9)C(C)C([H])[S]1)[C:20]1([O:21][H])[O]C7=CC=CC=C7.[Cl-]>>[Cl-].[H][O:10]C(C9=CC=CC=C9)C(C)C([H])[S][C:20]([O]C7=CC=CC=C7)=[O+:21][H] 21=20;20,10=10"
"[H][NH:10]C(C9=CC=CC=C9)C(C)C(CC)[O][C:20]([O][H])=[NH+:21][H].[Cl-]>>[Cl-].[H][NH+:10](C(C9=CC=CC=C9)C(C)C(CC)[O]1)[C:20]1([NH:21][H])[O][H] 10=20;20,21=21"
"[NH:10](C)C([H])/C(C)=C([C:20](C)=[O:21])/[H]>>[O-:21][C:20]1(C)[NH+:10](C)C([H])C(C)=C1[H] 10=20;20,21=21"
"C6=CC=CC=C6[NH+:21]=[C:20]2[NH]C(C7=CC=CC=C7)C(C)[O]2.C[O:10][H].[Cl-]>>[Cl-].C[O+:10]([H])[C:20]1([NH:21]C6=CC=CC=C6)[NH]C(C7=CC=CC=C7)C(C)[O]1 10=20;20,21=21"
"[OH:10]C(C)/C([H])=C([H])\C([H])[C:20](C)=[OH+:21]>>[OH:21][C:20]1(C)C([H])C([H])=C([H])C(C)[OH+:10]1 10=20;20,21=21"
"CC[NH+:21]=[C:20]2[NH][CH](C7=CC=CC=C7)[CH](C)C([H])[O]2.C9=CC=CC=C9[NH:10][H].[Cl-]>>[Cl-].C9=CC=CC=C9[NH+:10]([H])[C:20]1([NH:21]CC)[NH][CH](C7=CC=CC=C7)C(C)[CH]([H])[O]1 10=20;20,21=21"
"[O-:21][C:20]1([H])C(C)C(O)C([H])C([H])[O+:10]1([K])>>[O:10]([K])C([H])C([H])C(O)C(C)[C:20]([H])=[O:21] 21=20;20,10=10"
"[H][NH+:21]=[C:20]2[NH][CH]([H])[CH](C)C([H])[O]2.[H][NH:10][H].[Cl-]>>[Cl-].[H][NH+:10]([H])[C:20]1([NH:21][H])[NH][CH]([H])C(C)[CH]([H])[O]1 10=20;20,21=21"
"CC[O+:10]([H])[C:20]([NH:21]C6=CC=CC=C6)([O]C8=CC=CC=C8)[O][H].[Cl-]>>[Cl-].CC[O:10][H].C6=CC=CC=C6[NH+:21]=[C:20]([O]C8=CC=CC=C8)[O][H] 21=20;20,10=10"
"C9=CC=CC=C9[S:10][H].C[O+:21]=[C:20]([S]C8=CC=CC=C8)[O]C7=CC=CC=C7.[Cl-]>>[Cl-].C9=CC=CC=C9[S+:10]([H])[C:20]([O:21]C)([S]C8=CC=CC=C8)[O]C7=CC=CC=C7 10=20;20,21=21"
"[H][NH+:10]([H])[C:20]1([NH:21][H])[O][CH](CC)C(C)[CH](C)[NH]1.[Cl-]>>[Cl-].[H][NH+:21]=[C:20]2[O][CH](CC)[CH](C)C(C)[NH]2.[H][NH:10][H] 21=20;20,10=10"
"C[NH+:21]=[C:20]2[O][CH](C)[CH]([H])C(C)[NH]2.C9=CC=CC=C9[NH:10][H].[Cl-]>>[Cl-].C9=CC=CC=C9[NH+:10]([H])[C:20]1([NH:21]C)[O][CH](C)C([H])[CH](C)[NH]1 10=20;20,21=21"
"[O:20]=[C:21](OCC)OCC.[H][O:10][Na]>>[H][O+:10]([Na])[C:21]([O-:20])(OCC)OCC 10=21;21,20=20"
"CC[NH:10][H].CC[NH+:21]=[C:20]([O]CC)[NH][H].[Cl-]>>[Cl-].CC[NH+:10]([H])[C:20]([NH:21]CC)([O]CC)[NH][H] 10=20;20,21=21"
"CCCCCCC1C(C(O[C:20](N1C1=CC=CC=C1)([O-:10])[O:21][H])C1=CC=CC=C1)C>>CCCCCCC1C(C(O[C:20](=[O:10])N1C1=CC=CC=C1)C1=CC=CC=C1)C.[O-:21][H] 10=20;20,21=21"
"[H][NH+:10](C(C9=CC=CC=C9)C(CC)[O]1)[C:20]1([NH:21]C)[NH]C7=CC=CC=C7.[Cl-]>>[Cl-].[H][NH:10]C(C9=CC=CC=C9)C(CC)[O][C:20]([NH]C7=CC=CC=C7)=[NH+:21]C 21=20;20,10=10"
"[H][O+:10](C(C)C([H])[S]1)[C:20]1([O:21]C)[S]C.[Cl-]>>[Cl-].[H][O:10]C(C)C([H])[S][C:20]([S]C)=[O+:21]C 21=20;20,10=10"
"CC1C(C(O[C:20](=[O:10])N1C1=CC=CC=C1)C1=CC=CC=C1)[H].[O-:21]C1=CC=CC=C1>>CC1C(C(O[C:20](N1C1=CC=CC=C1)([O-:10])[O:21]C1=CC=CC=C1)C1=CC=CC=C1)[H] 21=20;20,10=10"
"C9=CC=CC=C9[S:10][H].[Si](C)(C)(C)[O+:21]=[C:20]([O][H])[S][H].[Cl-]>>[Cl-].C9=CC=CC=C9[S+:10]([H])[C:20]([O:21][Si](C)(C)(C))([O][H])[S][H] 10=20;20,21=21"
"[OH:10]C(CCC)C(C)C([C:20](OC)=[OH+:21])O>>[OH:21][C:20]1(OC)[OH+:10]C(CCC)C(C)C1O 10=20;20,21=21"
"[H][S+:10]([H])[C:20]1([O:21][H])[S][CH]([H])C(C)[CH](C8=CC=CC=C8)[O]1.[Cl-]>>[Cl-].[H][O+:21]=[C:20]2[S][CH]([H])[CH](C)C(C8=CC=CC=C8)[O]2.[H][S:10][H] 21=20;20,10=10"
"[H][O+:21]=[C:20]2[S][CH](C7=CC=CC=C7)[CH](C)C(C8=CC=CC=C8)[O]2.[H][S:10][H].[Cl-]>>[Cl-].[H][S+:10]([H])[C:20]1([O:21][H])[S][CH](C7=CC=CC=C7)C(C)[CH](C8=CC=CC=C8)[O]1 10=20;20,21=21"
"C9=CC=CC=C9[O+:10]([H])[C:20]1([NH:21]C6=CC=CC=C6)[NH][CH](C7=CC=CC=C7)C(C)[CH](CC)[O]1.[Cl-]>>[Cl-].C6=CC=CC=C6[NH+:21]=[C:20]2[NH][CH](C7=CC=CC=C7)[CH](C)C(CC)[O]2.C9=CC=CC=C9[O:10][H] 21=20;20,10=10"
"[H][NH+:10](C(C)C(C)C(C8=CC=CC=C8)[O]1)[C:20]1([NH:21]C6=CC=CC=C6)[NH]CC.[Cl-]>>[Cl-].[H][NH:10]C(C)C(C)C(C8=CC=CC=C8)[O][C:20]([NH]CC)=[NH+:21]C6=CC=CC=C6 21=20;20,10=10"
"[H][S+:10](C(C9=CC=CC=C9)C([H])C([H])[S]1)[C:20]1([O:21][H])[O]C.[Cl-]>>[Cl-].[H][S:10]C(C9=CC=CC=C9)C([H])C([H])[S][C:20]([O]C)=[O+:21][H] 21=20;20,10=10"
"[H][O:10]C([H])C([H])[NH][C:20]([NH]C7=CC=CC=C7)=[NH+:21]CC.[Cl-]>>[Cl-].[H][O+:10](C([H])C([H])[NH]1)[C:20]1([NH:21]CC)[NH]C7=CC=CC=C7 10=20;20,21=21"
"CC[NH+:10]([H])[C:20]1([NH:21]C6=CC=CC=C6)[NH][CH](CC)C(C)[CH]([H])[NH]1.[Cl-]>>[Cl-].C6=CC=CC=C6[NH+:21]=[C:20]2[NH][CH](CC)[CH](C)C([H])[NH]2.CC[NH:10][H] 21=20;20,10=10"
"CN([C:20](=[O:10])OC(C(C([O-:21])[H])[H])C)[H]>>CN([C:20]1(OC(C(C([O:21]1)[H])[H])C)[O-:10])[H] 21=20;20,10=10"
"C[S:10][H].C[O+:21]=[C:20]([O]C8=CC=CC=C8)[O]C7=CC=CC=C7.[Cl-]>>[Cl-].C[S+:10]([H])[C:20]([O:21]C)([O]C8=CC=CC=C8)[O]C7=CC=CC=C7 10=20;20,21=21"
"C(C([O-:21])CCCCCC)(C(O[C:20](=[O:10])OCCCCCC)CC)CC>>C1(C(O[C:20]([O-:10])([O:21]C1CCCCCC)OCCCCCC)CC)CC 21=20;20,10=10"
"[NH:10]([H])C([H])/C(C)=C([H])\C(C)[C:20](OCC)=[O:21]>>[O-:21][C:20]1(OCC)C(C)C([H])=C(C)C([H])[NH+:10]1([H]) 10=20;20,21=21"
"[H][S:10]C([H])C(C)C(C8=CC=CC=C8)[O][C:20]([O]C)=[O+:21]C.[Cl-]>>[Cl-].[H][S+:10](C([H])C(C)C(C8=CC=CC=C8)[O]1)[C:20]1([O:21]C)[O]C 10=20;20,21=21"
"C[NH+:21]=[C:20]2[O]C(CC)C(CC)[O]2.C[NH:10][H].[Cl-]>>[Cl-].C[NH+:10]([H])[C:20]1([NH:21]C)[O]C(CC)C(CC)[O]1 10=20;20,21=21"
"[H][O:10][H].[H][NH+:21]=[C:20]([O]CC)[O]CC.[Cl-]>>[Cl-].[H][O+:10]([H])[C:20]([NH:21][H])([O]CC)[O]CC 10=20;20,21=21"
"[H][O+:21]=[C:20]2[S]C(C7=CC=CC=C7)C(CC)[S]2.C[S:10][H].[Cl-]>>[Cl-].C[S+:10]([H])[C:20]1([O:21][H])[S]C(C7=CC=CC=C7)C(CC)[S]1 10=20;20,21=21"
"[O-:21][C:20]1(OCC)C(C)C(C)C(C)C([H])[O+:10]1([K])>>[O:10]([K])C([H])C(C)C(C)C(C)[C:20](OCC)=[O:21] 21=20;20,10=10"
"CC[S+:10]([H])[C:20]1([O:21]C)[O][CH](C7=CC=CC=C7)C(C)[CH](C)[S]1.[Cl-]>>[Cl-].C[O+:21]=[C:20]2[O][CH](C7=CC=CC=C7)[CH](C)C(C)[S]2.CC[S:10][H] 21=20;20,10=10"
"C[O+:10]([H])[C:20]1([O:21][Si](C)(C)(C))[S]C(C7=CC=CC=C7)C([H])[O]1.[Cl-]>>[Cl-].[Si](C)(C)(C)[O+:21]=[C:20]2[S]C(C7=CC=CC=C7)C([H])[O]2.C[O:10][H] 21=20;20,10=10"
"C1=CC=CC=C1N([C:20](=[O:10])OC)C.[O-:21]C>>C1=CC=CC=C1N([C:20]([O-:10])(OC)[O:21]C)C 21=20;20,10=10"
"[H]C1C(C(O[C:20](=[O:10])N1[H])CC)[H].[O-:21][H]>>[H]C1C(C(O[C:20](N1[H])([O-:10])[O:21][H])CC)[H] 21=20;20,10=10"
"CC[NH+:21]=[C:20]2[NH][CH](C)[CH](C)C(C8=CC=CC=C8)[O]2.[H][NH:10][H].[Cl-]>>[Cl-].[H][NH+:10]([H])[C:20]1([NH:21]CC)[NH][CH](C)C(C)[CH](C8=CC=CC=C8)[O]1 10=20;20,21=21"
"C[S+:10]([H])[C:20]1([O:21]C)[S]C(CC)C(C8=CC=CC=C8)[S]1.[Cl-]>>[Cl-].C[O+:21]=[C:20]2[S]C(CC)C(C8=CC=CC=C8)[S]2.C[S:10][H] 21=20;20,10=10"
"C9=CC=CC=C9[O:10][H].C[O+:21]=[C:20]([S]C)[S]C7=CC=CC=C7.[Cl-]>>[Cl-].C9=CC=CC=C9[O+:10]([H])[C:20]([O:21]C)([S]C)[S]C7=CC=CC=C7 10=20;20,21=21"
"C[S+:10]([H])[C:20]1([O:21][H])[O][CH](C7=CC=CC=C7)C(C)[CH](CC)[S]1.[Cl-]>>[Cl-].[H][O+:21]=[C:20]2[O][CH](C7=CC=CC=C7)[CH](C)C(CC)[S]2.C[S:10][H] 21=20;20,10=10"
"CC[O+:10]([H])[C:20]1([O:21]C)[S][CH](C7=CC=CC=C7)C(C)[CH](C)[O]1.[Cl-]>>[Cl-].C[O+:21]=[C:20]2[S][CH](C7=CC=CC=C7)[CH](C)C(C)[O]2.CC[O:10][H] 21=20;20,10=10"
"[H]C1C(C(O[C:20](N1C1=CC=CC=C1)([O-:10])[O:21][H])[H])CC>>[H]C1C(C(O[C:20](=[O:10])N1C1=CC=CC=C1)[H])CC.[O-:21][H] 10=20;20,21=21"
"[H][NH+:21]=[C:20]2[NH][CH](C7=CC=CC=C7)[CH](C)C(C8=CC=CC=C8)[NH]2.CC[O:10][H].[Cl-]>>[Cl-].CC[O+:10]([H])[C:20]1([NH:21][H])[NH][CH](C7=CC=CC=C7)C(C)[CH](C8=CC=CC=C8)[NH]1 10=20;20,21=21"
"[H][O:10]C(CC)C(C)C(C)[NH][C:20]([NH]C7=CC=CC=C7)=[NH+:21][H].[Cl-]>>[Cl-].[H][O+:10](C(CC)C(C)C(C)[NH]1)[C:20]1([NH:21][H])[NH]C7=CC=CC=C7 10=20;20,21=21"
"[O:10]([Na])C(C)/C([H])=C([H])\C([H])[C:20](C)=[O:21]>>[O-:21][C:20]1(C)C([H])C([H])=C([H])C(C)[O+:10]1([Na]) 10=20;20,21=21"
"[H][NH+:10]([H])[C:20]([NH:21]C)([NH]C8=CC=CC=C8)[O][H].[Cl-]>>[Cl-].[H][NH:10][H].C[NH+:21]=[C:20]([NH]C8=CC=CC=C8)[O][H] 21=20;20,10=10"
"[O-:21][C:20]1(OCC)C(O)C([H])C(C)C(CC)[O:10]1>>[O-:10]C(CC)C(C)C([H])C(O)[C:20](OCC)=[O:21] 21=20;20,10=10"
"CC1C(C(O[C:20](=[O:10])N1CC)CC)CC.[O-:21]CC>>CC1C(C(O[C:20](N1CC)([O-:10])[O:21]CC)CC)CC 21=20;20,10=10"
"[H][O+:10]([H])[C:20]1([NH:21]C6=CC=CC=C6)[O][CH]([H])C([H])[CH](C)[O]1.[Cl-]>>[Cl-].C6=CC=CC=C6[NH+:21]=[C:20]2[O][CH]([H])[CH]([H])C(C)[O]2.[H][O:10][H] 21=20;20,10=10"
"CN([C:20]1(OC(C(C([O:21]1)C)CCCCCC)CCCCCC)[O-:10])C>>CN([C:20](=[O:10])OC(C(C([O-:21])C)CCCCCC)CCCCCC)C 10=20;20,21=21"
"[NH:10](C)C(C=CC=C1)=C1C(C)C([C:20](C)=[O:21])[H]>>[O-:21][C:20]2(C)C(C(C)C3=C([NH+:10]2(C))C=CC=C3)[H] 10=20;20,21=21"
"[O-:21][C:20]1(OC)C(C)=C(C)C([H])C(C)[NH+:10]1(C)>>[NH:10](C)C(C)C([H])/C(C)=C(C)\[C:20](OC)=[O:21] 21=20;20,10=10"
"[Si](C)(C)(C)[O+:21]=[C:20]2[O]C(CC)C(CC)[S]2.C9=CC=CC=C9[O:10][H].[Cl-]>>[Cl-].C9=CC=CC=C9[O+:10]([H])[C:20]1([O:21][Si](C)(C)(C))[O]C(CC)C(CC)[S]1 10=20;20,21=21"
"CCN([C:20](=[O:10])OC(C(C([O-:21])CC)[H])C1=CC=CC=C1)CC>>CCN([C:20]1(OC(C(C([O:21]1)CC)[H])C1=CC=CC=C1)[O-:10])CC 21=20;20,10=10"
"[O-:10]C(C)/C(O)=C([C:20](OCC)=[O:21])/C>>[O-:21][C:20]1(OCC)[O:10]C(C)C(O)=C1C 10=20;20,21=21"
"[NH:10](C)C(C)C(C)C([H])C(C)[C:20]([H])=[O:21]>>[O-:21][C:20]1([H])C(C)C([H])C(C)C(C)[NH+:10]1(C) 10=20;20,21=21"
"[H][O:10]C(C)C([H])C(CC)[NH][C:20]([NH]CC)=[NH+:21]C.[Cl-]>>[Cl-].[H][O+:10](C(C)C([H])C(CC)[NH]1)[C:20]1([NH:21]C)[NH]CC 10=20;20,21=21"
"[O-:21][C:20]1([H])[O+:10]([Na])C(CCC)C(O)=C1O>>[O:10]([Na])C(CCC)/C(O)=C([C:20]([H])=[O:21])/O 21=20;20,10=10"
"C6=CC=CC=C6[NH+:21]=[C:20]2[O][CH](C)[CH](C)C([H])[NH]2.CC[NH:10][H].[Cl-]>>[Cl-].CC[NH+:10]([H])[C:20]1([NH:21]C6=CC=CC=C6)[O][CH](C)C(C)[CH]([H])[NH]1 10=20;20,21=21"
"[H]C1C(C(O[C:20](N1C)([O-:10])[O:21]CC)[H])CCCCCC>>[H]C1C(C(O[C:20](=[O:10])N1C)[H])CCCCCC.[O-:21]CC 10=20;20,21=21"
"[H][O:10]C([H])C([H])C([H])[NH][C:20]([O]C7=CC=CC=C7)=[NH+:21]C6=CC=CC=C6.[Cl-]>>[Cl-].[H][O+:10](C([H])C([H])C([H])[NH]1)[C:20]1([NH:21]C6=CC=CC=C6)[O]C7=CC=CC=C7 10=20;20,21=21"
"[O:10]([K])C(CC)/C(C)=C([C:20](C)=[O:21])/C>>[O-:21][C:20]1(C)[O+:10]([K])C(CC)C(C)=C1C 10=20;20,21=21"
"C(C([O-:21])C)(C(O[C:20](=[O:10])OC)C)C>>C1(C(O[C:20]([O-:10])([O:21]C1C)OC)C)C 21=20;20,10=10"
"C9=CC=CC=C9[NH+:10]([H])[C:20]1([NH:21]C)[NH][CH](C)C(C)[CH](CC)[NH]1.[Cl-]>>[Cl-].C[NH+:21]=[C:20]2[NH][CH](C)[CH](C)C(CC)[NH]2.C9=CC=CC=C9[NH:10][H] 21=20;20,10=10"
"C9=CC=CC=C9[O+:10]([H])[C:20]1([NH:21]C)[NH][CH](C7=CC=CC=C7)C(C)[CH](CC)[O]1.[Cl-]>>[Cl-].C[NH+:21]=[C:20]2[NH][CH](C7=CC=CC=C7)[CH](C)C(CC)[O]2.C9=CC=CC=C9[O:10][H] 21=20;20,10=10"
"[Si](C)(C)(C)[O+:21]=[C:20]2[O]C(C)C(C)[S]2.C[O:10][H].[Cl-]>>[Cl-].C[O+:10]([H])[C:20]1([O:21][Si](C)(C)(C))[O]C(C)C(C)[S]1 10=20;20,21=21"
"[H][S+:10](C(C9=CC=CC=C9)C([H])C(C)[S]1)[C:20]1([O:21][H])[O]C7=CC=CC=C7.[Cl-]>>[Cl-].[H][S:10]C(C9=CC=CC=C9)C([H])C(C)[S][C:20]([O]C7=CC=CC=C7)=[O+:21][H] 21=20;20,10=10"
"C9=CC=CC=C9[O+:10]([H])[C:20]([NH:21][H])([O]C8=CC=CC=C8)[O][H].[Cl-]>>[Cl-].C9=CC=CC=C9[O:10][H].[H][NH+:21]=[C:20]([O]C8=CC=CC=C8)[O][H] 21=20;20,10=10"
"[O-:21][C:20]1([H])C([H])C([H])=C(C)C(C)[NH+:10]1([H])>>[NH:10]([H])C(C)/C(C)=C([H])\C([H])[C:20]([H])=[O:21] 21=20;20,10=10"
"[H][O+:21]=[C:20]2[O]C(CC)C([H])[S]2.CC[O:10][H].[Cl-]>>[Cl-].CC[O+:10]([H])[C:20]1([O:21][H])[O]C(CC)C([H])[S]1 10=20;20,21=21"
"C[O+:10]([H])[C:20]1([O:21][H])[S][CH](CC)C([H])[CH](C)[O]1.[Cl-]>>[Cl-].[H][O+:21]=[C:20]2[S][CH](CC)[CH]([H])C(C)[O]2.C[O:10][H] 21=20;20,10=10"
"C1=CC=CC=C1C1C(C(O[C:20](=[O:10])N1CCCCCC)C1=CC=CC=C1)[H].[O-:21][H]>>C1=CC=CC=C1C1C(C(O[C:20](N1CCCCCC)([O-:10])[O:21][H])C1=CC=CC=C1)[H] 21=20;20,10=10"
"C[NH:10][H].C6=CC=CC=C6[NH+:21]=[C:20]([O][H])[O]CC.[Cl-]>>[Cl-].C[NH+:10]([H])[C:20]([NH:21]C6=CC=CC=C6)([O][H])[O]CC 10=20;20,21=21"
"C[NH+:10]([H])[C:20]1([NH:21][H])[O]C(C)C(C8=CC=CC=C8)[NH]1.[Cl-]>>[Cl-].[H][NH+:21]=[C:20]2[O]C(C)C(C8=CC=CC=C8)[NH]2.C[NH:10][H] 21=20;20,10=10"
"C9=CC=CC=C9[O:10][H].[H][O+:21]=[C:20]([S][H])[S][H].[Cl-]>>[Cl-].C9=CC=CC=C9[O+:10]([H])[C:20]([O:21][H])([S][H])[S][H] 10=20;20,21=21"
"[OH:21][C:20]1(C)[OH+:10]C(CC)C([H])C1[H]>>[OH:10]C(CC)C([H])C([C:20](C)=[OH+:21])[H] 21=20;20,10=10"
"[H][O+:10](C([H])C(C)[O]1)[C:20]1([NH:21]CC)[NH]C7=CC=CC=C7.[Cl-]>>[Cl-].[H][O:10]C([H])C(C)[O][C:20]([NH]C7=CC=CC=C7)=[NH+:21]CC 21=20;20,10=10"
"C[O+:21]=[C:20]2[O][CH](C)[CH]([H])C(C)[S]2.[H][O:10][H].[Cl-]>>[Cl-].[H][O+:10]([H])[C:20]1([O:21]C)[O][CH](C)C([H])[CH](C)[S]1 10=20;20,21=21"
"[K][O+:21]([C:20]([O-:10])(O[H])OC1=CC=CC=C1)[H]>>[K][O:21][H].[C:20](=[O:10])(O[H])OC1=CC=CC=C1 10=20;20,21=21"
"C9=CC=CC=C9[NH+:10]([H])[C:20]1([NH:21]C)[NH][CH]([H])C([H])[CH](C8=CC=CC=C8)[O]1.[Cl-]>>[Cl-].C[NH+:21]=[C:20]2[NH][CH]([H])[CH]([H])C(C8=CC=CC=C8)[O]2.C9=CC=CC=C9[NH:10][H] 21=20;20,10=10"
"[O:20]=[C:21](OC)OCCCCCC.C1=CC=CC=C1[O:10][K]>>C1=CC=CC=C1[O+:10]([K])[C:21]([O-:20])(OC)OCCCCCC 10=21;21,20=20"
"C1=CC=CC=C1N([C:20](=[O:10])OC(C(C([O-:21])[H])CCCCCC)CCCCCC)CC>>C1=CC=CC=C1N([C:20]1(OC(C(C([O:21]1)[H])CCCCCC)CCCCCC)[O-:10])CC 21=20;20,10=10"
"[H][S:10]C(C)C([H])[O][C:20]([O][H])=[O+:21]C.[Cl-]>>[Cl-].[H][S+:10](C(C)C([H])[O]1)[C:20]1([O:21]C)[O][H] 10=20;20,21=21"
"CC1C(C(O[C:20](=[O:10])N1CCCCCC)C)C.[O-:21]C>>CC1C(C(O[C:20](N1CCCCCC)([O-:10])[O:21]C)C)C 21=20;20,10=10"
"[H][S+:10](C(C9=CC=CC=C9)C([H])C(C)[O]1)[C:20]1([O:21]C)[O][H].[Cl-]>>[Cl-].[H][S:10]C(C9=CC=CC=C9)C([H])C(C)[O][C:20]([O][H])=[O+:21]C 21=20;20,10=10"
"[H][O+:10](C(CC)C(C)C(CC)[NH]1)[C:20]1([NH:21]C)[NH][H].[Cl-]>>[Cl-].[H][O:10]C(CC)C(C)C(CC)[NH][C:20]([NH][H])=[NH+:21]C 21=20;20,10=10"
"C[O+:21]=[C:20]2[O][CH](CC)[CH](C)C(C8=CC=CC=C8)[S]2.C[O:10][H].[Cl-]>>[Cl-].C[O+:10]([H])[C:20]1([O:21]C)[O][CH](CC)C(C)[CH](C8=CC=CC=C8)[S]1 10=20;20,21=21"
"C6=CC=CC=C6[NH+:21]=[C:20]2[O][CH](C)[CH](C)C(C)[NH]2.CC[NH:10][H].[Cl-]>>[Cl-].CC[NH+:10]([H])[C:20]1([NH:21]C6=CC=CC=C6)[O][CH](C)C(C)[CH](C)[NH]1 10=20;20,21=21"
"C[NH+:10]([H])[C:20]([NH:21]C6=CC=CC=C6)([O][H])[NH]CC.[Cl-]>>[Cl-].C[NH:10][H].C6=CC=CC=C6[NH+:21]=[C:20]([O][H])[NH]CC 21=20;20,10=10"
"[H][NH+:10](C([H])C([H])[O]1)[C:20]1([NH:21]CC)[NH]C7=CC=CC=C7.[Cl-]>>[Cl-].[H][NH:10]C([H])C([H])[O][C:20]([NH]C7=CC=CC=C7)=[NH+:21]CC 21=20;20,10=10"
"C[O+:21]=[C:20]2[S][CH](CC)[CH](C)C([H])[S]2.C[O:10][H].[Cl-]>>[Cl-].C[O+:10]([H])[C:20]1([O:21]C)[S][CH](CC)C(C)[CH]([H])[S]1 10=20;20,21=21"
"[OH:10]C(CC)/C([H])=C(C)\C([H])[C:20](OC)=[OH+:21]>>[OH:21][C:20]1(OC)C([H])C(C)=C([H])C(CC)[OH+:10]1 10=20;20,21=21"
"[H][NH+:21]=[C:20]2[O][CH]([H])[CH]([H])C(CC)[O]2.CC[NH:10][H].[Cl-]>>[Cl-].CC[NH+:10]([H])[C:20]1([NH:21][H])[O][CH]([H])C([H])[CH](CC)[O]1 10=20;20,21=21"
"[H][NH:10]C([H])C(C)C(C)[O][C:20]([NH]C)=[NH+:21]CC.[Cl-]>>[Cl-].[H][NH+:10](C([H])C(C)C(C)[O]1)[C:20]1([NH:21]CC)[NH]C 10=20;20,21=21"
"[O-:21][C:20]1(C)C(O)C([H])C(C)C(CCC)[O+:10]1([Na])>>[O:10]([Na])C(CCC)C(C)C([H])C(O)[C:20](C)=[O:21] 21=20;20,10=10"
"[H][S:10][H].C[O+:21]=[C:20]([S][H])[O]C.[Cl-]>>[Cl-].[H][S+:10]([H])[C:20]([O:21]C)([S][H])[O]C 10=20;20,21=21"
"[H][O+:10](C(CC)C(C8=CC=CC=C8)[S]1)[C:20]1([O:21]C)[S]C.[Cl-]>>[Cl-].[H][O:10]C(CC)C(C8=CC=CC=C8)[S][C:20]([S]C)=[O+:21]C 21=20;20,10=10"
"CCCCCCC1C(C(O[C:20](N1CC)([O-:10])[O:21][H])C)[H]>>CCCCCCC1C(C(O[C:20](=[O:10])N1CC)C)[H].[O-:21][H] 10=20;20,21=21"
"CC1C(C(O[C:20](N1C)([O-:10])[O:21]CCCCCC)CCCCCC)CCCCCC>>CC1C(C(O[C:20](=[O:10])N1C)CCCCCC)CCCCCC.[O-:21]CCCCCC 10=20;20,21=21"
"C(C([O-:21])[H])(C(O[C:20](=[O:10])OCCCCCC)CCCCCC)[H]>>C1(C(O[C:20]([O-:10])([O:21]C1[H])OCCCCCC)CCCCCC)[H] 21=20;20,10=10"
"C[O+:21]=[C:20]2[O][CH]([H])[CH](C)C(C8=CC=CC=C8)[O]2.[H][S:10][H].[Cl-]>>[Cl-].[H][S+:10]([H])[C:20]1([O:21]C)[O][CH]([H])C(C)[CH](C8=CC=CC=C8)[O]1 10=20;20,21=21"
"[OH:21][C:20]1(OC)C([H])=C(C)C([H])C(C)[OH+:10]1>>[OH:10]C(C)C([H])/C(C)=C([H])\[C:20](OC)=[OH+:21] 21=20;20,10=10"
"[H][O:10]C(C)C(CC)[O][C:20]([S]CC)=[O+:21]C.[Cl-]>>[Cl-].[H][O+:10](C(C)C(CC)[O]1)[C:20]1([O:21]C)[S]CC 10=20;20,21=21"
"CC[NH+:21]=[C:20]2[O][CH](CC)[CH](C)C(CC)[O]2.C[NH:10][H].[Cl-]>>[Cl-].C[NH+:10]([H])[C:20]1([NH:21]CC)[O][CH](CC)C(C)[CH](CC)[O]1 10=20;20,21=21"
"[O:10]([Na])C(CC)C([H])C([H])C(O)[C:20](C)=[O:21]>>[O-:21][C:20]1(C)C(O)C([H])C([H])C(CC)[O+:10]1([Na]) 10=20;20,21=21"
"C[NH:10][H].CC[NH+:21]=[C:20]([O]CC)[NH][H].[Cl-]>>[Cl-].C[NH+:10]([H])[C:20]([NH:21]CC)([O]CC)[NH][H] 10=20;20,21=21"
"C6=CC=CC=C6[NH+:21]=[C:20]2[NH][CH](C7=CC=CC=C7)[CH](C)C(C8=CC=CC=C8)[O]2.CC[O:10][H].[Cl-]>>[Cl-].CC[O+:10]([H])[C:20]1([NH:21]C6=CC=CC=C6)[NH][CH](C7=CC=CC=C7)C(C)[CH](C8=CC=CC=C8)[O]1 10=20;20,21=21"
"[H]N([C:20]1(OC(C([O:21]1)C)[H])[O-:10])C1=CC=CC=C1>>[H]N([C:20](=[O:10])OC(C([O-:21])C)[H])C1=CC=CC=C1 10=20;20,21=21"
"C1=CC=CC=C1N([C:20]1(OC(C(C([O:21]1)CC)[H])CCCCCC)[O-:10])C1=CC=CC=C1>>C1=CC=CC=C1N([C:20](=[O:10])OC(C(C([O-:21])CC)[H])CCCCCC)C1=CC=CC=C1 10=20;20,21=21"
"CCCCCCN([C:20]([O-:10])(OC)[O:21]CC)CC>>CCCCCCN([C:20](=[O:10])OC)CC.[O-:21]CC 10=20;20,21=21"
"C9=CC=CC=C9[S+:10]([H])[C:20]([O:21][H])([O][H])[O]C7=CC=CC=C7.[Cl-]>>[Cl-].C9=CC=CC=C9[S:10][H].[H][O+:21]=[C:20]([O][H])[O]C7=CC=CC=C7 21=20;20,10=10"
"CC[O+:10]([H])[C:20]1([NH:21]C6=CC=CC=C6)[O][CH](C)C([H])[CH](C)[O]1.[Cl-]>>[Cl-].C6=CC=CC=C6[NH+:21]=[C:20]2[O][CH](C)[CH]([H])C(C)[O]2.CC[O:10][H] 21=20;20,10=10"
"[H][NH:10]C([H])C(C)[NH][C:20]([NH][H])=[NH+:21]CC.[Cl-]>>[Cl-].[H][NH+:10](C([H])C(C)[NH]1)[C:20]1([NH:21]CC)[NH][H] 10=20;20,21=21"
"CC[O+:10]([H])[C:20]1([NH:21]C)[NH]C(C7=CC=CC=C7)C(C8=CC=CC=C8)[O]1.[Cl-]>>[Cl-].C[NH+:21]=[C:20]2[NH]C(C7=CC=CC=C7)C(C8=CC=CC=C8)[O]2.CC[O:10][H] 21=20;20,10=10"
"[H][NH+:10](C(C)C([H])C([H])[O]1)[C:20]1([NH:21]CC)[O]CC.[Cl-]>>[Cl-].[H][NH:10]C(C)C([H])C([H])[O][C:20]([O]CC)=[NH+:21]CC 21=20;20,10=10"
"[H][O+:10](C(CC)C([H])C(C8=CC=CC=C8)[NH]1)[C:20]1([NH:21]C)[O][H].[Cl-]>>[Cl-].[H][O:10]C(CC)C([H])C(C8=CC=CC=C8)[NH][C:20]([O][H])=[NH+:21]C 21=20;20,10=10"
"CC[S+:10]([H])[C:20]([O:21][Si](C)(C)(C))([O]CC)[S]CC.[Cl-]>>[Cl-].CC[S:10][H].[Si](C)(C)(C)[O+:21]=[C:20]([O]CC)[S]CC 21=20;20,10=10"
"[OH:10]C(C)/C([H])=C([H])\C([H])[C:20](OCC)=[OH+:21]>>[OH:21][C:20]1(OCC)C([H])C([H])=C([H])C(C)[OH+:10]1 10=20;20,21=21"
"[O-:21][C:20]1(OC)C(C)C(C)C([H])C([H])[NH+:10]1([H])>>[NH:10]([H])C([H])C([H])C(C)C(C)[C:20](OC)=[O:21] 21=20;20,10=10"
"[H][O+:21]=[C:20]2[S][CH](C)[CH]([H])C(CC)[S]2.C[O:10][H].[Cl-]>>[Cl-].C[O+:10]([H])[C:20]1([O:21][H])[S][CH](C)C([H])[CH](CC)[S]1 10=20;20,21=21"
"CC[O+:10]([H])[C:20]1([NH:21][H])[O][CH](C)C([H])[CH](CC)[NH]1.[Cl-]>>[Cl-].[H][NH+:21]=[C:20]2[O][CH](C)[CH]([H])C(CC)[NH]2.CC[O:10][H] 21=20;20,10=10"
"[H][S+:10](C(C9=CC=CC=C9)C([H])C(C)[O]1)[C:20]1([O:21][H])[O][H].[Cl-]>>[Cl-].[H][S:10]C(C9=CC=CC=C9)C([H])C(C)[O][C:20]([O][H])=[O+:21][H] 21=20;20,10=10"
"[H][S:10]C([H])C(C8=CC=CC=C8)[O][C:20]([O]C7=CC=CC=C7)=[O+:21][H].[Cl-]>>[Cl-].[H][S+:10](C([H])C(C8=CC=CC=C8)[O]1)[C:20]1([O:21][H])[O]C7=CC=CC=C7 10=20;20,21=21"
"[Li][O:21]CCCCCC.[C:20](=[O:10])(OCCCCCC)OCC>>[Li][O+:21]([C:20]([O-:10])(OCCCCCC)OCC)CCCCCC 21=20;20,10=10"
"[H]N([C:20]1(OC(C(C([O:21]1)C)C)C1=CC=CC=C1)[O-:10])CC>>[H]N([C:20](=[O:10])OC(C(C([O-:21])C)C)C1=CC=CC=C1)CC 10=20;20,21=21"
"[H][O+:10]([H])[C:20]1([O:21][H])[O]C(CC)C(C8=CC=CC=C8)[O]1.[Cl-]>>[Cl-].[H][O+:21]=[C:20]2[O]C(CC)C(C8=CC=CC=C8)[O]2.[H][O:10][H] 21=20;20,10=10"
"[H]C1C(C(O[C:20](N1[H])([O-:10])[O:21][H])[H])C>>[H]C1C(C(O[C:20](=[O:10])N1[H])[H])C.[O-:21][H] 10=20;20,21=21"
"C1(C([O:21][C:20](O1)([O-:10])OCC)C1=CC=CC=C1)C>>C(C(O[C:20](=[O:10])OCC)C)([O-:21])C1=CC=CC=C1 10=20;20,21=21"
"[H]C1C(C(O[C:20](=[O:10])N1C)[H])[H].[O-:21][H]>>[H]C1C(C(O[C:20](N1C)([O-:10])[O:21][H])[H])[H] 21=20;20,10=10"
"C[O+:10]([H])[C:20]1([O:21][H])[S][CH](C7=CC=CC=C7)C([H])[CH](C)[S]1.[Cl-]>>[Cl-].[H][O+:21]=[C:20]2[S][CH](C7=CC=CC=C7)[CH]([H])C(C)[S]2.C[O:10][H] 21=20;20,10=10"
"[H][NH:10]C(C9=CC=CC=C9)C([H])[NH][C:20]([NH][H])=[NH+:21][H].[Cl-]>>[Cl-].[H][NH+:10](C(C9=CC=CC=C9)C([H])[NH]1)[C:20]1([NH:21][H])[NH][H] 10=20;20,21=21"
"[OH:10]C(CC)C(O)C([C:20]([H])=[OH+:21])[H]>>[OH:21][C:20]1([H])[OH+:10]C(CC)C(O)C1[H] 10=20;20,21=21"
"[NH:10](C)C(CC)C(O)C(O)C([H])[C:20](OC)=[O:21]>>[O-:21][C:20]1(OC)C([H])C(O)C(O)C(CC)[NH+:10]1(C) 10=20;20,21=21"
"C[O+:21]=[C:20]2[S]C(C)C([H])[S]2.C9=CC=CC=C9[O:10][H].[Cl-]>>[Cl-].C9=CC=CC=C9[O+:10]([H])[C:20]1([O:21]C)[S]C(C)C([H])[S]1 10=20;20,21=21"
"C[NH+:21]=[C:20]2[NH][CH](C7=CC=CC=C7)[CH](C)C(C)[NH]2.CC[NH:10][H].[Cl-]>>[Cl-].CC[NH+:10]([H])[C:20]1([NH:21]C)[NH][CH](C7=CC=CC=C7)C(C)[CH](C)[NH]1 10=20;20,21=21"
"CC1C(C(O[C:20](=[O:10])N1C)CCCCCC)[H].[O-:21][H]>>CC1C(C(O[C:20](N1C)([O-:10])[O:21][H])CCCCCC)[H] 21=20;20,10=10"
"CC[O+:10]([H])[C:20]1([NH:21]CC)[O]C([H])C([H])[NH]1.[Cl-]>>[Cl-].CC[NH+:21]=[C:20]2[O]C([H])C([H])[NH]2.CC[O:10][H] 21=20;20,10=10"
"C[NH+:21]=[C:20]2[O]C(C7=CC=CC=C7)C([H])[NH]2.C[O:10][H].[Cl-]>>[Cl-].C[O+:10]([H])[C:20]1([NH:21]C)[O]C(C7=CC=CC=C7)C([H])[NH]1 10=20;20,21=21"
"[H][O:10]C(C)C(CC)[O][C:20]([O][H])=[NH+:21]C.[Cl-]>>[Cl-].[H][O+:10](C(C)C(CC)[O]1)[C:20]1([NH:21]C)[O][H] 10=20;20,21=21"
"CCC1C(C(O[C:20](=[O:10])N1CC)CC)CCCCCC.[O-:21]C>>CCC1C(C(O[C:20](N1CC)([O-:10])[O:21]C)CC)CCCCCC 21=20;20,10=10"
"[NH:10]([H])C(CC)C(C)/C(C)=C([H])\[C:20](OC)=[O:21]>>[O-:21][C:20]1(OC)C([H])=C(C)C(C)C(CC)[NH+:10]1([H]) 10=20;20,21=21"
"C1=CC=CC=C1[O+:10]([K])[C:21]([O-:20])(OCCCCCC)OCCCCCC>>[O:20]=[C:21](OCCCCCC)OCCCCCC.C1=CC=CC=C1[O:10][K] 20=21;21,10=10"
"[NH:10](C)C(C)/C(C)=C([H])\C(C)[C:20](OCC)=[O:21]>>[O-:21][C:20]1(OCC)C(C)C([H])=C(C)C(C)[NH+:10]1(C) 10=20;20,21=21"
"[H][S:10]C([H])C(C)[S][C:20]([O]C7=CC=CC=C7)=[O+:21]C.[Cl-]>>[Cl-].[H][S+:10](C([H])C(C)[S]1)[C:20]1([O:21]C)[O]C7=CC=CC=C7 10=20;20,21=21"
"[H][O:10]C(CC)C(C)C(C)[NH][C:20]([O]C7=CC=CC=C7)=[NH+:21][H].[Cl-]>>[Cl-].[H][O+:10](C(CC)C(C)C(C)[NH]1)[C:20]1([NH:21][H])[O]C7=CC=CC=C7 10=20;20,21=21"
"CCN([C:20](=[O:10])OC(C(C([O-:21])C1=CC=CC=C1)C)CC)CC>>CCN([C:20]1(OC(C(C([O:21]1)C1=CC=CC=C1)C)CC)[O-:10])CC 21=20;20,10=10"
"C1=CC=CC=C1[O+:10]([K])[C:21]([O-:20])(O[H])OCCCCCC>>[O:20]=[C:21](O[H])OCCCCCC.C1=CC=CC=C1[O:10][K] 20=21;21,10=10"
"C[S+:10]([H])[C:20]1([O:21]C)[S][CH](C)C([H])[CH](CC)[S]1.[Cl-]>>[Cl-].C[O+:21]=[C:20]2[S][CH](C)[CH]([H])C(CC)[S]2.C[S:10][H] 21=20;20,10=10"
"C9=CC=CC=C9[NH+:10]([H])[C:20]([NH:21][H])([O]CC)[O]C7=CC=CC=C7.[Cl-]>>[Cl-].C9=CC=CC=C9[NH:10][H].[H][NH+:21]=[C:20]([O]CC)[O]C7=CC=CC=C7 21=20;20,10=10"
"CC[O+:10]([H])[C:20]1([NH:21]C)[NH][CH](C7=CC=CC=C7)C(C)[CH](C)[O]1.[Cl-]>>[Cl-].C[NH+:21]=[C:20]2[NH][CH](C7=CC=CC=C7)[CH](C)C(C)[O]2.CC[O:10][H] 21=20;20,10=10"
"[O:20]=[C:21](OC1=CC=CC=C1)O[H].[H][O:10][Na]>>[H][O+:10]([Na])[C:21]([O-:20])(OC1=CC=CC=C1)O[H] 10=21;21,20=20"
"C[O+:21]=[C:20]2[S][CH](C)[CH]([H])C(CC)[S]2.[H][O:10][H].[Cl-]>>[Cl-].[H][O+:10]([H])[C:20]1([O:21]C)[S][CH](C)C([H])[CH](CC)[S]1 10=20;20,21=21"
"C1=CC=CC=C1C1C(C(O[C:20](N1CC)([O-:10])[Cl:21])C1=CC=CC=C1)CCCCCC>>C1=CC=CC=C1C1C(C(O[C:20](=[O:10])N1CC)C1=CC=CC=C1)CCCCCC.[Cl-:21] 10=20;20,21=21"
"[OH:10]C(CC)C([H])C([C:20]([H])=[OH+:21])[H]>>[OH:21][C:20]1([H])[OH+:10]C(CC)C([H])C1[H] 10=20;20,21=21"
"[H][NH:10]C(CC)C(C)C(C8=CC=CC=C8)[NH][C:20]([NH]C)=[NH+:21]C.[Cl-]>>[Cl-].[H][NH+:10](C(CC)C(C)C(C8=CC=CC=C8)[NH]1)[C:20]1([NH:21]C)[NH]C 10=20;20,21=21"
"[H][O+:10](C(C9=CC=CC=C9)C([H])[S]1)[C:20]1([O:21]C)[S]C.[Cl-]>>[Cl-].[H][O:10]C(C9=CC=CC=C9)C([H])[S][C:20]([S]C)=[O+:21]C 21=20;20,10=10"
"[O:10]([K])C(CC)C([H])/C(C)=C(C)\[C:20](OCC)=[O:21]>>[O-:21][C:20]1(OCC)C(C)=C(C)C([H])C(CC)[O+:10]1([K]) 10=20;20,21=21"
"CCCCCCC1C(C(O[C:20](=[O:10])N1CCCCCC)[H])C.[O-:21][H]>>CCCCCCC1C(C(O[C:20](N1CCCCCC)([O-:10])[O:21][H])[H])C 21=20;20,10=10"
"C9=CC=CC=C9[O+:10]([H])[C:20]([NH:21][H])([NH]CC)[O]CC.[Cl-]>>[Cl-].C9=CC=CC=C9[O:10][H].[H][NH+:21]=[C:20]([NH]CC)[O]CC 21=20;20,10=10"
"[H][O:10]C(C)C(C)C(CC)[O][C:20]([NH]C7=CC=CC=C7)=[NH+:21]C6=CC=CC=C6.[Cl-]>>[Cl-].[H][O+:10](C(C)C(C)C(CC)[O]1)[C:20]1([NH:21]C6=CC=CC=C6)[NH]C7=CC=CC=C7 10=20;20,21=21"
"CCCCCCN([C:20](=[O:10])OC(C(C([O-:21])CC)C)[H])CCCCCC>>CCCCCCN([C:20]1(OC(C(C([O:21]1)CC)C)[H])[O-:10])CCCCCC 21=20;20,10=10"
"[H][O:10]C(C)C(C)C(C8=CC=CC=C8)[O][C:20]([O]CC)=[NH+:21]C6=CC=CC=C6.[Cl-]>>[Cl-].[H][O+:10](C(C)C(C)C(C8=CC=CC=C8)[O]1)[C:20]1([NH:21]C6=CC=CC=C6)[O]CC 10=20;20,21=21"
"CCCCCCC1C(O[C:20](N1C)([O-:10])[O:21][H])C1=CC=CC=C1>>CCCCCCC1C(O[C:20](=[O:10])N1C)C1=CC=CC=C1.[O-:21][H] 10=20;20,21=21"
"C[NH+:10]([H])[C:20]1([NH:21]C)[O]C(C)C(C)[NH]1.[Cl-]>>[Cl-].C[NH+:21]=[C:20]2[O]C(C)C(C)[NH]2.C[NH:10][H] 21=20;20,10=10"
"CC[NH+:10]([H])[C:20]1([NH:21]C6=CC=CC=C6)[O]C(C7=CC=CC=C7)C([H])[NH]1.[Cl-]>>[Cl-].C6=CC=CC=C6[NH+:21]=[C:20]2[O]C(C7=CC=CC=C7)C([H])[NH]2.CC[NH:10][H] 21=20;20,10=10"
"[O-:21][C:20]1(C)C(C)C([H])=C([H])C([H])[O+:10]1([K])>>[O:10]([K])C([H])/C([H])=C([H])\C(C)[C:20](C)=[O:21] 21=20;20,10=10"
"[Li][O+:21]([C:20]([O-:10])(OCC)OC1=CC=CC=C1)C>>[Li][O:21]C.[C:20](=[O:10])(OCC)OC1=CC=CC=C1 10=20;20,21=21"
"[H][NH:10]C(C9=CC=CC=C9)C([H])C(CC)[NH][C:20]([O]CC)=[NH+:21]CC.[Cl-]>>[Cl-].[H][NH+:10](C(C9=CC=CC=C9)C([H])C(CC)[NH]1)[C:20]1([NH:21]CC)[O]CC 10=20;20,21=21"
"[H][O:10][H].C[O+:21]=[C:20]([S][H])[S][H].[Cl-]>>[Cl-].[H][O+:10]([H])[C:20]([O:21]C)([S][H])[S][H] 10=20;20,21=21"
"[H][NH+:21]=[C:20]2[NH][CH](C)[CH]([H])C([H])[NH]2.C[O:10][H].[Cl-]>>[Cl-].C[O+:10]([H])[C:20]1([NH:21][H])[NH][CH](C)C([H])[CH]([H])[NH]1 10=20;20,21=21"
"[O:10]([Na])C(C)C(O)C([C:20](OCC)=[O:21])[H]>>[O-:21][C:20]1(OCC)[O+:10]([Na])C(C)C(O)C1[H] 10=20;20,21=21"
"C1=CC=CC=C1C1C(C(O[C:20](=[O:10])N1C)CCCCCC)CC.[O-:21]CCCCCC>>C1=CC=CC=C1C1C(C(O[C:20](N1C)([O-:10])[O:21]CCCCCC)CCCCCC)CC 21=20;20,10=10"
"C1CC[C:20](CC1)([O:10]CCCCCC)[Cl:21]>>C1CC[C:20](=[O+:10]CCCCCC)CC1.[Cl-:21] 10=20;20,21=21"
"C[S+:10]([H])[C:20]([O:21][Si](C)(C)(C))([O][H])[O][H].[Cl-]>>[Cl-].C[S:10][H].[Si](C)(C)(C)[O+:21]=[C:20]([O][H])[O][H] 21=20;20,10=10"
"[H][O+:21]=[C:20]2[S][CH](C7=CC=CC=C7)[CH]([H])C([H])[S]2.C9=CC=CC=C9[S:10][H].[Cl-]>>[Cl-].C9=CC=CC=C9[S+:10]([H])[C:20]1([O:21][H])[S][CH](C7=CC=CC=C7)C([H])[CH]([H])[S]1 10=20;20,21=21"
"[O-:21][C:20]1(OCC)C(C)=C([H])C([H])C([H])[NH+:10]1([H])>>[NH:10]([H])C([H])C([H])/C([H])=C(C)\[C:20](OCC)=[O:21] 21=20;20,10=10"
"CC1C(C(O[C:20](=[O:10])N1C1=CC=CC=C1)C1=CC=CC=C1)[H].[O-:21]C>>CC1C(C(O[C:20](N1C1=CC=CC=C1)([O-:10])[O:21]C)C1=CC=CC=C1)[H] 21=20;20,10=10"
"[H][NH+:21]=[C:20]2[NH][CH](C7=CC=CC=C7)[CH](C)C(C)[O]2.C[O:10][H].[Cl-]>>[Cl-].C[O+:10]([H])[C:20]1([NH:21][H])[NH][CH](C7=CC=CC=C7)C(C)[CH](C)[O]1 10=20;20,21=21"
"[H][NH+:10](C(CC)C([H])C(C8=CC=CC=C8)[O]1)[C:20]1([NH:21][H])[O]C.[Cl-]>>[Cl-].[H][NH:10]C(CC)C([H])C(C8=CC=CC=C8)[O][C:20]([O]C)=[NH+:21][H] 21=20;20,10=10"
"CCCCCCN([C:20](=[O:10])OC(C(C([O-:21])CCCCCC)C)[H])CCCCCC>>CCCCCCN([C:20]1(OC(C(C([O:21]1)CCCCCC)C)[H])[O-:10])CCCCCC 21=20;20,10=10"
"[H][O+:10](C(C)C([H])C([H])[O]1)[C:20]1([NH:21]C)[O]C.[Cl-]>>[Cl-].[H][O:10]C(C)C([H])C([H])[O][C:20]([O]C)=[NH+:21]C 21=20;20,10=10"
"[Si](C)(C)(C)[O+:21]=[C:20]2[O]C(C)C(C)[O]2.C[O:10][H].[Cl-]>>[Cl-].C[O+:10]([H])[C:20]1([O:21][Si](C)(C)(C))[O]C(C)C(C)[O]1 10=20;20,21=21"
"[H][NH+:10](C(C9=CC=CC=C9)C([H])[O]1)[C:20]1([NH:21]CC)[O]CC.[Cl-]>>[Cl-].[H][NH:10]C(C9=CC=CC=C9)C([H])[O][C:20]([O]CC)=[NH+:21]CC 21=20;20,10=10"
"[H][O+:10](C([H])C([H])C(CC)[O]1)[C:20]1([NH:21]C6=CC=CC=C6)[O][H].[Cl-]>>[Cl-].[H][O:10]C([H])C([H])C(CC)[O][C:20]([O][H])=[NH+:21]C6=CC=CC=C6 21=20;20,10=10"
"[H][S:10]C(C)C([H])C(C8=CC=CC=C8)[O][C:20]([S]C7=CC=CC=C7)=[O+:21][H].[Cl-]>>[Cl-].[H][S+:10](C(C)C([H])C(C8=CC=CC=C8)[O]1)[C:20]1([O:21][H])[S]C7=CC=CC=C7 10=20;20,21=21"
"[H][O+:10](C(C)C(C8=CC=CC=C8)[NH]1)[C:20]1([NH:21]CC)[NH]CC.[Cl-]>>[Cl-].[H][O:10]C(C)C(C8=CC=CC=C8)[NH][C:20]([NH]CC)=[NH+:21]CC 21=20;20,10=10"
"[H][O+:10](C(CC)C(C)C(C8=CC=CC=C8)[O]1)[C:20]1([NH:21]CC)[O]CC.[Cl-]>>[Cl-].[H][O:10]C(CC)C(C)C(C8=CC=CC=C8)[O][C:20]([O]CC)=[NH+:21]CC 21=20;20,10=10"
"[NH:10](C)C(C)C([H])C(O)C(O)[C:20](C)=[O:21]>>[O-:21][C:20]1(C)C(O)C(O)C([H])C(C)[NH+:10]1(C) 10=20;20,21=21"
"[O-:10]C(CC)/C(C)=C([H])\C(C)[C:20](C)=[O:21]>>[O-:21][C:20]1(C)C(C)C([H])=C(C)C(CC)[O:10]1 10=20;20,21=21"
"[O-:21][C:20]1(OCC)C([H])=C(C)C([H])C(CC)[O:10]1>>[O-:10]C(CC)C([H])/C(C)=C([H])\[C:20](OCC)=[O:21] 21=20;20,10=10"
"[H][O:10]C(C9=CC=CC=C9)C(C8=CC=CC=C8)[O][C:20]([O]C7=CC=CC=C7)=[O+:21][H].[Cl-]>>[Cl-].[H][O+:10](C(C9=CC=CC=C9)C(C8=CC=CC=C8)[O]1)[C:20]1([O:21][H])[O]C7=CC=CC=C7 10=20;20,21=21"
"[H][NH:10][H].[H][NH+:21]=[C:20]([NH]C)[O]CC.[Cl-]>>[Cl-].[H][NH+:10]([H])[C:20]([NH:21][H])([NH]C)[O]CC 10=20;20,21=21"
"[H][O:10]C(C)C([H])C(CC)[S][C:20]([S][H])=[O+:21]C.[Cl-]>>[Cl-].[H][O+:10](C(C)C([H])C(CC)[S]1)[C:20]1([O:21]C)[S][H] 10=20;20,21=21"
"C1=CC=CC=C1C1C(C(O[C:20](N1[H])([O-:10])[Cl:21])CCCCCC)C>>C1=CC=CC=C1C1C(C(O[C:20](=[O:10])N1[H])CCCCCC)C.[Cl-:21] 10=20;20,21=21"
"[H][O:10]C(C9=CC=CC=C9)C(CC)[O][C:20]([S]C7=CC=CC=C7)=[O+:21]C.[Cl-]>>[Cl-].[H][O+:10](C(C9=CC=CC=C9)C(CC)[O]1)[C:20]1([O:21]C)[S]C7=CC=CC=C7 10=20;20,21=21"
"[O-:21][C:20]1(OC)C([H])C([H])C(C)C([H])[NH+:10]1(C)>>[NH:10](C)C([H])C(C)C([H])C([H])[C:20](OC)=[O:21] 21=20;20,10=10"
"CC[O+:10]([H])[C:20]1([NH:21][H])[O]C(C)C([H])[O]1.[Cl-]>>[Cl-].[H][NH+:21]=[C:20]2[O]C(C)C([H])[O]2.CC[O:10][H] 21=20;20,10=10"
"CC[O+:10]([H])[C:20]1([NH:21][H])[NH][CH]([H])C([H])[CH](CC)[O]1.[Cl-]>>[Cl-].[H][NH+:21]=[C:20]2[NH][CH]([H])[CH]([H])C(CC)[O]2.CC[O:10][H] 21=20;20,10=10"
"[H][NH+:10](C(CC)C(C8=CC=CC=C8)[O]1)[C:20]1([NH:21]C)[O]CC.[Cl-]>>[Cl-].[H][NH:10]C(CC)C(C8=CC=CC=C8)[O][C:20]([O]CC)=[NH+:21]C 21=20;20,10=10"
"CC[O+:10]([H])[C:20]1([NH:21][H])[O]C(C7=CC=CC=C7)C(C)[NH]1.[Cl-]>>[Cl-].[H][NH+:21]=[C:20]2[O]C(C7=CC=CC=C7)C(C)[NH]2.CC[O:10][H] 21=20;20,10=10"
"[H][O+:10](C(CC)C(CC)[S]1)[C:20]1([O:21][H])[O]C.[Cl-]>>[Cl-].[H][O:10]C(CC)C(CC)[S][C:20]([O]C)=[O+:21][H] 21=20;20,10=10"
"C(C([O-:21])CCCCCC)(C(O[C:20](=[O:10])OCC)CCCCCC)CC>>C1(C(O[C:20]([O-:10])([O:21]C1CCCCCC)OCC)CCCCCC)CC 21=20;20,10=10"
"CC[S+:10]([H])[C:20]1([O:21][H])[S][CH]([H])C([H])[CH](CC)[S]1.[Cl-]>>[Cl-].[H][O+:21]=[C:20]2[S][CH]([H])[CH]([H])C(CC)[S]2.CC[S:10][H] 21=20;20,10=10"
"[H][NH+:10](C([H])C(C)C(CC)[NH]1)[C:20]1([NH:21]C)[NH]CC.[Cl-]>>[Cl-].[H][NH:10]C([H])C(C)C(CC)[NH][C:20]([NH]CC)=[NH+:21]C 21=20;20,10=10"
"CC1C(C(O[C:20](N1[H])([O-:10])[O:21]CC)C1=CC=CC=C1)CC>>CC1C(C(O[C:20](=[O:10])N1[H])C1=CC=CC=C1)CC.[O-:21]CC 10=20;20,21=21"
"C9=CC=CC=C9[NH:10][H].[H][NH+:21]=[C:20]([NH]C8=CC=CC=C8)[NH][H].[Cl-]>>[Cl-].C9=CC=CC=C9[NH+:10]([H])[C:20]([NH:21][H])([NH]C8=CC=CC=C8)[NH][H] 10=20;20,21=21"
"[H][O:10]C(CC)C(C)C(C)[O][C:20]([O]C7=CC=CC=C7)=[NH+:21]CC.[Cl-]>>[Cl-].[H][O+:10](C(CC)C(C)C(C)[O]1)[C:20]1([NH:21]CC)[O]C7=CC=CC=C7 10=20;20,21=21"
"C[S+:10]([H])[C:20]1([O:21][H])[O]C([H])C(C8=CC=CC=C8)[O]1.[Cl-]>>[Cl-].[H][O+:21]=[C:20]2[O]C([H])C(C8=CC=CC=C8)[O]2.C[S:10][H] 21=20;20,10=10"
"C9=CC=CC=C9[O+:10]([H])[C:20]([O:21][H])([S][H])[S]C.[Cl-]>>[Cl-].C9=CC=CC=C9[O:10][H].[H][O+:21]=[C:20]([S][H])[S]C 21=20;20,10=10"
"[H]C1C(C(O[C:20](N1CC)([O-:10])[O:21]C1=CC=CC=C1)[H])CC>>[H]C1C(C(O[C:20](=[O:10])N1CC)[H])CC.[O-:21]C1=CC=CC=C1 10=20;20,21=21"
"[H][O+:21]=[C:20]2[S][CH]([H])[CH](C)C([H])[S]2.C9=CC=CC=C9[S:10][H].[Cl-]>>[Cl-].C9=CC=CC=C9[S+:10]([H])[C:20]1([O:21][H])[S][CH]([H])C(C)[CH]([H])[S]1 10=20;20,21=21"
"CCN([C:20]([O-:10])(OC)[O:21][H])C>>CCN([C:20](=[O:10])OC)C.[O-:21][H] 10=20;20,21=21"
"[H][NH:10]C(C9=CC=CC=C9)C([H])C([H])[NH][C:20]([O][H])=[NH+:21]CC.[Cl-]>>[Cl-].[H][NH+:10](C(C9=CC=CC=C9)C([H])C([H])[NH]1)[C:20]1([NH:21]CC)[O][H] 10=20;20,21=21"
"[H]C1C(C(O[C:20](N1C)([O-:10])[O:21]C)C)[H]>>[H]C1C(C(O[C:20](=[O:10])N1C)C)[H].[O-:21]C 10=20;20,21=21"
"[O:10]([Na])C(CC)C([H])C([C:20](OC)=[O:21])O>>[O-:21][C:20]1(OC)[O+:10]([Na])C(CC)C([H])C1O 10=20;20,21=21"
"C[NH+:10]([H])[C:20]1([NH:21]CC)[NH][CH]([H])C([H])[CH](C8=CC=CC=C8)[NH]1.[Cl-]>>[Cl-].CC[NH+:21]=[C:20]2[NH][CH]([H])[CH]([H])C(C8=CC=CC=C8)[NH]2.C[NH:10][H] 21=20;20,10=10"
"[H][O:10]C(CC)C(C)C([H])[O][C:20]([O]C7=CC=CC=C7)=[NH+:21]C6=CC=CC=C6.[Cl-]>>[Cl-].[H][O+:10](C(CC)C(C)C([H])[O]1)[C:20]1([NH:21]C6=CC=CC=C6)[O]C7=CC=CC=C7 10=20;20,21=21"
"C9=CC=CC=C9[S+:10]([H])[C:20]([O:21][H])([S]CC)[O]C7=CC=CC=C7.[Cl-]>>[Cl-].C9=CC=CC=C9[S:10][H].[H][O+:21]=[C:20]([S]CC)[O]C7=CC=CC=C7 21=20;20,10=10"
"[H][NH+:10](C([H])C(C)C(CC)[NH]1)[C:20]1([NH:21]C)[O][H].[Cl-]>>[Cl-].[H][NH:10]C([H])C(C)C(CC)[NH][C:20]([O][H])=[NH+:21]C 21=20;20,10=10"
"[H][NH+:10](C(C9=CC=CC=C9)C([H])C(C8=CC=CC=C8)[NH]1)[C:20]1([NH:21]C)[O]CC.[Cl-]>>[Cl-].[H][NH:10]C(C9=CC=CC=C9)C([H])C(C8=CC=CC=C8)[NH][C:20]([O]CC)=[NH+:21]C 21=20;20,10=10"
"C(C([O-:21])[H])(C(O[C:20](=[O:10])OCCCCCC)CC)CCCCCC>>C1(C(O[C:20]([O-:10])([O:21]C1[H])OCCCCCC)CC)CCCCCC 21=20;20,10=10"
"[H][O+:21]=[C:20]2[O]C(CC)C([H])[S]2.[H][S:10][H].[Cl-]>>[Cl-].[H][S+:10]([H])[C:20]1([O:21][H])[O]C(CC)C([H])[S]1 10=20;20,21=21"
"[OH:21][C:20]1([H])C([H])C(O)C(C)C(CC)[OH+:10]1>>[OH:10]C(CC)C(C)C(O)C([H])[C:20]([H])=[OH+:21] 21=20;20,10=10"
"[O-:21][C:20]1(OCC)C([H])C(C)C(C)C([H])[O+:10]1([K])>>[O:10]([K])C([H])C(C)C(C)C([H])[C:20](OCC)=[O:21] 21=20;20,10=10"
"C9=CC=CC=C9[NH:10][H].C6=CC=CC=C6[NH+:21]=[C:20]([NH][H])[O]C.[Cl-]>>[Cl-].C9=CC=CC=C9[NH+:10]([H])[C:20]([NH:21]C6=CC=CC=C6)([NH][H])[O]C 10=20;20,21=21"
"C1=CC=CC=C1C1C(C(O[C:20](=[O:10])N1CCCCCC)C)[H].[O-:21]CC>>C1=CC=CC=C1C1C(C(O[C:20](N1CCCCCC)([O-:10])[O:21]CC)C)[H] 21=20;20,10=10"
"[H][NH+:21]=[C:20]2[NH][CH](CC)[CH]([H])C([H])[O]2.C9=CC=CC=C9[O:10][H].[Cl-]>>[Cl-].C9=CC=CC=C9[O+:10]([H])[C:20]1([NH:21][H])[NH][CH](CC)C([H])[CH]([H])[O]1 10=20;20,21=21"
"C[S:10][H].C[O+:21]=[C:20]([O]CC)[S]CC.[Cl-]>>[Cl-].C[S+:10]([H])[C:20]([O:21]C)([O]CC)[S]CC 10=20;20,21=21"
"CC[O+:10]([H])[C:20]1([O:21]C)[S]C([H])C(CC)[S]1.[Cl-]>>[Cl-].C[O+:21]=[C:20]2[S]C([H])C(CC)[S]2.CC[O:10][H] 21=20;20,10=10"
"[H][O+:10](C(C)C(C)C(CC)[O]1)[C:20]1([O:21][H])[S]C.[Cl-]>>[Cl-].[H][O:10]C(C)C(C)C(CC)[O][C:20]([S]C)=[O+:21][H] 21=20;20,10=10"
"C[O+:10]([H])[C:20]1([O:21]C)[O][CH](C7=CC=CC=C7)C(C)[CH]([H])[O]1.[Cl-]>>[Cl-].C[O+:21]=[C:20]2[O][CH](C7=CC=CC=C7)[CH](C)C([H])[O]2.C[O:10][H] 21=20;20,10=10"
"[H][NH+:10](C([H])C(CC)[NH]1)[C:20]1([NH:21][H])[O]CC.[Cl-]>>[Cl-].[H][NH:10]C([H])C(CC)[NH][C:20]([O]CC)=[NH+:21][H] 21=20;20,10=10"
"[H][NH:10][H].C[NH+:21]=[C:20]([O]C8=CC=CC=C8)[NH][H].[Cl-]>>[Cl-].[H][NH+:10]([H])[C:20]([NH:21]C)([O]C8=CC=CC=C8)[NH][H] 10=20;20,21=21"
"[H][NH:10]C(C)C([H])C(CC)[O][C:20]([NH]C)=[NH+:21]C6=CC=CC=C6.[Cl-]>>[Cl-].[H][NH+:10](C(C)C([H])C(CC)[O]1)[C:20]1([NH:21]C6=CC=CC=C6)[NH]C 10=20;20,21=21"
"[H][NH:10]C([H])C([H])C(C)[NH][C:20]([O]CC)=[NH+:21]C.[Cl-]>>[Cl-].[H][NH+:10](C([H])C([H])C(C)[NH]1)[C:20]1([NH:21]C)[O]CC 10=20;20,21=21"
"[NH:10](C)C(C)C(C)N([C:20](OC)=[O:21])[H]>>[O-:21][C:20]1(OC)[NH+:10](C)C(C)C(C)N1[H] 10=20;20,21=21"
"C[O+:21]=[C:20]2[O][CH](C)[CH]([H])C(CC)[O]2.CC[S:10][H].[Cl-]>>[Cl-].CC[S+:10]([H])[C:20]1([O:21]C)[O][CH](C)C([H])[CH](CC)[O]1 10=20;20,21=21"
"C9=CC=CC=C9[NH+:10]([H])[C:20]1([NH:21]C)[O]C(CC)C(C8=CC=CC=C8)[O]1.[Cl-]>>[Cl-].C[NH+:21]=[C:20]2[O]C(CC)C(C8=CC=CC=C8)[O]2.C9=CC=CC=C9[NH:10][H] 21=20;20,10=10"
"C1=CC=CC=C1N([C:20]1(OC(C(C([O:21]1)[H])CC)C)[O-:10])CC>>C1=CC=CC=C1N([C:20](=[O:10])OC(C(C([O-:21])[H])CC)C)CC 10=20;20,21=21"
"CC[NH+:21]=[C:20]2[NH][CH](C)[CH](C)C(C8=CC=CC=C8)[NH]2.C9=CC=CC=C9[NH:10][H].[Cl-]>>[Cl-].C9=CC=CC=C9[NH+:10]([H])[C:20]1([NH:21]CC)[NH][CH](C)C(C)[CH](C8=CC=CC=C8)[NH]1 10=20;20,21=21"
"C1=CC=CC=C1N([C:20]1(OC(C(C([O:21]1)C1=CC=CC=C1)CCCCCC)C1=CC=CC=C1)[O-:10])C>>C1=CC=CC=C1N([C:20](=[O:10])OC(C(C([O-:21])C1=CC=CC=C1)CCCCCC)C1=CC=CC=C1)C 10=20;20,21=21"
"[NH:10]([H])C(C)C([H])N([C:20]([H])=[O:21])[H]>>[O-:21][C:20]1([H])[NH+:10]([H])C(C)C([H])N1[H] 10=20;20,21=21"
"CCCCCCN([C:20]1(OC(C(C([O:21]1)C1=CC=CC=C1)C)[H])[O-:10])C1=CC=CC=C1>>CCCCCCN([C:20](=[O:10])OC(C(C([O-:21])C1=CC=CC=C1)C)[H])C1=CC=CC=C1 10=20;20,21=21"
"[O-:21][C:20]1(OCC)[O:10]C([H])C([H])C1[H]>>[O-:10]C([H])C([H])C([C:20](OCC)=[O:21])[H] 21=20;20,10=10"
"[H][S:10]C([H])C([H])C(C8=CC=CC=C8)[O][C:20]([O]C7=CC=CC=C7)=[O+:21][H].[Cl-]>>[Cl-].[H][S+:10](C([H])C([H])C(C8=CC=CC=C8)[O]1)[C:20]1([O:21][H])[O]C7=CC=CC=C7 10=20;20,21=21"
"C1=CC=CC=C1C1C(C(O[C:20](=[O:10])N1C)C1=CC=CC=C1)[H].[O-:21]C>>C1=CC=CC=C1C1C(C(O[C:20](N1C)([O-:10])[O:21]C)C1=CC=CC=C1)[H] 21=20;20,10=10"
"CCCCCCN([C:20](=[O:10])OC(C(C([O-:21])C)C)CC)C1=CC=CC=C1>>CCCCCCN([C:20]1(OC(C(C([O:21]1)C)C)CC)[O-:10])C1=CC=CC=C1 21=20;20,10=10"
"[Na][O+:21]([C:20]([O-:10])(OC)OCC)C>>[Na][O:21]C.[C:20](=[O:10])(OC)OCC 10=20;20,21=21"
"C9=CC=CC=C9[NH+:10]([H])[C:20]([NH:21]C6=CC=CC=C6)([O][H])[NH]C.[Cl-]>>[Cl-].C9=CC=CC=C9[NH:10][H].C6=CC=CC=C6[NH+:21]=[C:20]([O][H])[NH]C 21=20;20,10=10"
"C[O:10][H].C[O+:21]=[C:20]([O][H])[O]CC.[Cl-]>>[Cl-].C[O+:10]([H])[C:20]([O:21]C)([O][H])[O]CC 10=20;20,21=21"
"[H]C1C(C(O[C:20](N1C1=CC=CC=C1)([O-:10])[O:21]C)C)C>>[H]C1C(C(O[C:20](=[O:10])N1C1=CC=CC=C1)C)C.[O-:21]C 10=20;20,21=21"
"[H][NH+:10]([H])[C:20]1([NH:21]CC)[NH][CH](C7=CC=CC=C7)C([H])[CH]([H])[O]1.[Cl-]>>[Cl-].CC[NH+:21]=[C:20]2[NH][CH](C7=CC=CC=C7)[CH]([H])C([H])[O]2.[H][NH:10][H] 21=20;20,10=10"
"[H][O:10]C(C)C([H])C(C)[NH][C:20]([O][H])=[NH+:21]C.[Cl-]>>[Cl-].[H][O+:10](C(C)C([H])C(C)[NH]1)[C:20]1([NH:21]C)[O][H] 10=20;20,21=21"
"[H][NH:10]C(C9=CC=CC=C9)C(C)C(C8=CC=CC=C8)[NH][C:20]([NH]C7=CC=CC=C7)=[NH+:21]CC.[Cl-]>>[Cl-].[H][NH+:10](C(C9=CC=CC=C9)C(C)C(C8=CC=CC=C8)[NH]1)[C:20]1([NH:21]CC)[NH]C7=CC=CC=C7 10=20;20,21=21"
"[O-:21][C:20]1([H])C(C)C(C)C(C)C(CC)[NH+:10]1([H])>>[NH:10]([H])C(CC)C(C)C(C)C(C)[C:20]([H])=[O:21] 21=20;20,10=10"
"[H][NH+:10](C(C)C(C)C([H])[O]1)[C:20]1([NH:21]C6=CC=CC=C6)[NH]C.[Cl-]>>[Cl-].[H][NH:10]C(C)C(C)C([H])[O][C:20]([NH]C)=[NH+:21]C6=CC=CC=C6 21=20;20,10=10"
"CC[NH+:10]([H])[C:20]1([NH:21]C)[NH][CH](CC)C([H])[CH](C)[NH]1.[Cl-]>>[Cl-].C[NH+:21]=[C:20]2[NH][CH](CC)[CH]([H])C(C)[NH]2.CC[NH:10][H] 21=20;20,10=10"
"C9=CC=CC=C9[S:10][H].[Si](C)(C)(C)[O+:21]=[C:20]([O]C)[O]CC.[Cl-]>>[Cl-].C9=CC=CC=C9[S+:10]([H])[C:20]([O:21][Si](C)(C)(C))([O]C)[O]CC 10=20;20,21=21"
"C1=CC=CC=C1N([C:20](=[O:10])OC(C([O-:21])CC)CCCCCC)C>>C1=CC=CC=C1N([C:20]1(OC(C([O:21]1)CC)CCCCCC)[O-:10])C 21=20;20,10=10"
"[H][NH:10]C(C)C([H])[O][C:20]([NH][H])=[NH+:21]C.[Cl-]>>[Cl-].[H][NH+:10](C(C)C([H])[O]1)[C:20]1([NH:21]C)[NH][H] 10=20;20,21=21"
"C1=CC=CC=C1C1C(C(O[C:20](=[O:10])N1CC)CCCCCC)CCCCCC.[O-:21]C>>C1=CC=CC=C1C1C(C(O[C:20](N1CC)([O-:10])[O:21]C)CCCCCC)CCCCCC 21=20;20,10=10"
"[H]C1C(C(O[C:20](N1C1=CC=CC=C1)([O-:10])[Cl:21])CCCCCC)CC>>[H]C1C(C(O[C:20](=[O:10])N1C1=CC=CC=C1)CCCCCC)CC.[Cl-:21] 10=20;20,21=21"
"[H][S+:10](C([H])C(C)[O]1)[C:20]1([O:21]C)[S][H].[Cl-]>>[Cl-].[H][S:10]C([H])C(C)[O][C:20]([S][H])=[O+:21]C 21=20;20,10=10"
"[O:10]([Na])C(CC)C(O)C([C:20](C)=[O:21])O>>[O-:21][C:20]1(C)[O+:10]([Na])C(CC)C(O)C1O 10=20;20,21=21"
"[H]N([C:20]1(OC(C(C([O:21]1)[H])CC)C1=CC=CC=C1)[O-:10])CC>>[H]N([C:20](=[O:10])OC(C(C([O-:21])[H])CC)C1=CC=CC=C1)CC 10=20;20,21=21"
"C[O+:21]=[C:20]2[O]C(C)C(C)[S]2.C9=CC=CC=C9[S:10][H].[Cl-]>>[Cl-].C9=CC=CC=C9[S+:10]([H])[C:20]1([O:21]C)[O]C(C)C(C)[S]1 10=20;20,21=21"
"C[S+:10]([H])[C:20]1([O:21]C)[O][CH](C7=CC=CC=C7)C(C)[CH]([H])[S]1.[Cl-]>>[Cl-].C[O+:21]=[C:20]2[O][CH](C7=CC=CC=C7)[CH](C)C([H])[S]2.C[S:10][H] 21=20;20,10=10"
"C9=CC=CC=C9[O+:10]([H])[C:20]1([O:21][Si](C)(C)(C))[S]C(CC)C(C)[O]1.[Cl-]>>[Cl-].[Si](C)(C)(C)[O+:21]=[C:20]2[S]C(CC)C(C)[O]2.C9=CC=CC=C9[O:10][H] 21=20;20,10=10"
"CC1C(C(O[C:20](=[O:10])N1C)[H])[H].[O-:21]C>>CC1C(C(O[C:20](N1C)([O-:10])[O:21]C)[H])[H] 21=20;20,10=10"
"C[NH+:10]([H])[C:20]1([NH:21]C)[NH]C(C7=CC=CC=C7)C([H])[NH]1.[Cl-]>>[Cl-].C[NH+:21]=[C:20]2[NH]C(C7=CC=CC=C7)C([H])[NH]2.C[NH:10][H] 21=20;20,10=10"
"[H][O:10]C([H])C(C)C(C8=CC=CC=C8)[O][C:20]([NH]C)=[NH+:21]CC.[Cl-]>>[Cl-].[H][O+:10](C([H])C(C)C(C8=CC=CC=C8)[O]1)[C:20]1([NH:21]CC)[NH]C 10=20;20,21=21"
"CC[NH+:21]=[C:20]2[O]C(C)C(C)[NH]2.CC[O:10][H].[Cl-]>>[Cl-].CC[O+:10]([H])[C:20]1([NH:21]CC)[O]C(C)C(C)[NH]1 10=20;20,21=21"
"[H][S+:10](C([H])C(C)[O]1)[C:20]1([O:21]C)[O]C.[Cl-]>>[Cl-].[H][S:10]C([H])C(C)[O][C:20]([O]C)=[O+:21]C 21=20;20,10=10"
"[H][S+:10](C(C)C(C)[S]1)[C:20]1([O:21][H])[S]C7=CC=CC=C7.[Cl-]>>[Cl-].[H][S:10]C(C)C(C)[S][C:20]([S]C7=CC=CC=C7)=[O+:21][H] 21=20;20,10=10"
"[H][O+:21]=[C:20]2[S][CH](C7=CC=CC=C7)[CH](C)C([H])[S]2.[H][S:10][H].[Cl-]>>[Cl-].[H][S+:10]([H])[C:20]1([O:21][H])[S][CH](C7=CC=CC=C7)C(C)[CH]([H])[S]1 10=20;20,21=21"
"[Li][O+:21]([C:20]([O-:10])(OC)OCC)CC>>[Li][O:21]CC.[C:20](=[O:10])(OC)OCC 10=20;20,21=21"
"CC[O+:10]([H])[C:20]1([NH:21]CC)[O][CH](CC)C([H])[CH](CC)[O]1.[Cl-]>>[Cl-].CC[NH+:21]=[C:20]2[O][CH](CC)[CH]([H])C(CC)[O]2.CC[O:10][H] 21=20;20,10=10"
"C1=CC=CC=C1C1C(C(O[C:20](N1C)([O-:10])[O:21][H])CCCCCC)C>>C1=CC=CC=C1C1C(C(O[C:20](=[O:10])N1C)CCCCCC)C.[O-:21][H] 10=20;20,21=21"
"[NH:10](C)C(C)C([H])/C(C)=C(C)\[C:20](C)=[O:21]>>[O-:21][C:20]1(C)C(C)=C(C)C([H])C(C)[NH+:10]1(C) 10=20;20,21=21"
"CN([C:20]1(OC(C(C([O:21]1)CCCCCC)[H])CC)[O-:10])C1=CC=CC=C1>>CN([C:20](=[O:10])OC(C(C([O-:21])CCCCCC)[H])CC)C1=CC=CC=C1 10=20;20,21=21"
"C[NH+:21]=[C:20]2[O][CH](C)[CH](C)C(C8=CC=CC=C8)[NH]2.[H][O:10][H].[Cl-]>>[Cl-].[H][O+:10]([H])[C:20]1([NH:21]C)[O][CH](C)C(C)[CH](C8=CC=CC=C8)[NH]1 10=20;20,21=21"
"[H][S+:10](C([H])C(C)C(C8=CC=CC=C8)[O]1)[C:20]1([O:21][H])[O]C7=CC=CC=C7.[Cl-]>>[Cl-].[H][S:10]C([H])C(C)C(C8=CC=CC=C8)[O][C:20]([O]C7=CC=CC=C7)=[O+:21][H] 21=20;20,10=10"
"[H][S+:10](C(CC)C(CC)[O]1)[C:20]1([O:21]C)[O]C7=CC=CC=C7.[Cl-]>>[Cl-].[H][S:10]C(CC)C(CC)[O][C:20]([O]C7=CC=CC=C7)=[O+:21]C 21=20;20,10=10"
"CCCCCCC1C(C(O[C:20](=[O:10])N1[H])C)CC.[O-:21]CCCCCC>>CCCCCCC1C(C(O[C:20](N1[H])([O-:10])[O:21]CCCCCC)C)CC 21=20;20,10=10"
"[H][NH+:10]([H])[C:20]1([NH:21]CC)[NH][CH](CC)C(C)[CH]([H])[NH]1.[Cl-]>>[Cl-].CC[NH+:21]=[C:20]2[NH][CH](CC)[CH](C)C([H])[NH]2.[H][NH:10][H] 21=20;20,10=10"
"[H][NH:10]C(CC)C([H])[O][C:20]([O]C7=CC=CC=C7)=[NH+:21]C6=CC=CC=C6.[Cl-]>>[Cl-].[H][NH+:10](C(CC)C([H])[O]1)[C:20]1([NH:21]C6=CC=CC=C6)[O]C7=CC=CC=C7 10=20;20,21=21"
"C[NH+:21]=[C:20]2[NH]C([H])C([H])[NH]2.C[NH:10][H].[Cl-]>>[Cl-].C[NH+:10]([H])[C:20]1([NH:21]C)[NH]C([H])C([H])[NH]1 10=20;20,21=21"
"[H][S:10]C(C9=CC=CC=C9)C(CC)[O][C:20]([S]C7=CC=CC=C7)=[O+:21]C.[Cl-]>>[Cl-].[H][S+:10](C(C9=CC=CC=C9)C(CC)[O]1)[C:20]1([O:21]C)[S]C7=CC=CC=C7 10=20;20,21=21"
"CC[O+:10]([H])[C:20]1([NH:21]C6=CC=CC=C6)[NH][CH](C)C(C)[CH](C)[O]1.[Cl-]>>[Cl-].C6=CC=CC=C6[NH+:21]=[C:20]2[NH][CH](C)[CH](C)C(C)[O]2.CC[O:10][H] 21=20;20,10=10"
"C[O+:10]([Li])[C:21]([O-:20])(OCCCCCC)OC>>[O:20]=[C:21](OCCCCCC)OC.C[O:10][Li] 20=21;21,10=10"
"[H]N([C:20]1(OC(C(C([O:21]1)C1=CC=CC=C1)[H])C1=CC=CC=C1)[O-:10])[H]>>[H]N([C:20](=[O:10])OC(C(C([O-:21])C1=CC=CC=C1)[H])C1=CC=CC=C1)[H] 10=20;20,21=21"
"[O-:21][C:20]1(C)C([H])C(O)C([H])C([H])[NH+:10]1(C)>>[NH:10](C)C([H])C([H])C(O)C([H])[C:20](C)=[O:21] 21=20;20,10=10"
"[H][O:10]C(CC)C([H])C([H])[NH][C:20]([NH][H])=[NH+:21]C.[Cl-]>>[Cl-].[H][O+:10](C(CC)C([H])C([H])[NH]1)[C:20]1([NH:21]C)[NH][H] 10=20;20,21=21"
"[O-:21][C:20]1([H])C(O)C(C)C(C)C([H])[O+:10]1([K])>>[O:10]([K])C([H])C(C)C(C)C(O)[C:20]([H])=[O:21] 21=20;20,10=10"
"[H][S+:10](C(C)C([H])[O]1)[C:20]1([O:21][Si](C)(C)(C))[O]C7=CC=CC=C7.[Cl-]>>[Cl-].[H][S:10]C(C)C([H])[O][C:20]([O]C7=CC=CC=C7)=[O+:21][Si](C)(C)(C) 21=20;20,10=10"
"[H]C1C(O[C:20](=[O:10])N1C)CCCCCC.[O-:21]C1=CC=CC=C1>>[H]C1C(O[C:20](N1C)([O-:10])[O:21]C1=CC=CC=C1)CCCCCC 21=20;20,10=10"
"CCCCCCC1C(C(O[C:20](N1CC)([O-:10])[O:21]CC)[H])CCCCCC>>CCCCCCC1C(C(O[C:20](=[O:10])N1CC)[H])CCCCCC.[O-:21]CC 10=20;20,21=21"
"CC1C(C(O[C:20](N1C1=CC=CC=C1)([O-:10])[O:21][H])[H])CC>>CC1C(C(O[C:20](=[O:10])N1C1=CC=CC=C1)[H])CC.[O-:21][H] 10=20;20,21=21"
"CN([C:20]([O-:10])(OCCCCCC)[Cl:21])CC>>CN([C:20](=[O:10])OCCCCCC)CC.[Cl-:21] 10=20;20,21=21"
"CCN([C:20](=[O:10])OCCCCCC)C1=CC=CC=C1.[O-:21]CCCCCC>>CCN([C:20]([O-:10])(OCCCCCC)[O:21]CCCCCC)C1=CC=CC=C1 21=20;20,10=10"
"[O-:21][C:20]1([H])C([H])=C(C)C([H])C(C)[NH+:10]1([H])>>[NH:10]([H])C(C)C([H])/C(C)=C([H])\[C:20]([H])=[O:21] 21=20;20,10=10"
"CCCCCCC1C(C(O[C:20](=[O:10])N1CCCCCC)C1=CC=CC=C1)CC.[O-:21]CCCCCC>>CCCCCCC1C(C(O[C:20](N1CCCCCC)([O-:10])[O:21]CCCCCC)C1=CC=CC=C1)CC 21=20;20,10=10"
"[H][O:10]C(C)C([H])C(CC)[S][C:20]([S]CC)=[O+:21]C.[Cl-]>>[Cl-].[H][O+:10](C(C)C([H])C(CC)[S]1)[C:20]1([O:21]C)[S]CC 10=20;20,21=21"
"[H]N([C:20](=[O:10])OC(C(C([O-:21])C)[H])C)CC>>[H]N([C:20]1(OC(C(C([O:21]1)C)[H])C)[O-:10])CC 21=20;20,10=10"
"[H][NH+:10](C(C9=CC=CC=C9)C([H])C([H])[NH]1)[C:20]1([NH:21]CC)[NH]C7=CC=CC=C7.[Cl-]>>[Cl-].[H][NH:10]C(C9=CC=CC=C9)C([H])C([H])[NH][C:20]([NH]C7=CC=CC=C7)=[NH+:21]CC 21=20;20,10=10"
"[H][NH:10]C(C)C(C)C(CC)[NH][C:20]([NH][H])=[NH+:21]C6=CC=CC=C6.[Cl-]>>[Cl-].[H][NH+:10](C(C)C(C)C(CC)[NH]1)[C:20]1([NH:21]C6=CC=CC=C6)[NH][H] 10=20;20,21=21"
"[H][O:10]C(C)C([H])C(C8=CC=CC=C8)[S][C:20]([S]C)=[O+:21]C.[Cl-]>>[Cl-].[H][O+:10](C(C)C([H])C(C8=CC=CC=C8)[S]1)[C:20]1([O:21]C)[S]C 10=20;20,21=21"
"C[O+:21]=[C:20]2[O][CH]([H])[CH]([H])C(C)[O]2.CC[S:10][H].[Cl-]>>[Cl-].CC[S+:10]([H])[C:20]1([O:21]C)[O][CH]([H])C([H])[CH](C)[O]1 10=20;20,21=21"
"C[O+:10]([H])[C:20]1([NH:21][H])[O][CH](C)C([H])[CH]([H])[O]1.[Cl-]>>[Cl-].[H][NH+:21]=[C:20]2[O][CH](C)[CH]([H])C([H])[O]2.C[O:10][H] 21=20;20,10=10"
"[H]N([C:20](=[O:10])OC(C([O-:21])[H])C)CCCCCC>>[H]N([C:20]1(OC(C([O:21]1)[H])C)[O-:10])CCCCCC 21=20;20,10=10"
"CC1C(O[C:20](N1CC)([O-:10])[O:21]C)C>>CC1C(O[C:20](=[O:10])N1CC)C.[O-:21]C 10=20;20,21=21"
"[OH:21][C:20]1(OC)C(C)C(C)C([H])C(CCC)[OH+:10]1>>[OH:10]C(CCC)C([H])C(C)C(C)[C:20](OC)=[OH+:21] 21=20;20,10=10"
"[H][O:10]C(CC)C(C)C(CC)[O][C:20]([S]C7=CC=CC=C7)=[O+:21]C.[Cl-]>>[Cl-].[H][O+:10](C(CC)C(C)C(CC)[O]1)[C:20]1([O:21]C)[S]C7=CC=CC=C7 10=20;20,21=21"
"[H][O+:21]=[C:20]2[O]C([H])C([H])[S]2.C[O:10][H].[Cl-]>>[Cl-].C[O+:10]([H])[C:20]1([O:21][H])[O]C([H])C([H])[S]1 10=20;20,21=21"
"C1=CC=CC=C1C1C(C(O[C:20](=[O:10])N1[H])[H])CC.[O-:21]CCCCCC>>C1=CC=CC=C1C1C(C(O[C:20](N1[H])([O-:10])[O:21]CCCCCC)[H])CC 21=20;20,10=10"
"[NH:10]([H])C(C)C(O)C([H])C(O)[C:20](OC)=[O:21]>>[O-:21][C:20]1(OC)C(O)C([H])C(O)C(C)[NH+:10]1([H]) 10=20;20,21=21"
"[O-:21][C:20]1(C)C([H])=C(C)C([H])C(C)[O+:10]1([Na])>>[O:10]([Na])C(C)C([H])/C(C)=C([H])\[C:20](C)=[O:21] 21=20;20,10=10"
"[O-:10]C(C(C1=C(C=CC=C1)[CH:20](OC)=[O:21])[H])[H]>>[O-:21][CH:20]2(OC)C3=C(C(C([O:10]2)[H])[H])C=CC=C3  10=20;20,21=21"
"C[O+:10]([H])[C:20]1([NH:21][H])[O]C([H])C(C)[NH]1.[Cl-]>>[Cl-].[H][NH+:21]=[C:20]2[O]C([H])C(C)[NH]2.C[O:10][H] 21=20;20,10=10"
"[NH:10](C)C(C)C(C)/C(C)=C([H])\[C:20](OC)=[O:21]>>[O-:21][C:20]1(OC)C([H])=C(C)C(C)C(C)[NH+:10]1(C) 10=20;20,21=21"
"[H][S+:10](C([H])C(C)C([H])[S]1)[C:20]1([O:21]C)[O]C.[Cl-]>>[Cl-].[H][S:10]C([H])C(C)C([H])[S][C:20]([O]C)=[O+:21]C 21=20;20,10=10"
"[H][NH:10]C(CC)C(C)[NH][C:20]([NH][H])=[NH+:21]C.[Cl-]>>[Cl-].[H][NH+:10](C(CC)C(C)[NH]1)[C:20]1([NH:21]C)[NH][H] 10=20;20,21=21"
"C1=CC=CC=C1N([C:20]1(OC(C(C([O:21]1)C)C)CCCCCC)[O-:10])[H]>>C1=CC=CC=C1N([C:20](=[O:10])OC(C(C([O-:21])C)C)CCCCCC)[H] 10=20;20,21=21"
"[H][S:10]C([H])C(CC)[S][C:20]([S]C7=CC=CC=C7)=[O+:21][Si](C)(C)(C).[Cl-]>>[Cl-].[H][S+:10](C([H])C(CC)[S]1)[C:20]1([O:21][Si](C)(C)(C))[S]C7=CC=CC=C7 10=20;20,21=21"
"[H][NH+:10](C(CC)C([H])C(C8=CC=CC=C8)[O]1)[C:20]1([NH:21]C6=CC=CC=C6)[O][H].[Cl-]>>[Cl-].[H][NH:10]C(CC)C([H])C(C8=CC=CC=C8)[O][C:20]([O][H])=[NH+:21]C6=CC=CC=C6 21=20;20,10=10"
"[O-:21][C:20]1(OCC)[O:10]C(C)C(O)=C1[H]>>[O-:10]C(C)/C(O)=C([C:20](OCC)=[O:21])/[H] 21=20;20,10=10"
"C1=CC=CC=C1C1C(C(O[C:20](=[O:10])N1C1=CC=CC=C1)CCCCCC)CCCCCC.[O-:21]C>>C1=CC=CC=C1C1C(C(O[C:20](N1C1=CC=CC=C1)([O-:10])[O:21]C)CCCCCC)CCCCCC 21=20;20,10=10"
"[O-:10]C(C)C([H])/C(C)=C([H])\[C:20](C)=[O:21]>>[O-:21][C:20]1(C)C([H])=C(C)C([H])C(C)[O:10]1 10=20;20,21=21"
"[H][S+:10](C(C)C(C)C([H])[S]1)[C:20]1([O:21][H])[S]C7=CC=CC=C7.[Cl-]>>[Cl-].[H][S:10]C(C)C(C)C([H])[S][C:20]([S]C7=CC=CC=C7)=[O+:21][H] 21=20;20,10=10"
"[H][O+:10]([H])[C:20]1([NH:21]C6=CC=CC=C6)[O][CH](C)C([H])[CH](C8=CC=CC=C8)[O]1.[Cl-]>>[Cl-].C6=CC=CC=C6[NH+:21]=[C:20]2[O][CH](C)[CH]([H])C(C8=CC=CC=C8)[O]2.[H][O:10][H] 21=20;20,10=10"
"[H][O+:10](C(C)C([H])[NH]1)[C:20]1([NH:21]C6=CC=CC=C6)[NH][H].[Cl-]>>[Cl-].[H][O:10]C(C)C([H])[NH][C:20]([NH][H])=[NH+:21]C6=CC=CC=C6 21=20;20,10=10"
"[H][NH+:10](C(C9=CC=CC=C9)C([H])C([H])[O]1)[C:20]1([NH:21]C)[O][H].[Cl-]>>[Cl-].[H][NH:10]C(C9=CC=CC=C9)C([H])C([H])[O][C:20]([O][H])=[NH+:21]C 21=20;20,10=10"
"[H][O+:10](C([H])C(C8=CC=CC=C8)[S]1)[C:20]1([O:21]C)[S]CC.[Cl-]>>[Cl-].[H][O:10]C([H])C(C8=CC=CC=C8)[S][C:20]([S]CC)=[O+:21]C 21=20;20,10=10"
"CC[O+:10]([H])[C:20]1([NH:21][H])[NH][CH](C)C([H])[CH](C)[NH]1.[Cl-]>>[Cl-].[H][NH+:21]=[C:20]2[NH][CH](C)[CH]([H])C(C)[NH]2.CC[O:10][H] 21=20;20,10=10"
"[H][NH:10]C(C9=CC=CC=C9)C(C8=CC=CC=C8)[O][C:20]([O]C)=[NH+:21]C.[Cl-]>>[Cl-].[H][NH+:10](C(C9=CC=CC=C9)C(C8=CC=CC=C8)[O]1)[C:20]1([NH:21]C)[O]C 10=20;20,21=21"
"C1=CC=CC=C1N([C:20](=[O:10])OC(C(C([O-:21])C1=CC=CC=C1)[H])CC)CCCCCC>>C1=CC=CC=C1N([C:20]1(OC(C(C([O:21]1)C1=CC=CC=C1)[H])CC)[O-:10])CCCCCC 21=20;20,10=10"
"C[O+:10]([H])[C:20]1([NH:21]CC)[NH]C([H])C(C)[NH]1.[Cl-]>>[Cl-].CC[NH+:21]=[C:20]2[NH]C([H])C(C)[NH]2.C[O:10][H] 21=20;20,10=10"
"C9=CC=CC=C9[NH+:10]([H])[C:20]1([NH:21]C)[O][CH](C)C(C)[CH](C8=CC=CC=C8)[O]1.[Cl-]>>[Cl-].C[NH+:21]=[C:20]2[O][CH](C)[CH](C)C(C8=CC=CC=C8)[O]2.C9=CC=CC=C9[NH:10][H] 21=20;20,10=10"
"[O-:21][C:20]1(OCC)[O:10]C(C)C([H])N1C>>[O-:10]C(C)C([H])N([C:20](OCC)=[O:21])C 21=20;20,10=10"
"CC[S+:10]([H])[C:20]([O:21]C)([O]CC)[S]C.[Cl-]>>[Cl-].CC[S:10][H].C[O+:21]=[C:20]([O]CC)[S]C 21=20;20,10=10"
"[H][O+:10]([H])[C:20]([O:21]C)([S][H])[S]C.[Cl-]>>[Cl-].[H][O:10][H].C[O+:21]=[C:20]([S][H])[S]C 21=20;20,10=10"
"CCCCCCC1C(C(O[C:20](N1[H])([O-:10])[O:21]CC)[H])[H]>>CCCCCCC1C(C(O[C:20](=[O:10])N1[H])[H])[H].[O-:21]CC 10=20;20,21=21"
"C[NH+:21]=[C:20]2[O]C(CC)C([H])[NH]2.[H][O:10][H].[Cl-]>>[Cl-].[H][O+:10]([H])[C:20]1([NH:21]C)[O]C(CC)C([H])[NH]1 10=20;20,21=21"
"[O:10]([K])C(CC)/C([H])=C([C:20](OCC)=[O:21])/[H]>>[O-:21][C:20]1(OCC)[O+:10]([K])C(CC)C([H])=C1[H] 10=20;20,21=21"
"[H]C1C(C(O[C:20](=[O:10])N1C1=CC=CC=C1)CCCCCC)CCCCCC.[O-:21]CC>>[H]C1C(C(O[C:20](N1C1=CC=CC=C1)([O-:10])[O:21]CC)CCCCCC)CCCCCC 21=20;20,10=10"
"CC[S+:10]([H])[C:20]([O:21][H])([S]CC)[O]C.[Cl-]>>[Cl-].CC[S:10][H].[H][O+:21]=[C:20]([S]CC)[O]C 21=20;20,10=10"
"C[O+:21]=[C:20]2[O][CH](CC)[CH]([H])C(C)[S]2.[H][O:10][H].[Cl-]>>[Cl-].[H][O+:10]([H])[C:20]1([O:21]C)[O][CH](CC)C([H])[CH](C)[S]1 10=20;20,21=21"
"CC[S+:10]([H])[C:20]([O:21][H])([O]C8=CC=CC=C8)[O][H].[Cl-]>>[Cl-].CC[S:10][H].[H][O+:21]=[C:20]([O]C8=CC=CC=C8)[O][H] 21=20;20,10=10"
"[H][O:10]C(C)C([H])C(C)[NH][C:20]([O]CC)=[NH+:21][H].[Cl-]>>[Cl-].[H][O+:10](C(C)C([H])C(C)[NH]1)[C:20]1([NH:21][H])[O]CC 10=20;20,21=21"
"[H][O+:21]=[C:20]2[S][CH](C7=CC=CC=C7)[CH]([H])C(CC)[S]2.[H][S:10][H].[Cl-]>>[Cl-].[H][S+:10]([H])[C:20]1([O:21][H])[S][CH](C7=CC=CC=C7)C([H])[CH](CC)[S]1 10=20;20,21=21"
"[H][O+:10](C([H])C(C)C(C8=CC=CC=C8)[O]1)[C:20]1([NH:21][H])[O]C7=CC=CC=C7.[Cl-]>>[Cl-].[H][O:10]C([H])C(C)C(C8=CC=CC=C8)[O][C:20]([O]C7=CC=CC=C7)=[NH+:21][H] 21=20;20,10=10"
"CN([C:20]1(OC(C(C([O:21]1)CC)CC)C)[O-:10])C>>CN([C:20](=[O:10])OC(C(C([O-:21])CC)CC)C)C 10=20;20,21=21"
"C[NH:10][H].C6=CC=CC=C6[NH+:21]=[C:20]([NH]C)[O][H].[Cl-]>>[Cl-].C[NH+:10]([H])[C:20]([NH:21]C6=CC=CC=C6)([NH]C)[O][H] 10=20;20,21=21"
"C1=CC=CC=C1C1C(C(O[C:20](=[O:10])N1C1=CC=CC=C1)C1=CC=CC=C1)[H].[O-:21]CC>>C1=CC=CC=C1C1C(C(O[C:20](N1C1=CC=CC=C1)([O-:10])[O:21]CC)C1=CC=CC=C1)[H] 21=20;20,10=10"
"C(C(O[C:20](=[O:10])OC1=CC=CC=C1)[H])([O-:21])CC>>C1(C([O:21][C:20](O1)([O-:10])OC1=CC=CC=C1)CC)[H] 21=20;20,10=10"
"[H][O+:10](C(CC)C([H])[NH]1)[C:20]1([NH:21]C)[NH]C7=CC=CC=C7.[Cl-]>>[Cl-].[H][O:10]C(CC)C([H])[NH][C:20]([NH]C7=CC=CC=C7)=[NH+:21]C 21=20;20,10=10"
"C9=CC=CC=C9[NH+:10]([H])[C:20]1([NH:21]CC)[O][CH](C7=CC=CC=C7)C(C)[CH](C)[O]1.[Cl-]>>[Cl-].CC[NH+:21]=[C:20]2[O][CH](C7=CC=CC=C7)[CH](C)C(C)[O]2.C9=CC=CC=C9[NH:10][H] 21=20;20,10=10"
"[H]C1C(C(O[C:20](=[O:10])N1CCCCCC)C)[H].[O-:21]C>>[H]C1C(C(O[C:20](N1CCCCCC)([O-:10])[O:21]C)C)[H] 21=20;20,10=10"
"[OH:10]C(CCC)C([H])C(O)C(C)[C:20]([H])=[OH+:21]>>[OH:21][C:20]1([H])C(C)C(O)C([H])C(CCC)[OH+:10]1 10=20;20,21=21"
"C(C([O-:21])C1=CC=CC=C1)(C(O[C:20](=[O:10])OC)CCCCCC)C1=CC=CC=C1>>C1(C(O[C:20]([O-:10])([O:21]C1C1=CC=CC=C1)OC)CCCCCC)C1=CC=CC=C1 21=20;20,10=10"
"C[NH+:10]([H])[C:20]([NH:21]C)([O][H])[NH]C7=CC=CC=C7.[Cl-]>>[Cl-].C[NH:10][H].C[NH+:21]=[C:20]([O][H])[NH]C7=CC=CC=C7 21=20;20,10=10"
"[OH:21][C:20]1(C)[OH+:10]C([H])C(C)C1C>>[OH:10]C([H])C(C)C([C:20](C)=[OH+:21])C 21=20;20,10=10"
"[H][NH:10]C(CC)C(C)C(CC)[O][C:20]([NH]CC)=[NH+:21][H].[Cl-]>>[Cl-].[H][NH+:10](C(CC)C(C)C(CC)[O]1)[C:20]1([NH:21][H])[NH]CC 10=20;20,21=21"
"[H][O+:10](C(C)C([H])[S]1)[C:20]1([O:21][Si](C)(C)(C))[S]C7=CC=CC=C7.[Cl-]>>[Cl-].[H][O:10]C(C)C([H])[S][C:20]([S]C7=CC=CC=C7)=[O+:21][Si](C)(C)(C) 21=20;20,10=10"
"C[O+:10]([H])[C:20]([NH:21]C)([NH]C8=CC=CC=C8)[NH]CC.[Cl-]>>[Cl-].C[O:10][H].C[NH+:21]=[C:20]([NH]C8=CC=CC=C8)[NH]CC 21=20;20,10=10"
"[H][O+:10](C(C9=CC=CC=C9)C([H])C(C8=CC=CC=C8)[O]1)[C:20]1([O:21][H])[O]C.[Cl-]>>[Cl-].[H][O:10]C(C9=CC=CC=C9)C([H])C(C8=CC=CC=C8)[O][C:20]([O]C)=[O+:21][H] 21=20;20,10=10"
"[NH:10](C)C(C)C(C)C(C)C(C)[C:20](C)=[O:21]>>[O-:21][C:20]1(C)C(C)C(C)C(C)C(C)[NH+:10]1(C) 10=20;20,21=21"
"[O-:21][C:20]2(C)C(C(C)C3=C([O:10]2)C=CC=C3)O>>[O-:10]C(C=CC=C1)=C1C(C)C([C:20](C)=[O:21])O 21=20;20,10=10"
"[O-:21][C:20]1([H])[NH+:10]([H])C([H])C(O)C1C>>[NH:10]([H])C([H])C(O)C([C:20]([H])=[O:21])C 21=20;20,10=10"
"CCCCCCC1C(O[C:20](N1[H])([O-:10])[O:21][H])CC>>CCCCCCC1C(O[C:20](=[O:10])N1[H])CC.[O-:21][H] 10=20;20,21=21"
"CC[NH+:10]([H])[C:20]1([NH:21]C6=CC=CC=C6)[O]C(C)C(CC)[O]1.[Cl-]>>[Cl-].C6=CC=CC=C6[NH+:21]=[C:20]2[O]C(C)C(CC)[O]2.CC[NH:10][H] 21=20;20,10=10"
"[H][S+:10](C([H])C(C)[S]1)[C:20]1([O:21]C)[S]C.[Cl-]>>[Cl-].[H][S:10]C([H])C(C)[S][C:20]([S]C)=[O+:21]C 21=20;20,10=10"
"C6=CC=CC=C6[NH+:21]=[C:20]2[O]C(C)C(C8=CC=CC=C8)[NH]2.C[O:10][H].[Cl-]>>[Cl-].C[O+:10]([H])[C:20]1([NH:21]C6=CC=CC=C6)[O]C(C)C(C8=CC=CC=C8)[NH]1 10=20;20,21=21"
"[H][O+:21]=[C:20]2[O][CH](C7=CC=CC=C7)[CH]([H])C(C8=CC=CC=C8)[O]2.CC[S:10][H].[Cl-]>>[Cl-].CC[S+:10]([H])[C:20]1([O:21][H])[O][CH](C7=CC=CC=C7)C([H])[CH](C8=CC=CC=C8)[O]1 10=20;20,21=21"
"CCCCCCN([C:20]1(OC(C([O:21]1)CC)[H])[O-:10])C1=CC=CC=C1>>CCCCCCN([C:20](=[O:10])OC(C([O-:21])CC)[H])C1=CC=CC=C1 10=20;20,21=21"
"[Si](C)(C)(C)[O+:21]=[C:20]2[S]C(C7=CC=CC=C7)C([H])[S]2.CC[S:10][H].[Cl-]>>[Cl-].CC[S+:10]([H])[C:20]1([O:21][Si](C)(C)(C))[S]C(C7=CC=CC=C7)C([H])[S]1 10=20;20,21=21"
"[H][NH+:10](C(CC)C([H])[NH]1)[C:20]1([NH:21]C6=CC=CC=C6)[O]C.[Cl-]>>[Cl-].[H][NH:10]C(CC)C([H])[NH][C:20]([O]C)=[NH+:21]C6=CC=CC=C6 21=20;20,10=10"
"CCN([C:20]1(OC(C(C([O:21]1)[H])CCCCCC)CCCCCC)[O-:10])C1=CC=CC=C1>>CCN([C:20](=[O:10])OC(C(C([O-:21])[H])CCCCCC)CCCCCC)C1=CC=CC=C1 10=20;20,21=21"
"CC[S+:10]([H])[C:20]([O:21]C)([S]C)[S]C7=CC=CC=C7.[Cl-]>>[Cl-].CC[S:10][H].C[O+:21]=[C:20]([S]C)[S]C7=CC=CC=C7 21=20;20,10=10"
"[H][O:10]C(CC)C([H])C(C8=CC=CC=C8)[O][C:20]([O]C)=[NH+:21][H].[Cl-]>>[Cl-].[H][O+:10](C(CC)C([H])C(C8=CC=CC=C8)[O]1)[C:20]1([NH:21][H])[O]C 10=20;20,21=21"
"C[NH+:10]([H])[C:20]([NH:21]C6=CC=CC=C6)([NH][H])[O][H].[Cl-]>>[Cl-].C[NH:10][H].C6=CC=CC=C6[NH+:21]=[C:20]([NH][H])[O][H] 21=20;20,10=10"
"[H][O+:10](C(CC)C(C)C([H])[NH]1)[C:20]1([NH:21][H])[O]C7=CC=CC=C7.[Cl-]>>[Cl-].[H][O:10]C(CC)C(C)C([H])[NH][C:20]([O]C7=CC=CC=C7)=[NH+:21][H] 21=20;20,10=10"
"[H]N([C:20]1(OC(C(C([O:21]1)[H])[H])C)[O-:10])C>>[H]N([C:20](=[O:10])OC(C(C([O-:21])[H])[H])C)C 10=20;20,21=21"
"[H][NH:10]C([H])C(C)[NH][C:20]([O][H])=[NH+:21]CC.[Cl-]>>[Cl-].[H][NH+:10](C([H])C(C)[NH]1)[C:20]1([NH:21]CC)[O][H] 10=20;20,21=21"
"[K][O+:21]([C:20]([O-:10])(OCC)OC1=CC=CC=C1)CC>>[K][O:21]CC.[C:20](=[O:10])(OCC)OC1=CC=CC=C1 10=20;20,21=21"
"C1=CC=CC=C1N([C:20]1(OC(C([O:21]1)C)CC)[O-:10])[H]>>C1=CC=CC=C1N([C:20](=[O:10])OC(C([O-:21])C)CC)[H] 10=20;20,21=21"
"C[O:10][H].C[NH+:21]=[C:20]([NH]C)[NH]C7=CC=CC=C7.[Cl-]>>[Cl-].C[O+:10]([H])[C:20]([NH:21]C)([NH]C)[NH]C7=CC=CC=C7 10=20;20,21=21"
"CC[NH+:21]=[C:20]2[O]C([H])C(CC)[O]2.CC[NH:10][H].[Cl-]>>[Cl-].CC[NH+:10]([H])[C:20]1([NH:21]CC)[O]C([H])C(CC)[O]1 10=20;20,21=21"
"[H]C1C(C(O[C:20](=[O:10])N1CC)C)C.[O-:21][H]>>[H]C1C(C(O[C:20](N1CC)([O-:10])[O:21][H])C)C 21=20;20,10=10"
"C9=CC=CC=C9[S:10][H].C[O+:21]=[C:20]([S]CC)[O][H].[Cl-]>>[Cl-].C9=CC=CC=C9[S+:10]([H])[C:20]([O:21]C)([S]CC)[O][H] 10=20;20,21=21"
"C9=CC=CC=C9[O+:10]([H])[C:20]([NH:21]CC)([NH]C)[NH]CC.[Cl-]>>[Cl-].C9=CC=CC=C9[O:10][H].CC[NH+:21]=[C:20]([NH]C)[NH]CC 21=20;20,10=10"
"C[O+:21]=[C:20]2[O]C(C7=CC=CC=C7)C([H])[O]2.[H][S:10][H].[Cl-]>>[Cl-].[H][S+:10]([H])[C:20]1([O:21]C)[O]C(C7=CC=CC=C7)C([H])[O]1 10=20;20,21=21"
"[O-:21][CH:20]2([H])C3=C(C(C([NH+:10]2(C))C)O)C=CC=C3>>[NH:10](C)C(C(C1=C(C=CC=C1)[CH:20]([H])=[O:21])O)C  21=20;20,10=10"
"C6=CC=CC=C6[NH+:21]=[C:20]2[NH]C(C7=CC=CC=C7)C(CC)[NH]2.C9=CC=CC=C9[O:10][H].[Cl-]>>[Cl-].C9=CC=CC=C9[O+:10]([H])[C:20]1([NH:21]C6=CC=CC=C6)[NH]C(C7=CC=CC=C7)C(CC)[NH]1 10=20;20,21=21"
"[H][O+:21]=[C:20]2[S][CH](C)[CH]([H])C([H])[O]2.C[S:10][H].[Cl-]>>[Cl-].C[S+:10]([H])[C:20]1([O:21][H])[S][CH](C)C([H])[CH]([H])[O]1 10=20;20,21=21"
"C1=CC=CC=C1N([C:20](=[O:10])OC(C(C([O-:21])C1=CC=CC=C1)CC)C)CC>>C1=CC=CC=C1N([C:20]1(OC(C(C([O:21]1)C1=CC=CC=C1)CC)C)[O-:10])CC 21=20;20,10=10"
"CCCCCCC1C(O[C:20](N1CC)([O-:10])[O:21]CC)CC>>CCCCCCC1C(O[C:20](=[O:10])N1CC)CC.[O-:21]CC 10=20;20,21=21"
"C[NH+:10]([H])[C:20]1([NH:21]C6=CC=CC=C6)[NH][CH](CC)C([H])[CH](C)[O]1.[Cl-]>>[Cl-].C6=CC=CC=C6[NH+:21]=[C:20]2[NH][CH](CC)[CH]([H])C(C)[O]2.C[NH:10][H] 21=20;20,10=10"
"C1(C(O[C:20]([O-:10])([O:21]C1C)O[H])C1=CC=CC=C1)CCCCCC>>C(C([O-:21])C)(C(O[C:20](=[O:10])O[H])C1=CC=CC=C1)CCCCCC 10=20;20,21=21"
"C1=CC=CC=C1N([C:20](=[O:10])OC(C(C([O-:21])CCCCCC)CC)CCCCCC)CCCCCC>>C1=CC=CC=C1N([C:20]1(OC(C(C([O:21]1)CCCCCC)CC)CCCCCC)[O-:10])CCCCCC 21=20;20,10=10"
"CCCCCCC1C(O[C:20](N1CCCCCC)([O-:10])[O:21]C1=CC=CC=C1)CCCCCC>>CCCCCCC1C(O[C:20](=[O:10])N1CCCCCC)CCCCCC.[O-:21]C1=CC=CC=C1 10=20;20,21=21"
"C6=CC=CC=C6[NH+:21]=[C:20]2[NH][CH](C7=CC=CC=C7)[CH]([H])C(C8=CC=CC=C8)[O]2.C[O:10][H].[Cl-]>>[Cl-].C[O+:10]([H])[C:20]1([NH:21]C6=CC=CC=C6)[NH][CH](C7=CC=CC=C7)C([H])[CH](C8=CC=CC=C8)[O]1 10=20;20,21=21"
"C1=CC=CC=C1N([C:20]([O-:10])(OCCCCCC)[O:21]C1=CC=CC=C1)C>>C1=CC=CC=C1N([C:20](=[O:10])OCCCCCC)C.[O-:21]C1=CC=CC=C1 10=20;20,21=21"
"[H][NH+:10]([H])[C:20]([NH:21]C6=CC=CC=C6)([O]C8=CC=CC=C8)[NH]CC.[Cl-]>>[Cl-].[H][NH:10][H].C6=CC=CC=C6[NH+:21]=[C:20]([O]C8=CC=CC=C8)[NH]CC 21=20;20,10=10"
"C9=CC=CC=C9[NH+:10]([H])[C:20]1([NH:21]CC)[O][CH](CC)C([H])[CH]([H])[NH]1.[Cl-]>>[Cl-].CC[NH+:21]=[C:20]2[O][CH](CC)[CH]([H])C([H])[NH]2.C9=CC=CC=C9[NH:10][H] 21=20;20,10=10"
"[H][O+:10]([H])[C:20]1([NH:21]CC)[NH][CH](CC)C(C)[CH](C)[O]1.[Cl-]>>[Cl-].CC[NH+:21]=[C:20]2[NH][CH](CC)[CH](C)C(C)[O]2.[H][O:10][H] 21=20;20,10=10"
"CC[S+:10]([H])[C:20]1([O:21]C)[S]C([H])C([H])[O]1.[Cl-]>>[Cl-].C[O+:21]=[C:20]2[S]C([H])C([H])[O]2.CC[S:10][H] 21=20;20,10=10"
"C[O+:21]=[C:20]2[O][CH](C7=CC=CC=C7)[CH](C)C(C8=CC=CC=C8)[S]2.C9=CC=CC=C9[S:10][H].[Cl-]>>[Cl-].C9=CC=CC=C9[S+:10]([H])[C:20]1([O:21]C)[O][CH](C7=CC=CC=C7)C(C)[CH](C8=CC=CC=C8)[S]1 10=20;20,21=21"
"C(C([O-:21])C)(C(O[C:20](=[O:10])OCC)C)[H]>>C1(C(O[C:20]([O-:10])([O:21]C1C)OCC)C)[H] 21=20;20,10=10"
"C[NH+:10]([H])[C:20]1([NH:21]C)[NH][CH]([H])C(C)[CH](CC)[NH]1.[Cl-]>>[Cl-].C[NH+:21]=[C:20]2[NH][CH]([H])[CH](C)C(CC)[NH]2.C[NH:10][H] 21=20;20,10=10"
"C9=CC=CC=C9[O+:10]([H])[C:20]1([NH:21]C)[NH][CH](CC)C([H])[CH](CC)[NH]1.[Cl-]>>[Cl-].C[NH+:21]=[C:20]2[NH][CH](CC)[CH]([H])C(CC)[NH]2.C9=CC=CC=C9[O:10][H] 21=20;20,10=10"
"CCC1C(C(O[C:20](N1[H])([O-:10])[O:21]CCCCCC)C)[H]>>CCC1C(C(O[C:20](=[O:10])N1[H])C)[H].[O-:21]CCCCCC 10=20;20,21=21"
"[H][NH+:10](C(C9=CC=CC=C9)C(CC)[NH]1)[C:20]1([NH:21]C)[O][H].[Cl-]>>[Cl-].[H][NH:10]C(C9=CC=CC=C9)C(CC)[NH][C:20]([O][H])=[NH+:21]C 21=20;20,10=10"
"[H][O:10]C([H])C(C8=CC=CC=C8)[NH][C:20]([NH]CC)=[NH+:21]CC.[Cl-]>>[Cl-].[H][O+:10](C([H])C(C8=CC=CC=C8)[NH]1)[C:20]1([NH:21]CC)[NH]CC 10=20;20,21=21"
"CCCCCCC1C(C(O[C:20](=[O:10])N1CCCCCC)C)CC.[O-:21]CCCCCC>>CCCCCCC1C(C(O[C:20](N1CCCCCC)([O-:10])[O:21]CCCCCC)C)CC 21=20;20,10=10"
"CC[NH+:21]=[C:20]2[NH][CH](C)[CH](C)C(C8=CC=CC=C8)[O]2.C[NH:10][H].[Cl-]>>[Cl-].C[NH+:10]([H])[C:20]1([NH:21]CC)[NH][CH](C)C(C)[CH](C8=CC=CC=C8)[O]1 10=20;20,21=21"
"[H][O+:21]=[C:20]2[S][CH](CC)[CH](C)C(C)[O]2.CC[O:10][H].[Cl-]>>[Cl-].CC[O+:10]([H])[C:20]1([O:21][H])[S][CH](CC)C(C)[CH](C)[O]1 10=20;20,21=21"
"[H][NH+:21]=[C:20]2[O][CH](C7=CC=CC=C7)[CH]([H])C([H])[O]2.CC[O:10][H].[Cl-]>>[Cl-].CC[O+:10]([H])[C:20]1([NH:21][H])[O][CH](C7=CC=CC=C7)C([H])[CH]([H])[O]1 10=20;20,21=21"
"CN([C:20](=[O:10])OC(C(C([O-:21])CCCCCC)CCCCCC)C1=CC=CC=C1)CCCCCC>>CN([C:20]1(OC(C(C([O:21]1)CCCCCC)CCCCCC)C1=CC=CC=C1)[O-:10])CCCCCC 21=20;20,10=10"
"C[NH+:21]=[C:20]2[NH][CH](CC)[CH]([H])C([H])[O]2.C[NH:10][H].[Cl-]>>[Cl-].C[NH+:10]([H])[C:20]1([NH:21]C)[NH][CH](CC)C([H])[CH]([H])[O]1 10=20;20,21=21"
"CC[NH+:21]=[C:20]2[O][CH](C7=CC=CC=C7)[CH]([H])C([H])[NH]2.C[O:10][H].[Cl-]>>[Cl-].C[O+:10]([H])[C:20]1([NH:21]CC)[O][CH](C7=CC=CC=C7)C([H])[CH]([H])[NH]1 10=20;20,21=21"
"C9=CC=CC=C9[O+:10]([H])[C:20]([NH:21]C)([O]CC)[O]C7=CC=CC=C7.[Cl-]>>[Cl-].C9=CC=CC=C9[O:10][H].C[NH+:21]=[C:20]([O]CC)[O]C7=CC=CC=C7 21=20;20,10=10"
"CC[NH+:10]([H])[C:20]1([NH:21]C)[NH][CH](C7=CC=CC=C7)C(C)[CH](CC)[O]1.[Cl-]>>[Cl-].C[NH+:21]=[C:20]2[NH][CH](C7=CC=CC=C7)[CH](C)C(CC)[O]2.CC[NH:10][H] 21=20;20,10=10"
"[H][S+:10]([H])[C:20]([O:21]C)([S]C)[S][H].[Cl-]>>[Cl-].[H][S:10][H].C[O+:21]=[C:20]([S]C)[S][H] 21=20;20,10=10"
"[H]N([C:20](=[O:10])OC(C([O-:21])CCCCCC)CC)CC>>[H]N([C:20]1(OC(C([O:21]1)CCCCCC)CC)[O-:10])CC 21=20;20,10=10"
"[H][O:10]C([H])C(C)C([H])[NH][C:20]([NH]C)=[NH+:21]C6=CC=CC=C6.[Cl-]>>[Cl-].[H][O+:10](C([H])C(C)C([H])[NH]1)[C:20]1([NH:21]C6=CC=CC=C6)[NH]C 10=20;20,21=21"
"C[NH+:21]=[C:20]2[O][CH](C)[CH](C)C(C)[O]2.[H][O:10][H].[Cl-]>>[Cl-].[H][O+:10]([H])[C:20]1([NH:21]C)[O][CH](C)C(C)[CH](C)[O]1 10=20;20,21=21"
"[H][NH:10]C(C9=CC=CC=C9)C(C)C(C8=CC=CC=C8)[O][C:20]([NH][H])=[NH+:21]C6=CC=CC=C6.[Cl-]>>[Cl-].[H][NH+:10](C(C9=CC=CC=C9)C(C)C(C8=CC=CC=C8)[O]1)[C:20]1([NH:21]C6=CC=CC=C6)[NH][H] 10=20;20,21=21"
"CC[NH+:21]=[C:20]2[NH]C(C7=CC=CC=C7)C([H])[O]2.C9=CC=CC=C9[O:10][H].[Cl-]>>[Cl-].C9=CC=CC=C9[O+:10]([H])[C:20]1([NH:21]CC)[NH]C(C7=CC=CC=C7)C([H])[O]1 10=20;20,21=21"
"[H][O+:10]([H])[C:20]1([O:21]C)[O][CH]([H])C([H])[CH](C8=CC=CC=C8)[O]1.[Cl-]>>[Cl-].C[O+:21]=[C:20]2[O][CH]([H])[CH]([H])C(C8=CC=CC=C8)[O]2.[H][O:10][H] 21=20;20,10=10"
"C9=CC=CC=C9[O:10][H].C6=CC=CC=C6[NH+:21]=[C:20]([O]C)[NH]CC.[Cl-]>>[Cl-].C9=CC=CC=C9[O+:10]([H])[C:20]([NH:21]C6=CC=CC=C6)([O]C)[NH]CC 10=20;20,21=21"
"CC[S+:10]([H])[C:20]1([O:21]C)[O][CH](C)C([H])[CH](C)[O]1.[Cl-]>>[Cl-].C[O+:21]=[C:20]2[O][CH](C)[CH]([H])C(C)[O]2.CC[S:10][H] 21=20;20,10=10"
"[H][S:10]C(CC)C(C)C(C8=CC=CC=C8)[O][C:20]([S][H])=[O+:21][H].[Cl-]>>[Cl-].[H][S+:10](C(CC)C(C)C(C8=CC=CC=C8)[O]1)[C:20]1([O:21][H])[S][H] 10=20;20,21=21"
"[OH:10]C(CCC)/C(C)=C(C)\C([H])[C:20]([H])=[OH+:21]>>[OH:21][C:20]1([H])C([H])C(C)=C(C)C(CCC)[OH+:10]1 10=20;20,21=21"
"C[O+:21]=[C:20]2[S]C([H])C(C)[O]2.C[O:10][H].[Cl-]>>[Cl-].C[O+:10]([H])[C:20]1([O:21]C)[S]C([H])C(C)[O]1 10=20;20,21=21"
"[H][O+:10](C(C)C([H])C(CC)[NH]1)[C:20]1([NH:21]C)[O][H].[Cl-]>>[Cl-].[H][O:10]C(C)C([H])C(CC)[NH][C:20]([O][H])=[NH+:21]C 21=20;20,10=10"
"[H][O+:10]([H])[C:20]1([NH:21]CC)[NH][CH]([H])C(C)[CH](C)[O]1.[Cl-]>>[Cl-].CC[NH+:21]=[C:20]2[NH][CH]([H])[CH](C)C(C)[O]2.[H][O:10][H] 21=20;20,10=10"
"[H][NH:10]C([H])C([H])C(C)[O][C:20]([O]CC)=[NH+:21]CC.[Cl-]>>[Cl-].[H][NH+:10](C([H])C([H])C(C)[O]1)[C:20]1([NH:21]CC)[O]CC 10=20;20,21=21"
"C1=CC=CC=C1N([C:20]1(OC(C(C([O:21]1)CCCCCC)CC)C)[O-:10])CCCCCC>>C1=CC=CC=C1N([C:20](=[O:10])OC(C(C([O-:21])CCCCCC)CC)C)CCCCCC 10=20;20,21=21"
"[H]C1C(C(O[C:20](N1[H])([O-:10])[O:21][H])C1=CC=CC=C1)[H]>>[H]C1C(C(O[C:20](=[O:10])N1[H])C1=CC=CC=C1)[H].[O-:21][H] 10=20;20,21=21"
"[H][NH:10]C(C)C([H])C(C)[NH][C:20]([NH]C)=[NH+:21]CC.[Cl-]>>[Cl-].[H][NH+:10](C(C)C([H])C(C)[NH]1)[C:20]1([NH:21]CC)[NH]C 10=20;20,21=21"
"C1=CC=CC=C1C1C(C(O[C:20](N1[H])([O-:10])[O:21]C1=CC=CC=C1)C1=CC=CC=C1)CCCCCC>>C1=CC=CC=C1C1C(C(O[C:20](=[O:10])N1[H])C1=CC=CC=C1)CCCCCC.[O-:21]C1=CC=CC=C1 10=20;20,21=21"
"C1(C([O:21][C:20](O1)([O-:10])OCCCCCC)[H])[H]>>C(C(O[C:20](=[O:10])OCCCCCC)[H])([O-:21])[H] 10=20;20,21=21"
"[H][NH+:21]=[C:20]2[NH][CH](C7=CC=CC=C7)[CH]([H])C(C8=CC=CC=C8)[NH]2.[H][O:10][H].[Cl-]>>[Cl-].[H][O+:10]([H])[C:20]1([NH:21][H])[NH][CH](C7=CC=CC=C7)C([H])[CH](C8=CC=CC=C8)[NH]1 10=20;20,21=21"
"[OH:21][C:20]1(OCC)C([H])C(O)C(C)C(C)[OH+:10]1>>[OH:10]C(C)C(C)C(O)C([H])[C:20](OCC)=[OH+:21] 21=20;20,10=10"
"CC[S+:10]([H])[C:20]1([O:21][H])[S][CH](CC)C([H])[CH](CC)[O]1.[Cl-]>>[Cl-].[H][O+:21]=[C:20]2[S][CH](CC)[CH]([H])C(CC)[O]2.CC[S:10][H] 21=20;20,10=10"
"CC[O+:10]([H])[C:20]1([O:21][H])[S]C(CC)C(C8=CC=CC=C8)[O]1.[Cl-]>>[Cl-].[H][O+:21]=[C:20]2[S]C(CC)C(C8=CC=CC=C8)[O]2.CC[O:10][H] 21=20;20,10=10"
"C[O+:10]([H])[C:20]1([O:21][H])[O]C(C)C([H])[O]1.[Cl-]>>[Cl-].[H][O+:21]=[C:20]2[O]C(C)C([H])[O]2.C[O:10][H] 21=20;20,10=10"
"CC[NH+:10]([H])[C:20]1([NH:21][H])[NH][CH]([H])C(C)[CH](C)[NH]1.[Cl-]>>[Cl-].[H][NH+:21]=[C:20]2[NH][CH]([H])[CH](C)C(C)[NH]2.CC[NH:10][H] 21=20;20,10=10"
"[H][O+:10](C([H])C([H])C([H])[S]1)[C:20]1([O:21][H])[S][H].[Cl-]>>[Cl-].[H][O:10]C([H])C([H])C([H])[S][C:20]([S][H])=[O+:21][H] 21=20;20,10=10"
"[NH:10](C)C([H])C([H])/C([H])=C([H])\[C:20](OC)=[O:21]>>[O-:21][C:20]1(OC)C([H])=C([H])C([H])C([H])[NH+:10]1(C) 10=20;20,21=21"
"CC1C(O[C:20](N1[H])([O-:10])[O:21]CC)CCCCCC>>CC1C(O[C:20](=[O:10])N1[H])CCCCCC.[O-:21]CC 10=20;20,21=21"
"[H]C1C(C(O[C:20](N1C1=CC=CC=C1)([O-:10])[O:21]C1=CC=CC=C1)C1=CC=CC=C1)[H]>>[H]C1C(C(O[C:20](=[O:10])N1C1=CC=CC=C1)C1=CC=CC=C1)[H].[O-:21]C1=CC=CC=C1 10=20;20,21=21"
"C9=CC=CC=C9[O:10][H].C[O+:21]=[C:20]([O]CC)[O]C.[Cl-]>>[Cl-].C9=CC=CC=C9[O+:10]([H])[C:20]([O:21]C)([O]CC)[O]C 10=20;20,21=21"
"CC[NH+:21]=[C:20]2[NH][CH](C)[CH]([H])C([H])[O]2.C[NH:10][H].[Cl-]>>[Cl-].C[NH+:10]([H])[C:20]1([NH:21]CC)[NH][CH](C)C([H])[CH]([H])[O]1 10=20;20,21=21"
"C[O+:10]([H])[C:20]1([O:21]C)[O][CH]([H])C([H])[CH](C8=CC=CC=C8)[S]1.[Cl-]>>[Cl-].C[O+:21]=[C:20]2[O][CH]([H])[CH]([H])C(C8=CC=CC=C8)[S]2.C[O:10][H] 21=20;20,10=10"
"CC[S+:10]([H])[C:20]1([O:21]C)[O]C(C)C(C8=CC=CC=C8)[S]1.[Cl-]>>[Cl-].C[O+:21]=[C:20]2[O]C(C)C(C8=CC=CC=C8)[S]2.CC[S:10][H] 21=20;20,10=10"
"C6=CC=CC=C6[NH+:21]=[C:20]2[O][CH](C)[CH](C)C(C8=CC=CC=C8)[NH]2.C9=CC=CC=C9[NH:10][H].[Cl-]>>[Cl-].C9=CC=CC=C9[NH+:10]([H])[C:20]1([NH:21]C6=CC=CC=C6)[O][CH](C)C(C)[CH](C8=CC=CC=C8)[NH]1 10=20;20,21=21"
"[NH:10](C)C(C)C([H])C(O)C(C)[C:20]([H])=[O:21]>>[O-:21][C:20]1([H])C(C)C(O)C([H])C(C)[NH+:10]1(C) 10=20;20,21=21"
"[H]N([C:20]1(OC(C([O:21]1)C)C)[O-:10])C>>[H]N([C:20](=[O:10])OC(C([O-:21])C)C)C 10=20;20,21=21"
"CC[NH+:21]=[C:20]2[NH][CH](CC)[CH](C)C(C8=CC=CC=C8)[NH]2.[H][NH:10][H].[Cl-]>>[Cl-].[H][NH+:10]([H])[C:20]1([NH:21]CC)[NH][CH](CC)C(C)[CH](C8=CC=CC=C8)[NH]1 10=20;20,21=21"
"C[NH+:21]=[C:20]2[NH][CH](C7=CC=CC=C7)[CH](C)C(CC)[NH]2.C[NH:10][H].[Cl-]>>[Cl-].C[NH+:10]([H])[C:20]1([NH:21]C)[NH][CH](C7=CC=CC=C7)C(C)[CH](CC)[NH]1 10=20;20,21=21"
"[H][NH:10]C(CC)C(C)[O][C:20]([O]CC)=[NH+:21]CC.[Cl-]>>[Cl-].[H][NH+:10](C(CC)C(C)[O]1)[C:20]1([NH:21]CC)[O]CC 10=20;20,21=21"
"CC[O:10][H].[H][O+:21]=[C:20]([O]C8=CC=CC=C8)[S]C.[Cl-]>>[Cl-].CC[O+:10]([H])[C:20]([O:21][H])([O]C8=CC=CC=C8)[S]C 10=20;20,21=21"
"[O-:21][C:20]1(C)C(O)C(O)C([H])C(CCC)[O+:10]1([K])>>[O:10]([K])C(CCC)C([H])C(O)C(O)[C:20](C)=[O:21] 21=20;20,10=10"
"C[O+:10]([H])[C:20]1([NH:21][H])[NH][CH]([H])C(C)[CH](CC)[O]1.[Cl-]>>[Cl-].[H][NH+:21]=[C:20]2[NH][CH]([H])[CH](C)C(CC)[O]2.C[O:10][H] 21=20;20,10=10"
"[O:10]([K])C([H])C(O)C([C:20](OCC)=[O:21])O>>[O-:21][C:20]1(OCC)[O+:10]([K])C([H])C(O)C1O 10=20;20,21=21"
"[H][O+:21]=[C:20]2[O][CH](C)[CH]([H])C(C)[O]2.[H][S:10][H].[Cl-]>>[Cl-].[H][S+:10]([H])[C:20]1([O:21][H])[O][CH](C)C([H])[CH](C)[O]1 10=20;20,21=21"
"CC[O+:10]([H])[C:20]1([O:21]C)[O][CH](C)C([H])[CH](C)[O]1.[Cl-]>>[Cl-].C[O+:21]=[C:20]2[O][CH](C)[CH]([H])C(C)[O]2.CC[O:10][H] 21=20;20,10=10"
"C(C([O-:21])[H])(C(O[C:20](=[O:10])OCC)C1=CC=CC=C1)C1=CC=CC=C1>>C1(C(O[C:20]([O-:10])([O:21]C1[H])OCC)C1=CC=CC=C1)C1=CC=CC=C1 21=20;20,10=10"
"[NH:10]([H])C(C)C(C)C([H])C([H])[C:20]([H])=[O:21]>>[O-:21][C:20]1([H])C([H])C([H])C(C)C(C)[NH+:10]1([H]) 10=20;20,21=21"
"[H][O:10]C([H])C(C)C([H])[O][C:20]([O][H])=[NH+:21]C6=CC=CC=C6.[Cl-]>>[Cl-].[H][O+:10](C([H])C(C)C([H])[O]1)[C:20]1([NH:21]C6=CC=CC=C6)[O][H] 10=20;20,21=21"
"[O:10]([K])C([H])C([H])/C([H])=C([H])\[C:20]([H])=[O:21]>>[O-:21][C:20]1([H])C([H])=C([H])C([H])C([H])[O+:10]1([K]) 10=20;20,21=21"
"C[O+:21]=[C:20]2[O][CH](CC)[CH](C)C([H])[O]2.[H][S:10][H].[Cl-]>>[Cl-].[H][S+:10]([H])[C:20]1([O:21]C)[O][CH](CC)C(C)[CH]([H])[O]1 10=20;20,21=21"
"CC1C(C(O[C:20](N1CCCCCC)([O-:10])[O:21]CC)C1=CC=CC=C1)CC>>CC1C(C(O[C:20](=[O:10])N1CCCCCC)C1=CC=CC=C1)CC.[O-:21]CC 10=20;20,21=21"
"CC[O+:10]([H])[C:20]1([NH:21]C6=CC=CC=C6)[NH]C([H])C(C8=CC=CC=C8)[NH]1.[Cl-]>>[Cl-].C6=CC=CC=C6[NH+:21]=[C:20]2[NH]C([H])C(C8=CC=CC=C8)[NH]2.CC[O:10][H] 21=20;20,10=10"
"[H][O+:10](C(C)C(C)[O]1)[C:20]1([O:21][Si](C)(C)(C))[O]C7=CC=CC=C7.[Cl-]>>[Cl-].[H][O:10]C(C)C(C)[O][C:20]([O]C7=CC=CC=C7)=[O+:21][Si](C)(C)(C) 21=20;20,10=10"
"[H][O:10]C([H])C(C)C([H])[O][C:20]([O]CC)=[O+:21][H].[Cl-]>>[Cl-].[H][O+:10](C([H])C(C)C([H])[O]1)[C:20]1([O:21][H])[O]CC 10=20;20,21=21"
"[H][O:10]C(CC)C(CC)[O][C:20]([NH]C7=CC=CC=C7)=[NH+:21][H].[Cl-]>>[Cl-].[H][O+:10](C(CC)C(CC)[O]1)[C:20]1([NH:21][H])[NH]C7=CC=CC=C7 10=20;20,21=21"
"CCCCCCC1C(C(O[C:20](N1[H])([O-:10])[O:21]CCCCCC)CC)C>>CCCCCCC1C(C(O[C:20](=[O:10])N1[H])CC)C.[O-:21]CCCCCC 10=20;20,21=21"
"C[NH+:10]([H])[C:20]1([NH:21]CC)[NH]C(C)C([H])[NH]1.[Cl-]>>[Cl-].CC[NH+:21]=[C:20]2[NH]C(C)C([H])[NH]2.C[NH:10][H] 21=20;20,10=10"
"C6=CC=CC=C6[NH+:21]=[C:20]2[NH]C(CC)C(C8=CC=CC=C8)[NH]2.C[NH:10][H].[Cl-]>>[Cl-].C[NH+:10]([H])[C:20]1([NH:21]C6=CC=CC=C6)[NH]C(CC)C(C8=CC=CC=C8)[NH]1 10=20;20,21=21"
"C1=CC=CC=C1C1C(C(O[C:20](=[O:10])N1CC)C1=CC=CC=C1)C.[O-:21][H]>>C1=CC=CC=C1C1C(C(O[C:20](N1CC)([O-:10])[O:21][H])C1=CC=CC=C1)C 21=20;20,10=10"
"[H][O+:10](C(C)C(CC)[O]1)[C:20]1([NH:21][H])[NH]CC.[Cl-]>>[Cl-].[H][O:10]C(C)C(CC)[O][C:20]([NH]CC)=[NH+:21][H] 21=20;20,10=10"
"CCCCCCC1C(C(O[C:20](N1C1=CC=CC=C1)([O-:10])[O:21][H])C)[H]>>CCCCCCC1C(C(O[C:20](=[O:10])N1C1=CC=CC=C1)C)[H].[O-:21][H] 10=20;20,21=21"
"C9=CC=CC=C9[O+:10]([H])[C:20]([O:21][Si](C)(C)(C))([O][H])[S]CC.[Cl-]>>[Cl-].C9=CC=CC=C9[O:10][H].[Si](C)(C)(C)[O+:21]=[C:20]([O][H])[S]CC 21=20;20,10=10"
"CC[NH+:10]([H])[C:20]([NH:21]C)([O]C)[NH]C.[Cl-]>>[Cl-].CC[NH:10][H].C[NH+:21]=[C:20]([O]C)[NH]C 21=20;20,10=10"
"[OH:21][C:20]1(C)C(C)C(C)=C([H])C([H])[OH+:10]1>>[OH:10]C([H])/C([H])=C(C)\C(C)[C:20](C)=[OH+:21] 21=20;20,10=10"
"[H][O+:10](C([H])C(C)C([H])[O]1)[C:20]1([NH:21]CC)[NH]C7=CC=CC=C7.[Cl-]>>[Cl-].[H][O:10]C([H])C(C)C([H])[O][C:20]([NH]C7=CC=CC=C7)=[NH+:21]CC 21=20;20,10=10"
"[OH:10]C([H])/C([H])=C([H])\C(C)[C:20](C)=[OH+:21]>>[OH:21][C:20]1(C)C(C)C([H])=C([H])C([H])[OH+:10]1 10=20;20,21=21"
"CCC1C(C(O[C:20](=[O:10])N1CC)CC)C.[O-:21]C>>CCC1C(C(O[C:20](N1CC)([O-:10])[O:21]C)CC)C 21=20;20,10=10"
"CCC1C(C(O[C:20](N1CC)([O-:10])[O:21]C1=CC=CC=C1)CC)CC>>CCC1C(C(O[C:20](=[O:10])N1CC)CC)CC.[O-:21]C1=CC=CC=C1 10=20;20,21=21"
"CC1C(O[C:20](N1C1=CC=CC=C1)([O-:10])[O:21]C1=CC=CC=C1)[H]>>CC1C(O[C:20](=[O:10])N1C1=CC=CC=C1)[H].[O-:21]C1=CC=CC=C1 10=20;20,21=21"
"CCC1C(C(O[C:20](N1C1=CC=CC=C1)([O-:10])[Cl:21])C)CC>>CCC1C(C(O[C:20](=[O:10])N1C1=CC=CC=C1)C)CC.[Cl-:21] 10=20;20,21=21"
"[OH:10]C(CC)/C(C)=C([C:20](OC)=[OH+:21])/O>>[OH:21][C:20]1(OC)[OH+:10]C(CC)C(C)=C1O 10=20;20,21=21"
"C[O+:10]([H])[C:20]1([O:21][H])[O]C(CC)C(C8=CC=CC=C8)[O]1.[Cl-]>>[Cl-].[H][O+:21]=[C:20]2[O]C(CC)C(C8=CC=CC=C8)[O]2.C[O:10][H] 21=20;20,10=10"
"[H][NH+:10]([H])[C:20]1([NH:21]C6=CC=CC=C6)[NH][CH](CC)C([H])[CH]([H])[O]1.[Cl-]>>[Cl-].C6=CC=CC=C6[NH+:21]=[C:20]2[NH][CH](CC)[CH]([H])C([H])[O]2.[H][NH:10][H] 21=20;20,10=10"
"[H][NH+:10](C([H])C(C)C(C)[O]1)[C:20]1([NH:21]C6=CC=CC=C6)[O]CC.[Cl-]>>[Cl-].[H][NH:10]C([H])C(C)C(C)[O][C:20]([O]CC)=[NH+:21]C6=CC=CC=C6 21=20;20,10=10"
"C[O+:10]([H])[C:20]([NH:21]CC)([O]C)[NH]C7=CC=CC=C7.[Cl-]>>[Cl-].C[O:10][H].CC[NH+:21]=[C:20]([O]C)[NH]C7=CC=CC=C7 21=20;20,10=10"
"[H]C1C(C(O[C:20](=[O:10])N1CC)CC)[H].[O-:21]C>>[H]C1C(C(O[C:20](N1CC)([O-:10])[O:21]C)CC)[H] 21=20;20,10=10"
"CN([C:20](=[O:10])OC(C(C([O-:21])C)CCCCCC)[H])C1=CC=CC=C1>>CN([C:20]1(OC(C(C([O:21]1)C)CCCCCC)[H])[O-:10])C1=CC=CC=C1 21=20;20,10=10"
"[OH:10]C(CC)/C(O)=C([C:20](OCC)=[OH+:21])/O>>[OH:21][C:20]1(OCC)[OH+:10]C(CC)C(O)=C1O 10=20;20,21=21"
"[H][NH:10]C([H])C([H])C([H])[O][C:20]([NH]C7=CC=CC=C7)=[NH+:21]C6=CC=CC=C6.[Cl-]>>[Cl-].[H][NH+:10](C([H])C([H])C([H])[O]1)[C:20]1([NH:21]C6=CC=CC=C6)[NH]C7=CC=CC=C7 10=20;20,21=21"
"[H][NH+:21]=[C:20]2[NH][CH](C)[CH](C)C([H])[NH]2.[H][NH:10][H].[Cl-]>>[Cl-].[H][NH+:10]([H])[C:20]1([NH:21][H])[NH][CH](C)C(C)[CH]([H])[NH]1 10=20;20,21=21"
"[H][O+:10](C(C)C(C8=CC=CC=C8)[O]1)[C:20]1([NH:21]C)[O]CC.[Cl-]>>[Cl-].[H][O:10]C(C)C(C8=CC=CC=C8)[O][C:20]([O]CC)=[NH+:21]C 21=20;20,10=10"
"[H][NH+:10](C(C9=CC=CC=C9)C(C)[NH]1)[C:20]1([NH:21]C6=CC=CC=C6)[O]C7=CC=CC=C7.[Cl-]>>[Cl-].[H][NH:10]C(C9=CC=CC=C9)C(C)[NH][C:20]([O]C7=CC=CC=C7)=[NH+:21]C6=CC=CC=C6 21=20;20,10=10"
"CN([C:20]1(OC(C(C([O:21]1)C1=CC=CC=C1)CCCCCC)CC)[O-:10])C1=CC=CC=C1>>CN([C:20](=[O:10])OC(C(C([O-:21])C1=CC=CC=C1)CCCCCC)CC)C1=CC=CC=C1 10=20;20,21=21"
"[NH:10]([H])C([H])C(O)C(C)C([H])[C:20]([H])=[O:21]>>[O-:21][C:20]1([H])C([H])C(C)C(O)C([H])[NH+:10]1([H]) 10=20;20,21=21"
"CC[NH+:21]=[C:20]2[O][CH](CC)[CH]([H])C(CC)[O]2.C[O:10][H].[Cl-]>>[Cl-].C[O+:10]([H])[C:20]1([NH:21]CC)[O][CH](CC)C([H])[CH](CC)[O]1 10=20;20,21=21"
"[H][O:10]C(C9=CC=CC=C9)C([H])C(C8=CC=CC=C8)[NH][C:20]([NH]C7=CC=CC=C7)=[NH+:21]CC.[Cl-]>>[Cl-].[H][O+:10](C(C9=CC=CC=C9)C([H])C(C8=CC=CC=C8)[NH]1)[C:20]1([NH:21]CC)[NH]C7=CC=CC=C7 10=20;20,21=21"
"CC1C(O[C:20](N1CCCCCC)([O-:10])[O:21]CCCCCC)CC>>CC1C(O[C:20](=[O:10])N1CCCCCC)CC.[O-:21]CCCCCC 10=20;20,21=21"
"[H][O+:21]=[C:20]2[O][CH]([H])[CH](C)C(CC)[O]2.C9=CC=CC=C9[O:10][H].[Cl-]>>[Cl-].C9=CC=CC=C9[O+:10]([H])[C:20]1([O:21][H])[O][CH]([H])C(C)[CH](CC)[O]1 10=20;20,21=21"
"[H][O:10]C(C)C(CC)[NH][C:20]([NH]CC)=[NH+:21]C6=CC=CC=C6.[Cl-]>>[Cl-].[H][O+:10](C(C)C(CC)[NH]1)[C:20]1([NH:21]C6=CC=CC=C6)[NH]CC 10=20;20,21=21"
"CC[NH+:21]=[C:20]2[O][CH](C)[CH](C)C(C)[O]2.CC[O:10][H].[Cl-]>>[Cl-].CC[O+:10]([H])[C:20]1([NH:21]CC)[O][CH](C)C(C)[CH](C)[O]1 10=20;20,21=21"
"CN([C:20](=[O:10])OC(C([O-:21])C1=CC=CC=C1)CCCCCC)C>>CN([C:20]1(OC(C([O:21]1)C1=CC=CC=C1)CCCCCC)[O-:10])C 21=20;20,10=10"
"[H][O:10]C(C)C(CC)[NH][C:20]([NH]C7=CC=CC=C7)=[NH+:21]C6=CC=CC=C6.[Cl-]>>[Cl-].[H][O+:10](C(C)C(CC)[NH]1)[C:20]1([NH:21]C6=CC=CC=C6)[NH]C7=CC=CC=C7 10=20;20,21=21"
"CCCCCCC1C(C(O[C:20](N1C1=CC=CC=C1)([O-:10])[O:21][H])CCCCCC)[H]>>CCCCCCC1C(C(O[C:20](=[O:10])N1C1=CC=CC=C1)CCCCCC)[H].[O-:21][H] 10=20;20,21=21"
"[K][O+:21]([C:20]([O-:10])(OCC)OC1=CC=CC=C1)CCCCCC>>[K][O:21]CCCCCC.[C:20](=[O:10])(OCC)OC1=CC=CC=C1 10=20;20,21=21"
"[H][S+:10](C([H])C(C)C(CC)[S]1)[C:20]1([O:21]C)[O]C.[Cl-]>>[Cl-].[H][S:10]C([H])C(C)C(CC)[S][C:20]([O]C)=[O+:21]C 21=20;20,10=10"
"CC[NH+:10]([H])[C:20]([NH:21]C)([NH]C8=CC=CC=C8)[NH]C.[Cl-]>>[Cl-].CC[NH:10][H].C[NH+:21]=[C:20]([NH]C8=CC=CC=C8)[NH]C 21=20;20,10=10"
"[H][O:10]C([H])C(C)C(CC)[NH][C:20]([O][H])=[NH+:21]CC.[Cl-]>>[Cl-].[H][O+:10](C([H])C(C)C(CC)[NH]1)[C:20]1([NH:21]CC)[O][H] 10=20;20,21=21"
"[O:10]([Na])C(C)/C(O)=C([C:20](OC)=[O:21])/[H]>>[O-:21][C:20]1(OC)[O+:10]([Na])C(C)C(O)=C1[H] 10=20;20,21=21"
"[H][O+:10]([H])[C:20]1([NH:21]CC)[NH][CH](C7=CC=CC=C7)C([H])[CH](C)[O]1.[Cl-]>>[Cl-].CC[NH+:21]=[C:20]2[NH][CH](C7=CC=CC=C7)[CH]([H])C(C)[O]2.[H][O:10][H] 21=20;20,10=10"
"[OH:21][C:20]1(C)C(C)C(C)C([H])C(C)[OH+:10]1>>[OH:10]C(C)C([H])C(C)C(C)[C:20](C)=[OH+:21] 21=20;20,10=10"
"C9=CC=CC=C9[NH+:10]([H])[C:20]([NH:21]C)([O]C8=CC=CC=C8)[O]C7=CC=CC=C7.[Cl-]>>[Cl-].C9=CC=CC=C9[NH:10][H].C[NH+:21]=[C:20]([O]C8=CC=CC=C8)[O]C7=CC=CC=C7 21=20;20,10=10"
"[H][O:10]C(C9=CC=CC=C9)C(C)C(CC)[O][C:20]([NH][H])=[NH+:21]CC.[Cl-]>>[Cl-].[H][O+:10](C(C9=CC=CC=C9)C(C)C(CC)[O]1)[C:20]1([NH:21]CC)[NH][H] 10=20;20,21=21"
"[H][NH:10]C(C)C([H])[O][C:20]([O][H])=[NH+:21]C.[Cl-]>>[Cl-].[H][NH+:10](C(C)C([H])[O]1)[C:20]1([NH:21]C)[O][H] 10=20;20,21=21"
"[O-:21][C:20]1(OCC)[NH+:10]([H])C([H])C(C)=C1[H]>>[NH:10]([H])C([H])/C(C)=C([C:20](OCC)=[O:21])/[H] 21=20;20,10=10"
"[H][O:10]C(C9=CC=CC=C9)C(C)C(C)[NH][C:20]([O]CC)=[NH+:21]CC.[Cl-]>>[Cl-].[H][O+:10](C(C9=CC=CC=C9)C(C)C(C)[NH]1)[C:20]1([NH:21]CC)[O]CC 10=20;20,21=21"
"C[NH+:21]=[C:20]2[NH]C(CC)C([H])[NH]2.[H][O:10][H].[Cl-]>>[Cl-].[H][O+:10]([H])[C:20]1([NH:21]C)[NH]C(CC)C([H])[NH]1 10=20;20,21=21"
"[O:10]([K])C(C)C(C)C([H])C([H])[C:20](OC)=[O:21]>>[O-:21][C:20]1(OC)C([H])C([H])C(C)C(C)[O+:10]1([K]) 10=20;20,21=21"
"[H][NH+:10](C(CC)C(C8=CC=CC=C8)[NH]1)[C:20]1([NH:21][H])[NH]C.[Cl-]>>[Cl-].[H][NH:10]C(CC)C(C8=CC=CC=C8)[NH][C:20]([NH]C)=[NH+:21][H] 21=20;20,10=10"
"C6=CC=CC=C6[NH+:21]=[C:20]2[O][CH]([H])[CH](C)C([H])[NH]2.[H][O:10][H].[Cl-]>>[Cl-].[H][O+:10]([H])[C:20]1([NH:21]C6=CC=CC=C6)[O][CH]([H])C(C)[CH]([H])[NH]1 10=20;20,21=21"
"CN([C:20]([O-:10])(O[H])[O:21]CC)C1=CC=CC=C1>>CN([C:20](=[O:10])O[H])C1=CC=CC=C1.[O-:21]CC 10=20;20,21=21"
"CN([C:20](=[O:10])OC(C(C([O-:21])C1=CC=CC=C1)C)C)[H]>>CN([C:20]1(OC(C(C([O:21]1)C1=CC=CC=C1)C)C)[O-:10])[H] 21=20;20,10=10"
"[H][O:10]C(C9=CC=CC=C9)C([H])C(C)[S][C:20]([S]C)=[O+:21]C.[Cl-]>>[Cl-].[H][O+:10](C(C9=CC=CC=C9)C([H])C(C)[S]1)[C:20]1([O:21]C)[S]C 10=20;20,21=21"
"C6=CC=CC=C6[NH+:21]=[C:20]2[NH]C(C7=CC=CC=C7)C(C8=CC=CC=C8)[O]2.C9=CC=CC=C9[O:10][H].[Cl-]>>[Cl-].C9=CC=CC=C9[O+:10]([H])[C:20]1([NH:21]C6=CC=CC=C6)[NH]C(C7=CC=CC=C7)C(C8=CC=CC=C8)[O]1 10=20;20,21=21"
"[H][O+:10](C(CC)C(C)C(CC)[O]1)[C:20]1([NH:21][H])[NH]C7=CC=CC=C7.[Cl-]>>[Cl-].[H][O:10]C(CC)C(C)C(CC)[O][C:20]([NH]C7=CC=CC=C7)=[NH+:21][H] 21=20;20,10=10"
"[OH:10]C(C1=C(C([CH:20](C)=[OH+:21])[H])C=CC=C1)C>>[OH:21][CH:20]2(C)C(C3=C(C([OH+:10]2)C)C=CC=C3)[H] 10=20;20,21=21"
"[H][NH+:21]=[C:20]2[O][CH]([H])[CH](C)C(CC)[O]2.CC[O:10][H].[Cl-]>>[Cl-].CC[O+:10]([H])[C:20]1([NH:21][H])[O][CH]([H])C(C)[CH](CC)[O]1 10=20;20,21=21"
"C[O:10][H].CC[NH+:21]=[C:20]([NH]CC)[O]CC.[Cl-]>>[Cl-].C[O+:10]([H])[C:20]([NH:21]CC)([NH]CC)[O]CC 10=20;20,21=21"
"C[NH+:10]([H])[C:20]1([NH:21]C6=CC=CC=C6)[NH][CH]([H])C([H])[CH](CC)[NH]1.[Cl-]>>[Cl-].C6=CC=CC=C6[NH+:21]=[C:20]2[NH][CH]([H])[CH]([H])C(CC)[NH]2.C[NH:10][H] 21=20;20,10=10"
"[H][S+:10](C([H])C(C)C(C8=CC=CC=C8)[O]1)[C:20]1([O:21]C)[O][H].[Cl-]>>[Cl-].[H][S:10]C([H])C(C)C(C8=CC=CC=C8)[O][C:20]([O][H])=[O+:21]C 21=20;20,10=10"
"[H][O:10]C(C)C([H])[S][C:20]([O]C7=CC=CC=C7)=[O+:21]C.[Cl-]>>[Cl-].[H][O+:10](C(C)C([H])[S]1)[C:20]1([O:21]C)[O]C7=CC=CC=C7 10=20;20,21=21"
"[H][S+:10](C(CC)C(C)C(C)[S]1)[C:20]1([O:21]C)[O]CC.[Cl-]>>[Cl-].[H][S:10]C(CC)C(C)C(C)[S][C:20]([O]CC)=[O+:21]C 21=20;20,10=10"
"CC[NH+:10]([H])[C:20]1([NH:21]CC)[NH][CH](CC)C(C)[CH](C8=CC=CC=C8)[NH]1.[Cl-]>>[Cl-].CC[NH+:21]=[C:20]2[NH][CH](CC)[CH](C)C(C8=CC=CC=C8)[NH]2.CC[NH:10][H] 21=20;20,10=10"
"CC1C(C(O[C:20](=[O:10])N1[H])CC)CC.[O-:21]CC>>CC1C(C(O[C:20](N1[H])([O-:10])[O:21]CC)CC)CC 21=20;20,10=10"
"[H][NH+:21]=[C:20]2[NH]C(C7=CC=CC=C7)C(C)[O]2.C9=CC=CC=C9[NH:10][H].[Cl-]>>[Cl-].C9=CC=CC=C9[NH+:10]([H])[C:20]1([NH:21][H])[NH]C(C7=CC=CC=C7)C(C)[O]1 10=20;20,21=21"
"[H][O:10]C(CC)C(CC)[S][C:20]([S]C7=CC=CC=C7)=[O+:21][H].[Cl-]>>[Cl-].[H][O+:10](C(CC)C(CC)[S]1)[C:20]1([O:21][H])[S]C7=CC=CC=C7 10=20;20,21=21"
"C[O+:21]=[C:20]2[S][CH](C)[CH]([H])C([H])[O]2.CC[S:10][H].[Cl-]>>[Cl-].CC[S+:10]([H])[C:20]1([O:21]C)[S][CH](C)C([H])[CH]([H])[O]1 10=20;20,21=21"
"CN([C:20]1(OC(C([O:21]1)C)C)[O-:10])C1=CC=CC=C1>>CN([C:20](=[O:10])OC(C([O-:21])C)C)C1=CC=CC=C1 10=20;20,21=21"
"[H][S+:10](C([H])C(C8=CC=CC=C8)[S]1)[C:20]1([O:21]C)[S]C7=CC=CC=C7.[Cl-]>>[Cl-].[H][S:10]C([H])C(C8=CC=CC=C8)[S][C:20]([S]C7=CC=CC=C7)=[O+:21]C 21=20;20,10=10"
"[H][O:10]C(C)C(C)C(CC)[O][C:20]([O][H])=[O+:21][H].[Cl-]>>[Cl-].[H][O+:10](C(C)C(C)C(CC)[O]1)[C:20]1([O:21][H])[O][H] 10=20;20,21=21"
"[H]C1C(C(O[C:20](=[O:10])N1CCCCCC)[H])CCCCCC.[O-:21]CCCCCC>>[H]C1C(C(O[C:20](N1CCCCCC)([O-:10])[O:21]CCCCCC)[H])CCCCCC 21=20;20,10=10"
"[H][S:10]C(C)C(C8=CC=CC=C8)[S][C:20]([O]CC)=[O+:21][Si](C)(C)(C).[Cl-]>>[Cl-].[H][S+:10](C(C)C(C8=CC=CC=C8)[S]1)[C:20]1([O:21][Si](C)(C)(C))[O]CC 10=20;20,21=21"
"[H][O:10]C(C)C(C8=CC=CC=C8)[O][C:20]([O]C)=[O+:21][H].[Cl-]>>[Cl-].[H][O+:10](C(C)C(C8=CC=CC=C8)[O]1)[C:20]1([O:21][H])[O]C 10=20;20,21=21"
"[H]C1C(C(O[C:20](=[O:10])N1CC)C)[H].[O-:21]C1=CC=CC=C1>>[H]C1C(C(O[C:20](N1CC)([O-:10])[O:21]C1=CC=CC=C1)C)[H] 21=20;20,10=10"
"[H][S:10]C(CC)C(CC)[S][C:20]([O]C7=CC=CC=C7)=[O+:21][Si](C)(C)(C).[Cl-]>>[Cl-].[H][S+:10](C(CC)C(CC)[S]1)[C:20]1([O:21][Si](C)(C)(C))[O]C7=CC=CC=C7 10=20;20,21=21"
"CC[NH+:21]=[C:20]2[O][CH](CC)[CH]([H])C(C)[O]2.CC[O:10][H].[Cl-]>>[Cl-].CC[O+:10]([H])[C:20]1([NH:21]CC)[O][CH](CC)C([H])[CH](C)[O]1 10=20;20,21=21"
"CC1C(C(O[C:20](=[O:10])N1CC)CC)CC.[O-:21]C>>CC1C(C(O[C:20](N1CC)([O-:10])[O:21]C)CC)CC 21=20;20,10=10"
"[Li][O:21]CC.[C:20](=[O:10])(OCC)OCC>>[Li][O+:21]([C:20]([O-:10])(OCC)OCC)CC 21=20;20,10=10"
"C9=CC=CC=C9[S+:10]([H])[C:20]([O:21]C)([O]C8=CC=CC=C8)[S]C7=CC=CC=C7.[Cl-]>>[Cl-].C9=CC=CC=C9[S:10][H].C[O+:21]=[C:20]([O]C8=CC=CC=C8)[S]C7=CC=CC=C7 21=20;20,10=10"
"[H][O+:21]=[C:20]2[S][CH](C7=CC=CC=C7)[CH](C)C(C)[S]2.C[S:10][H].[Cl-]>>[Cl-].C[S+:10]([H])[C:20]1([O:21][H])[S][CH](C7=CC=CC=C7)C(C)[CH](C)[S]1 10=20;20,21=21"
"CN([C:20](=[O:10])OC)[H].[O-:21]CC>>CN([C:20]([O-:10])(OC)[O:21]CC)[H] 21=20;20,10=10"
"[H][O+:10]([H])[C:20]([O:21]C)([O]C8=CC=CC=C8)[O]C7=CC=CC=C7.[Cl-]>>[Cl-].[H][O:10][H].C[O+:21]=[C:20]([O]C8=CC=CC=C8)[O]C7=CC=CC=C7 21=20;20,10=10"
"[NH:10](C)C([H])C(C)/C(C)=C(C)\[C:20](C)=[O:21]>>[O-:21][C:20]1(C)C(C)=C(C)C(C)C([H])[NH+:10]1(C) 10=20;20,21=21"
"[H][O+:21]=[C:20]2[O][CH](C7=CC=CC=C7)[CH]([H])C(CC)[O]2.C[O:10][H].[Cl-]>>[Cl-].C[O+:10]([H])[C:20]1([O:21][H])[O][CH](C7=CC=CC=C7)C([H])[CH](CC)[O]1 10=20;20,21=21"
"CCCCCCN([C:20]1(OC(C([O:21]1)[H])C)[O-:10])CCCCCC>>CCCCCCN([C:20](=[O:10])OC(C([O-:21])[H])C)CCCCCC 10=20;20,21=21"
"[Si](C)(C)(C)[O+:21]=[C:20]2[S]C([H])C(C)[S]2.CC[S:10][H].[Cl-]>>[Cl-].CC[S+:10]([H])[C:20]1([O:21][Si](C)(C)(C))[S]C([H])C(C)[S]1 10=20;20,21=21"
"[H][O:10]C(C9=CC=CC=C9)C(C)C(CC)[NH][C:20]([O]C7=CC=CC=C7)=[NH+:21]C6=CC=CC=C6.[Cl-]>>[Cl-].[H][O+:10](C(C9=CC=CC=C9)C(C)C(CC)[NH]1)[C:20]1([NH:21]C6=CC=CC=C6)[O]C7=CC=CC=C7 10=20;20,21=21"
"[H][O:10]C(C)C(C)C(C8=CC=CC=C8)[NH][C:20]([O]CC)=[NH+:21][H].[Cl-]>>[Cl-].[H][O+:10](C(C)C(C)C(C8=CC=CC=C8)[NH]1)[C:20]1([NH:21][H])[O]CC 10=20;20,21=21"
"CC[NH+:21]=[C:20]2[O][CH](C7=CC=CC=C7)[CH]([H])C(CC)[O]2.C[O:10][H].[Cl-]>>[Cl-].C[O+:10]([H])[C:20]1([NH:21]CC)[O][CH](C7=CC=CC=C7)C([H])[CH](CC)[O]1 10=20;20,21=21"
"[H][NH:10]C(C9=CC=CC=C9)C(C)C(CC)[O][C:20]([O]CC)=[NH+:21]CC.[Cl-]>>[Cl-].[H][NH+:10](C(C9=CC=CC=C9)C(C)C(CC)[O]1)[C:20]1([NH:21]CC)[O]CC 10=20;20,21=21"
"CCCCCC[NH:10]C.C1CC(=O)N(C1=O)O[C:20](=[O:21])CCCCCC>>CCCCCC[NH+:10]([C:20]([O-:21])(ON1C(=O)CCC1=O)CCCCCC)C 10=20;20,21=21"
"C9=CC=CC=C9[NH+:10]([H])[C:20]1([NH:21][H])[NH]C(CC)C(CC)[O]1.[Cl-]>>[Cl-].[H][NH+:21]=[C:20]2[NH]C(CC)C(CC)[O]2.C9=CC=CC=C9[NH:10][H] 21=20;20,10=10"
"CCC1C(C(O[C:20](=[O:10])N1[H])C)C.[O-:21]CCCCCC>>CCC1C(C(O[C:20](N1[H])([O-:10])[O:21]CCCCCC)C)C 21=20;20,10=10"
"[OH:21][CH:20]2([H])C(C3=C(C([OH+:10]2)C)C=CC=C3)O>>[OH:10]C(C1=C(C([CH:20]([H])=[OH+:21])O)C=CC=C1)C 21=20;20,10=10"
"C[NH:10][H].C[NH+:21]=[C:20]([O]C)[NH]C7=CC=CC=C7.[Cl-]>>[Cl-].C[NH+:10]([H])[C:20]([NH:21]C)([O]C)[NH]C7=CC=CC=C7 10=20;20,21=21"
"[H]N([C:20](=[O:10])OC(C(C([O-:21])C1=CC=CC=C1)CCCCCC)C)C1=CC=CC=C1>>[H]N([C:20]1(OC(C(C([O:21]1)C1=CC=CC=C1)CCCCCC)C)[O-:10])C1=CC=CC=C1 21=20;20,10=10"
"[O:10]([Na])C(C)/C(C)=C(C)\C([H])[C:20](OC)=[O:21]>>[O-:21][C:20]1(OC)C([H])C(C)=C(C)C(C)[O+:10]1([Na]) 10=20;20,21=21"
"[O-:21][C:20]1(C)C(C)C(O)C(O)C(C)[NH+:10]1([H])>>[NH:10]([H])C(C)C(O)C(O)C(C)[C:20](C)=[O:21] 21=20;20,10=10"
"CCCCCCN([C:20](=[O:10])OC(C([O-:21])CCCCCC)CCCCCC)C1=CC=CC=C1>>CCCCCCN([C:20]1(OC(C([O:21]1)CCCCCC)CCCCCC)[O-:10])C1=CC=CC=C1 21=20;20,10=10"
"[O:10]([Na])C(CCC)C([H])C([H])C(C)[C:20](C)=[O:21]>>[O-:21][C:20]1(C)C(C)C([H])C([H])C(CCC)[O+:10]1([Na]) 10=20;20,21=21"
"[H][NH+:10]([H])[C:20]1([NH:21]C)[O][CH]([H])C([H])[CH](CC)[O]1.[Cl-]>>[Cl-].C[NH+:21]=[C:20]2[O][CH]([H])[CH]([H])C(CC)[O]2.[H][NH:10][H] 21=20;20,10=10"
"[O-:21][C:20]1([H])C(O)C(C)C(C)C(CC)[O:10]1>>[O-:10]C(CC)C(C)C(C)C(O)[C:20]([H])=[O:21] 21=20;20,10=10"
"CC[O+:10]([H])[C:20]1([NH:21]C)[O][CH](CC)C([H])[CH](CC)[NH]1.[Cl-]>>[Cl-].C[NH+:21]=[C:20]2[O][CH](CC)[CH]([H])C(CC)[NH]2.CC[O:10][H] 21=20;20,10=10"
"[Si](C)(C)(C)[O+:21]=[C:20]2[O]C(CC)C(C8=CC=CC=C8)[O]2.CC[O:10][H].[Cl-]>>[Cl-].CC[O+:10]([H])[C:20]1([O:21][Si](C)(C)(C))[O]C(CC)C(C8=CC=CC=C8)[O]1 10=20;20,21=21"
"CCCCCCC1C(C(O[C:20](N1[H])([O-:10])[O:21]CCCCCC)CCCCCC)C>>CCCCCCC1C(C(O[C:20](=[O:10])N1[H])CCCCCC)C.[O-:21]CCCCCC 10=20;20,21=21"
"[O:21]=[C:20](O[H])O[H].[O-:10]CC>>CC[O:10][C:20]([O-:21])(O[H])O[H] 10=20;20,21=21"
"[O-:21][CH:20]2(OCC)C(C3=C(C([NH+:10]2(C))C)C=CC=C3)O>>[NH:10](C)C(C1=C(C([CH:20](OCC)=[O:21])O)C=CC=C1)C 21=20;20,10=10"
"[H][NH:10]C(C9=CC=CC=C9)C([H])C([H])[NH][C:20]([NH]C7=CC=CC=C7)=[NH+:21]C.[Cl-]>>[Cl-].[H][NH+:10](C(C9=CC=CC=C9)C([H])C([H])[NH]1)[C:20]1([NH:21]C)[NH]C7=CC=CC=C7 10=20;20,21=21"
"[H][NH+:21]=[C:20]2[O][CH]([H])[CH]([H])C(C8=CC=CC=C8)[O]2.CC[O:10][H].[Cl-]>>[Cl-].CC[O+:10]([H])[C:20]1([NH:21][H])[O][CH]([H])C([H])[CH](C8=CC=CC=C8)[O]1 10=20;20,21=21"
"[H][O:10]C(C)C([H])C(C)[O][C:20]([O]CC)=[NH+:21]CC.[Cl-]>>[Cl-].[H][O+:10](C(C)C([H])C(C)[O]1)[C:20]1([NH:21]CC)[O]CC 10=20;20,21=21"
"[O:10]([K])C(C)C(C)/C(C)=C([H])\[C:20](OC)=[O:21]>>[O-:21][C:20]1(OC)C([H])=C(C)C(C)C(C)[O+:10]1([K]) 10=20;20,21=21"
"C1(C(O[C:20]([O-:10])([O:21]C1C)OC)CCCCCC)CCCCCC>>C(C([O-:21])C)(C(O[C:20](=[O:10])OC)CCCCCC)CCCCCC 10=20;20,21=21"
"[NH:10]([H])C(C(C1=C(C=CC=C1)[CH:20](OCC)=[O:21])O)C>>[O-:21][CH:20]2(OCC)C3=C(C(C([NH+:10]2([H]))C)O)C=CC=C3  10=20;20,21=21"
"C[O+:21]=[C:20]2[S][CH](C)[CH]([H])C(C)[O]2.[H][S:10][H].[Cl-]>>[Cl-].[H][S+:10]([H])[C:20]1([O:21]C)[S][CH](C)C([H])[CH](C)[O]1 10=20;20,21=21"
"CCN([C:20]([O-:10])(OCC)[O:21][H])CC>>CCN([C:20](=[O:10])OCC)CC.[O-:21][H] 10=20;20,21=21"
"[O-:21][C:20]1(OC)[O:10]C(CC)C([H])C1C>>[O-:10]C(CC)C([H])C([C:20](OC)=[O:21])C 21=20;20,10=10"
"[H][O+:10]([H])[C:20]1([NH:21]C)[NH]C(C)C([H])[O]1.[Cl-]>>[Cl-].C[NH+:21]=[C:20]2[NH]C(C)C([H])[O]2.[H][O:10][H] 21=20;20,10=10"
"[H][S:10]C(C)C(C8=CC=CC=C8)[S][C:20]([O]CC)=[O+:21][H].[Cl-]>>[Cl-].[H][S+:10](C(C)C(C8=CC=CC=C8)[S]1)[C:20]1([O:21][H])[O]CC 10=20;20,21=21"
"[H][NH:10]C([H])C([H])C(C)[O][C:20]([O]C7=CC=CC=C7)=[NH+:21][H].[Cl-]>>[Cl-].[H][NH+:10](C([H])C([H])C(C)[O]1)[C:20]1([NH:21][H])[O]C7=CC=CC=C7 10=20;20,21=21"
"[H][S+:10](C(C)C([H])C(CC)[O]1)[C:20]1([O:21][H])[O]CC.[Cl-]>>[Cl-].[H][S:10]C(C)C([H])C(CC)[O][C:20]([O]CC)=[O+:21][H] 21=20;20,10=10"
"C[NH+:10]([H])[C:20]([NH:21][H])([O]C8=CC=CC=C8)[NH]CC.[Cl-]>>[Cl-].C[NH:10][H].[H][NH+:21]=[C:20]([O]C8=CC=CC=C8)[NH]CC 21=20;20,10=10"
"[H][NH:10][H].CC[NH+:21]=[C:20]([NH]C8=CC=CC=C8)[O][H].[Cl-]>>[Cl-].[H][NH+:10]([H])[C:20]([NH:21]CC)([NH]C8=CC=CC=C8)[O][H] 10=20;20,21=21"
"CC[S:10][H].[Si](C)(C)(C)[O+:21]=[C:20]([S]CC)[S]CC.[Cl-]>>[Cl-].CC[S+:10]([H])[C:20]([O:21][Si](C)(C)(C))([S]CC)[S]CC 10=20;20,21=21"
"C[S+:10]([H])[C:20]1([O:21]C)[O][CH](C)C([H])[CH](CC)[S]1.[Cl-]>>[Cl-].C[O+:21]=[C:20]2[O][CH](C)[CH]([H])C(CC)[S]2.C[S:10][H] 21=20;20,10=10"
"[O-:21][C:20]1(OC)[NH+:10](C)C([H])C(C)C1C>>[NH:10](C)C([H])C(C)C([C:20](OC)=[O:21])C 21=20;20,10=10"
"[H][O+:21]=[C:20]2[O]C([H])C(CC)[O]2.C9=CC=CC=C9[S:10][H].[Cl-]>>[Cl-].C9=CC=CC=C9[S+:10]([H])[C:20]1([O:21][H])[O]C([H])C(CC)[O]1 10=20;20,21=21"
"[Li][O+:21]([C:20]([O-:10])(OCCCCCC)OC)CC>>[Li][O:21]CC.[C:20](=[O:10])(OCCCCCC)OC 10=20;20,21=21"
"[O:10]([Na])C([H])C([H])C([H])C(O)[C:20](C)=[O:21]>>[O-:21][C:20]1(C)C(O)C([H])C([H])C([H])[O+:10]1([Na]) 10=20;20,21=21"
"C9=CC=CC=C9[S+:10]([H])[C:20]1([O:21][H])[S][CH](C7=CC=CC=C7)C(C)[CH](C)[S]1.[Cl-]>>[Cl-].[H][O+:21]=[C:20]2[S][CH](C7=CC=CC=C7)[CH](C)C(C)[S]2.C9=CC=CC=C9[S:10][H] 21=20;20,10=10"
"CC[NH+:10]([H])[C:20]1([NH:21][H])[O]C(CC)C(C8=CC=CC=C8)[O]1.[Cl-]>>[Cl-].[H][NH+:21]=[C:20]2[O]C(CC)C(C8=CC=CC=C8)[O]2.CC[NH:10][H] 21=20;20,10=10"
"[H]C1C(C(O[C:20](=[O:10])N1C1=CC=CC=C1)CCCCCC)[H].[O-:21]CCCCCC>>[H]C1C(C(O[C:20](N1C1=CC=CC=C1)([O-:10])[O:21]CCCCCC)CCCCCC)[H] 21=20;20,10=10"
"C[NH+:10]([H])[C:20]1([NH:21]C)[O][CH](CC)C([H])[CH]([H])[NH]1.[Cl-]>>[Cl-].C[NH+:21]=[C:20]2[O][CH](CC)[CH]([H])C([H])[NH]2.C[NH:10][H] 21=20;20,10=10"
"[O-:21][C:20]1(OCC)C(O)C(C)C([H])C(C)[O+:10]1([K])>>[O:10]([K])C(C)C([H])C(C)C(O)[C:20](OCC)=[O:21] 21=20;20,10=10"
"[O:10]([Na])C(C)C(O)C([C:20](OCC)=[O:21])C>>[O-:21][C:20]1(OCC)[O+:10]([Na])C(C)C(O)C1C 10=20;20,21=21"
"C[NH:10][H].C6=CC=CC=C6[NH+:21]=[C:20]([O][H])[NH][H].[Cl-]>>[Cl-].C[NH+:10]([H])[C:20]([NH:21]C6=CC=CC=C6)([O][H])[NH][H] 10=20;20,21=21"
"C1=CC=CC=C1C1C(C(O[C:20](N1C1=CC=CC=C1)([O-:10])[O:21][H])[H])[H]>>C1=CC=CC=C1C1C(C(O[C:20](=[O:10])N1C1=CC=CC=C1)[H])[H].[O-:21][H] 10=20;20,21=21"
"[H][NH+:10](C(CC)C(C)C(CC)[NH]1)[C:20]1([NH:21][H])[O]C7=CC=CC=C7.[Cl-]>>[Cl-].[H][NH:10]C(CC)C(C)C(CC)[NH][C:20]([O]C7=CC=CC=C7)=[NH+:21][H] 21=20;20,10=10"
"[H][O:10]C(CC)C([H])C([H])[NH][C:20]([O]C7=CC=CC=C7)=[NH+:21]C.[Cl-]>>[Cl-].[H][O+:10](C(CC)C([H])C([H])[NH]1)[C:20]1([NH:21]C)[O]C7=CC=CC=C7 10=20;20,21=21"
"C[NH:10][H].C6=CC=CC=C6[NH+:21]=[C:20]([NH]C8=CC=CC=C8)[O][H].[Cl-]>>[Cl-].C[NH+:10]([H])[C:20]([NH:21]C6=CC=CC=C6)([NH]C8=CC=CC=C8)[O][H] 10=20;20,21=21"
"[H][NH+:10](C(C)C(C)[O]1)[C:20]1([NH:21][H])[NH]CC.[Cl-]>>[Cl-].[H][NH:10]C(C)C(C)[O][C:20]([NH]CC)=[NH+:21][H] 21=20;20,10=10"
"CCCCCCN([C:20](=[O:10])OC(C(C([O-:21])C1=CC=CC=C1)[H])CCCCCC)CC>>CCCCCCN([C:20]1(OC(C(C([O:21]1)C1=CC=CC=C1)[H])CCCCCC)[O-:10])CC 21=20;20,10=10"
"[Si](C)(C)(C)[O+:21]=[C:20]2[S]C([H])C(C8=CC=CC=C8)[S]2.C9=CC=CC=C9[S:10][H].[Cl-]>>[Cl-].C9=CC=CC=C9[S+:10]([H])[C:20]1([O:21][Si](C)(C)(C))[S]C([H])C(C8=CC=CC=C8)[S]1 10=20;20,21=21"
"[NH:10](C)C(CC)C([H])C([H])C(O)[C:20](OCC)=[O:21]>>[O-:21][C:20]1(OCC)C(O)C([H])C([H])C(CC)[NH+:10]1(C) 10=20;20,21=21"
"C1=CC=CC=C1N([C:20]1(OC(C([O:21]1)CCCCCC)[H])[O-:10])CCCCCC>>C1=CC=CC=C1N([C:20](=[O:10])OC(C([O-:21])CCCCCC)[H])CCCCCC 10=20;20,21=21"
"[O-:21][C:20]1(OC)C(C)=C([H])C([H])C([H])[O+:10]1([Na])>>[O:10]([Na])C([H])C([H])/C([H])=C(C)\[C:20](OC)=[O:21] 21=20;20,10=10"
"[H][O+:10](C(C)C(C8=CC=CC=C8)[O]1)[C:20]1([NH:21]C)[NH]CC.[Cl-]>>[Cl-].[H][O:10]C(C)C(C8=CC=CC=C8)[O][C:20]([NH]CC)=[NH+:21]C 21=20;20,10=10"
"CC1C(C(O[C:20](N1C1=CC=CC=C1)([O-:10])[O:21]CCCCCC)C)[H]>>CC1C(C(O[C:20](=[O:10])N1C1=CC=CC=C1)C)[H].[O-:21]CCCCCC 10=20;20,21=21"
"[H][O:10]C(C)C([H])C([H])[O][C:20]([S][H])=[O+:21][H].[Cl-]>>[Cl-].[H][O+:10](C(C)C([H])C([H])[O]1)[C:20]1([O:21][H])[S][H] 10=20;20,21=21"
"[H]N([C:20](=[O:10])OCCCCCC)C.[O-:21]C1=CC=CC=C1>>[H]N([C:20]([O-:10])(OCCCCCC)[O:21]C1=CC=CC=C1)C 21=20;20,10=10"
"[H][O+:21]=[C:20]2[O][CH](C7=CC=CC=C7)[CH](C)C(C8=CC=CC=C8)[S]2.CC[O:10][H].[Cl-]>>[Cl-].CC[O+:10]([H])[C:20]1([O:21][H])[O][CH](C7=CC=CC=C7)C(C)[CH](C8=CC=CC=C8)[S]1 10=20;20,21=21"
"C[O:10][H].C6=CC=CC=C6[NH+:21]=[C:20]([NH][H])[NH]C.[Cl-]>>[Cl-].C[O+:10]([H])[C:20]([NH:21]C6=CC=CC=C6)([NH][H])[NH]C 10=20;20,21=21"
"[H]C1C(C(O[C:20](=[O:10])N1CC)C)C.[O-:21]C1=CC=CC=C1>>[H]C1C(C(O[C:20](N1CC)([O-:10])[O:21]C1=CC=CC=C1)C)C 21=20;20,10=10"
"CC[NH+:10]([H])[C:20]1([NH:21]CC)[NH]C(C)C(CC)[O]1.[Cl-]>>[Cl-].CC[NH+:21]=[C:20]2[NH]C(C)C(CC)[O]2.CC[NH:10][H] 21=20;20,10=10"
"C1=CC=CC=C1C1C(C(O[C:20](=[O:10])N1CC)C)CCCCCC.[O-:21]C>>C1=CC=CC=C1C1C(C(O[C:20](N1CC)([O-:10])[O:21]C)C)CCCCCC 21=20;20,10=10"
"C[NH+:10]([H])[C:20]1([NH:21]C)[NH]C(C7=CC=CC=C7)C(C8=CC=CC=C8)[NH]1.[Cl-]>>[Cl-].C[NH+:21]=[C:20]2[NH]C(C7=CC=CC=C7)C(C8=CC=CC=C8)[NH]2.C[NH:10][H] 21=20;20,10=10"
"[O-:10]C(CC)/C([H])=C([H])\C([H])[C:20]([H])=[O:21]>>[O-:21][C:20]1([H])C([H])C([H])=C([H])C(CC)[O:10]1 10=20;20,21=21"
"C[O+:10]([H])[C:20]1([O:21]C)[S]C(C7=CC=CC=C7)C(CC)[S]1.[Cl-]>>[Cl-].C[O+:21]=[C:20]2[S]C(C7=CC=CC=C7)C(CC)[S]2.C[O:10][H] 21=20;20,10=10"
"[H][O:10]C(C)C(C)C(CC)[S][C:20]([O]CC)=[O+:21]C.[Cl-]>>[Cl-].[H][O+:10](C(C)C(C)C(CC)[S]1)[C:20]1([O:21]C)[O]CC 10=20;20,21=21"
"[H][O+:21]=[C:20]2[S][CH](C)[CH]([H])C(CC)[O]2.C9=CC=CC=C9[S:10][H].[Cl-]>>[Cl-].C9=CC=CC=C9[S+:10]([H])[C:20]1([O:21][H])[S][CH](C)C([H])[CH](CC)[O]1 10=20;20,21=21"
"C[O+:21]=[C:20]2[O][CH](C)[CH]([H])C(CC)[S]2.C[O:10][H].[Cl-]>>[Cl-].C[O+:10]([H])[C:20]1([O:21]C)[O][CH](C)C([H])[CH](CC)[S]1 10=20;20,21=21"
"[H][O+:10](C(CC)C(CC)[O]1)[C:20]1([O:21][H])[S][H].[Cl-]>>[Cl-].[H][O:10]C(CC)C(CC)[O][C:20]([S][H])=[O+:21][H] 21=20;20,10=10"
"C6=CC=CC=C6[NH+:21]=[C:20]2[O][CH](C7=CC=CC=C7)[CH](C)C([H])[NH]2.C[O:10][H].[Cl-]>>[Cl-].C[O+:10]([H])[C:20]1([NH:21]C6=CC=CC=C6)[O][CH](C7=CC=CC=C7)C(C)[CH]([H])[NH]1 10=20;20,21=21"
"[H][O+:10](C(C9=CC=CC=C9)C([H])[O]1)[C:20]1([O:21][Si](C)(C)(C))[O]C7=CC=CC=C7.[Cl-]>>[Cl-].[H][O:10]C(C9=CC=CC=C9)C([H])[O][C:20]([O]C7=CC=CC=C7)=[O+:21][Si](C)(C)(C) 21=20;20,10=10"
"[H][O:10][H].C[NH+:21]=[C:20]([O]C)[O]C.[Cl-]>>[Cl-].[H][O+:10]([H])[C:20]([NH:21]C)([O]C)[O]C 10=20;20,21=21"
"CC[NH+:10]([H])[C:20]1([NH:21]C)[NH][CH](CC)C([H])[CH]([H])[NH]1.[Cl-]>>[Cl-].C[NH+:21]=[C:20]2[NH][CH](CC)[CH]([H])C([H])[NH]2.CC[NH:10][H] 21=20;20,10=10"
"[H][NH+:10](C([H])C(C)C(C)[NH]1)[C:20]1([NH:21][H])[O][H].[Cl-]>>[Cl-].[H][NH:10]C([H])C(C)C(C)[NH][C:20]([O][H])=[NH+:21][H] 21=20;20,10=10"
"C[NH+:10]([H])[C:20]1([NH:21]CC)[NH][CH](C)C(C)[CH](C)[O]1.[Cl-]>>[Cl-].CC[NH+:21]=[C:20]2[NH][CH](C)[CH](C)C(C)[O]2.C[NH:10][H] 21=20;20,10=10"
"CC[O+:10]([H])[C:20]1([O:21][H])[O][CH](C7=CC=CC=C7)C([H])[CH](C)[O]1.[Cl-]>>[Cl-].[H][O+:21]=[C:20]2[O][CH](C7=CC=CC=C7)[CH]([H])C(C)[O]2.CC[O:10][H] 21=20;20,10=10"
"[H]N([C:20](=[O:10])OC(C(C([O-:21])CCCCCC)CCCCCC)CCCCCC)CC>>[H]N([C:20]1(OC(C(C([O:21]1)CCCCCC)CCCCCC)CCCCCC)[O-:10])CC 21=20;20,10=10"
"[H][O:10]C(CC)C(C)C(CC)[NH][C:20]([O][H])=[NH+:21]C.[Cl-]>>[Cl-].[H][O+:10](C(CC)C(C)C(CC)[NH]1)[C:20]1([NH:21]C)[O][H] 10=20;20,21=21"
"C9=CC=CC=C9[O+:10]([H])[C:20]([NH:21]CC)([NH]CC)[NH]C.[Cl-]>>[Cl-].C9=CC=CC=C9[O:10][H].CC[NH+:21]=[C:20]([NH]CC)[NH]C 21=20;20,10=10"
"C9=CC=CC=C9[O+:10]([H])[C:20]1([O:21]C)[O][CH]([H])C([H])[CH]([H])[S]1.[Cl-]>>[Cl-].C[O+:21]=[C:20]2[O][CH]([H])[CH]([H])C([H])[S]2.C9=CC=CC=C9[O:10][H] 21=20;20,10=10"
"[H][O+:10](C(CC)C(C)C(CC)[S]1)[C:20]1([O:21][H])[S]C.[Cl-]>>[Cl-].[H][O:10]C(CC)C(C)C(CC)[S][C:20]([S]C)=[O+:21][H] 21=20;20,10=10"
"[OH:21][C:20]1([H])[OH+:10]C([H])C([H])N1C>>[OH:10]C([H])C([H])N([C:20]([H])=[OH+:21])C 21=20;20,10=10"
"[H][NH+:10](C(C)C(C)C([H])[NH]1)[C:20]1([NH:21]CC)[NH][H].[Cl-]>>[Cl-].[H][NH:10]C(C)C(C)C([H])[NH][C:20]([NH][H])=[NH+:21]CC 21=20;20,10=10"
"[H][O+:10](C([H])C(C)C(CC)[O]1)[C:20]1([NH:21]CC)[NH]C7=CC=CC=C7.[Cl-]>>[Cl-].[H][O:10]C([H])C(C)C(CC)[O][C:20]([NH]C7=CC=CC=C7)=[NH+:21]CC 21=20;20,10=10"
"[H][S+:10](C(C)C([H])[O]1)[C:20]1([O:21]C)[S]CC.[Cl-]>>[Cl-].[H][S:10]C(C)C([H])[O][C:20]([S]CC)=[O+:21]C 21=20;20,10=10"
"[H][O+:10](C(CC)C(C8=CC=CC=C8)[NH]1)[C:20]1([NH:21]CC)[NH][H].[Cl-]>>[Cl-].[H][O:10]C(CC)C(C8=CC=CC=C8)[NH][C:20]([NH][H])=[NH+:21]CC 21=20;20,10=10"
"C[NH+:21]=[C:20]2[O][CH]([H])[CH]([H])C(C)[O]2.[H][O:10][H].[Cl-]>>[Cl-].[H][O+:10]([H])[C:20]1([NH:21]C)[O][CH]([H])C([H])[CH](C)[O]1 10=20;20,21=21"
"CN([C:20](=[O:10])OCC)C.[O-:21][H]>>CN([C:20]([O-:10])(OCC)[O:21][H])C 21=20;20,10=10"
"[H][O+:10](C(C9=CC=CC=C9)C(CC)[O]1)[C:20]1([O:21]C)[S][H].[Cl-]>>[Cl-].[H][O:10]C(C9=CC=CC=C9)C(CC)[O][C:20]([S][H])=[O+:21]C 21=20;20,10=10"
"C[O+:10]([H])[C:20]([NH:21][H])([NH]C)[O]C7=CC=CC=C7.[Cl-]>>[Cl-].C[O:10][H].[H][NH+:21]=[C:20]([NH]C)[O]C7=CC=CC=C7 21=20;20,10=10"
"CCCCCCN([C:20]1(OC(C(C([O:21]1)[H])[H])C)[O-:10])CC>>CCCCCCN([C:20](=[O:10])OC(C(C([O-:21])[H])[H])C)CC 10=20;20,21=21"
"C[S+:10]([H])[C:20]1([O:21][Si](C)(C)(C))[O]C(C)C([H])[S]1.[Cl-]>>[Cl-].[Si](C)(C)(C)[O+:21]=[C:20]2[O]C(C)C([H])[S]2.C[S:10][H] 21=20;20,10=10"
"[H][NH+:10](C(CC)C([H])C([H])[O]1)[C:20]1([NH:21]C)[O]C7=CC=CC=C7.[Cl-]>>[Cl-].[H][NH:10]C(CC)C([H])C([H])[O][C:20]([O]C7=CC=CC=C7)=[NH+:21]C 21=20;20,10=10"
"CCCCCCC1C(O[C:20](=[O:10])N1C1=CC=CC=C1)CCCCCC.[O-:21]C>>CCCCCCC1C(O[C:20](N1C1=CC=CC=C1)([O-:10])[O:21]C)CCCCCC 21=20;20,10=10"
"[H]N([C:20](=[O:10])OC)[H].[O-:21]C1=CC=CC=C1>>[H]N([C:20]([O-:10])(OC)[O:21]C1=CC=CC=C1)[H] 21=20;20,10=10"
"C[O+:21]=[C:20]2[O][CH](C)[CH](C)C([H])[O]2.C9=CC=CC=C9[O:10][H].[Cl-]>>[Cl-].C9=CC=CC=C9[O+:10]([H])[C:20]1([O:21]C)[O][CH](C)C(C)[CH]([H])[O]1 10=20;20,21=21"
"[H][O+:21]=[C:20]2[O]C([H])C(C8=CC=CC=C8)[S]2.C9=CC=CC=C9[O:10][H].[Cl-]>>[Cl-].C9=CC=CC=C9[O+:10]([H])[C:20]1([O:21][H])[O]C([H])C(C8=CC=CC=C8)[S]1 10=20;20,21=21"
"[H][O+:10](C(CC)C(C)[O]1)[C:20]1([NH:21]C6=CC=CC=C6)[O]C.[Cl-]>>[Cl-].[H][O:10]C(CC)C(C)[O][C:20]([O]C)=[NH+:21]C6=CC=CC=C6 21=20;20,10=10"
"[H][O:10]C(C)C([H])C(CC)[O][C:20]([NH]C)=[NH+:21]C.[Cl-]>>[Cl-].[H][O+:10](C(C)C([H])C(CC)[O]1)[C:20]1([NH:21]C)[NH]C 10=20;20,21=21"
"[O-:21][C:20]1(OC)C(O)C(C)C(O)C([H])[NH+:10]1(C)>>[NH:10](C)C([H])C(O)C(C)C(O)[C:20](OC)=[O:21] 21=20;20,10=10"
"[O-:10]C(CCC)C(C)C([H])C(O)[C:20](OC)=[O:21]>>[O-:21][C:20]1(OC)C(O)C([H])C(C)C(CCC)[O:10]1 10=20;20,21=21"
"CCC1C(C(O[C:20](N1CCCCCC)([O-:10])[O:21]C)C1=CC=CC=C1)CCCCCC>>CCC1C(C(O[C:20](=[O:10])N1CCCCCC)C1=CC=CC=C1)CCCCCC.[O-:21]C 10=20;20,21=21"
"CCCCCCN([C:20]1(OC(C([O:21]1)C1=CC=CC=C1)CC)[O-:10])C>>CCCCCCN([C:20](=[O:10])OC(C([O-:21])C1=CC=CC=C1)CC)C 10=20;20,21=21"
"CC[O+:10]([H])[C:20]1([O:21]C)[O]C([H])C(C8=CC=CC=C8)[S]1.[Cl-]>>[Cl-].C[O+:21]=[C:20]2[O]C([H])C(C8=CC=CC=C8)[S]2.CC[O:10][H] 21=20;20,10=10"
"[H][O:10]C(C9=CC=CC=C9)C([H])C(C8=CC=CC=C8)[O][C:20]([O][H])=[O+:21]C.[Cl-]>>[Cl-].[H][O+:10](C(C9=CC=CC=C9)C([H])C(C8=CC=CC=C8)[O]1)[C:20]1([O:21]C)[O][H] 10=20;20,21=21"
"[H][O:10]C(C)C(C)[NH][C:20]([NH][H])=[NH+:21]C6=CC=CC=C6.[Cl-]>>[Cl-].[H][O+:10](C(C)C(C)[NH]1)[C:20]1([NH:21]C6=CC=CC=C6)[NH][H] 10=20;20,21=21"
"[H]C1C(O[C:20](N1[H])([O-:10])[Cl:21])CCCCCC>>[H]C1C(O[C:20](=[O:10])N1[H])CCCCCC.[Cl-:21] 10=20;20,21=21"
"[H][S:10]C(C)C(C)[S][C:20]([S]C7=CC=CC=C7)=[O+:21][Si](C)(C)(C).[Cl-]>>[Cl-].[H][S+:10](C(C)C(C)[S]1)[C:20]1([O:21][Si](C)(C)(C))[S]C7=CC=CC=C7 10=20;20,21=21"
"CCCCCCC1C(C(O[C:20](=[O:10])N1[H])C)C.[O-:21]C1=CC=CC=C1>>CCCCCCC1C(C(O[C:20](N1[H])([O-:10])[O:21]C1=CC=CC=C1)C)C 21=20;20,10=10"
"[H][S+:10](C(C)C([H])C(C)[S]1)[C:20]1([O:21][H])[O]C.[Cl-]>>[Cl-].[H][S:10]C(C)C([H])C(C)[S][C:20]([O]C)=[O+:21][H] 21=20;20,10=10"
"[H][NH+:10](C(CC)C([H])C(CC)[O]1)[C:20]1([NH:21]CC)[NH]C.[Cl-]>>[Cl-].[H][NH:10]C(CC)C([H])C(CC)[O][C:20]([NH]C)=[NH+:21]CC 21=20;20,10=10"
"C6=CC=CC=C6[NH+:21]=[C:20]2[O][CH](C7=CC=CC=C7)[CH](C)C(C)[NH]2.[H][O:10][H].[Cl-]>>[Cl-].[H][O+:10]([H])[C:20]1([NH:21]C6=CC=CC=C6)[O][CH](C7=CC=CC=C7)C(C)[CH](C)[NH]1 10=20;20,21=21"
"[NH:10](C)C(CC)C(C)/C([H])=C(C)\[C:20]([H])=[O:21]>>[O-:21][C:20]1([H])C(C)=C([H])C(C)C(CC)[NH+:10]1(C) 10=20;20,21=21"
"[H]C1C(C(O[C:20](=[O:10])N1CCCCCC)C1=CC=CC=C1)[H].[O-:21]C1=CC=CC=C1>>[H]C1C(C(O[C:20](N1CCCCCC)([O-:10])[O:21]C1=CC=CC=C1)C1=CC=CC=C1)[H] 21=20;20,10=10"
"[O-:21][C:20]1(OC)C([H])=C([H])C([H])C(CC)[O:10]1>>[O-:10]C(CC)C([H])/C([H])=C([H])\[C:20](OC)=[O:21] 21=20;20,10=10"
"CC[NH+:10]([H])[C:20]([NH:21]C)([NH]C8=CC=CC=C8)[NH][H].[Cl-]>>[Cl-].CC[NH:10][H].C[NH+:21]=[C:20]([NH]C8=CC=CC=C8)[NH][H] 21=20;20,10=10"
"C[S+:10]([H])[C:20]1([O:21][H])[S]C(C)C([H])[S]1.[Cl-]>>[Cl-].[H][O+:21]=[C:20]2[S]C(C)C([H])[S]2.C[S:10][H] 21=20;20,10=10"
"CC[NH:10][H].[H][NH+:21]=[C:20]([NH]CC)[NH][H].[Cl-]>>[Cl-].CC[NH+:10]([H])[C:20]([NH:21][H])([NH]CC)[NH][H] 10=20;20,21=21"
"CC[NH+:10]([H])[C:20]1([NH:21]CC)[NH][CH]([H])C(C)[CH](CC)[O]1.[Cl-]>>[Cl-].CC[NH+:21]=[C:20]2[NH][CH]([H])[CH](C)C(CC)[O]2.CC[NH:10][H] 21=20;20,10=10"
"CCCCCCC1C(O[C:20](N1C)([O-:10])[O:21]C1=CC=CC=C1)CC>>CCCCCCC1C(O[C:20](=[O:10])N1C)CC.[O-:21]C1=CC=CC=C1 10=20;20,21=21"
"[H][S:10]C(C9=CC=CC=C9)C(C8=CC=CC=C8)[S][C:20]([S]CC)=[O+:21][Si](C)(C)(C).[Cl-]>>[Cl-].[H][S+:10](C(C9=CC=CC=C9)C(C8=CC=CC=C8)[S]1)[C:20]1([O:21][Si](C)(C)(C))[S]CC 10=20;20,21=21"
"[H][O+:10](C(C9=CC=CC=C9)C([H])[S]1)[C:20]1([O:21]C)[S][H].[Cl-]>>[Cl-].[H][O:10]C(C9=CC=CC=C9)C([H])[S][C:20]([S][H])=[O+:21]C 21=20;20,10=10"
"[O-:21][C:20]1(OCC)C([H])C(C)C(C)C(C)[NH+:10]1([H])>>[NH:10]([H])C(C)C(C)C(C)C([H])[C:20](OCC)=[O:21] 21=20;20,10=10"
"C9=CC=CC=C9[O+:10]([H])[C:20]([O:21]C)([O]CC)[O]CC.[Cl-]>>[Cl-].C9=CC=CC=C9[O:10][H].C[O+:21]=[C:20]([O]CC)[O]CC 21=20;20,10=10"
"[H][NH+:10](C(C)C(C)C(C)[O]1)[C:20]1([NH:21]C6=CC=CC=C6)[O][H].[Cl-]>>[Cl-].[H][NH:10]C(C)C(C)C(C)[O][C:20]([O][H])=[NH+:21]C6=CC=CC=C6 21=20;20,10=10"
"[H]C1C(C(O[C:20](=[O:10])N1C1=CC=CC=C1)[H])[H].[O-:21]C1=CC=CC=C1>>[H]C1C(C(O[C:20](N1C1=CC=CC=C1)([O-:10])[O:21]C1=CC=CC=C1)[H])[H] 21=20;20,10=10"
"[O-:10]C(CCC)C([H])C(O)C(O)[C:20](OC)=[O:21]>>[O-:21][C:20]1(OC)C(O)C(O)C([H])C(CCC)[O:10]1 10=20;20,21=21"
"[H][NH+:10](C([H])C([H])C(CC)[NH]1)[C:20]1([NH:21]C6=CC=CC=C6)[O]CC.[Cl-]>>[Cl-].[H][NH:10]C([H])C([H])C(CC)[NH][C:20]([O]CC)=[NH+:21]C6=CC=CC=C6 21=20;20,10=10"
"[H][NH:10]C(C9=CC=CC=C9)C(C8=CC=CC=C8)[NH][C:20]([NH]C7=CC=CC=C7)=[NH+:21][H].[Cl-]>>[Cl-].[H][NH+:10](C(C9=CC=CC=C9)C(C8=CC=CC=C8)[NH]1)[C:20]1([NH:21][H])[NH]C7=CC=CC=C7 10=20;20,21=21"
"C1(C([O:21][C:20](O1)([O-:10])OC)CCCCCC)[H]>>C(C(O[C:20](=[O:10])OC)[H])([O-:21])CCCCCC 10=20;20,21=21"
"[H][NH+:10](C(C9=CC=CC=C9)C(CC)[O]1)[C:20]1([NH:21]CC)[NH]CC.[Cl-]>>[Cl-].[H][NH:10]C(C9=CC=CC=C9)C(CC)[O][C:20]([NH]CC)=[NH+:21]CC 21=20;20,10=10"
"[H][O:10]C(CC)C([H])C(C8=CC=CC=C8)[O][C:20]([O]C7=CC=CC=C7)=[NH+:21]C.[Cl-]>>[Cl-].[H][O+:10](C(CC)C([H])C(C8=CC=CC=C8)[O]1)[C:20]1([NH:21]C)[O]C7=CC=CC=C7 10=20;20,21=21"
"CCC1C(C(O[C:20](=[O:10])N1C1=CC=CC=C1)CCCCCC)[H].[O-:21][H]>>CCC1C(C(O[C:20](N1C1=CC=CC=C1)([O-:10])[O:21][H])CCCCCC)[H] 21=20;20,10=10"
"[H][NH+:10](C([H])C([H])[O]1)[C:20]1([NH:21]CC)[O]C7=CC=CC=C7.[Cl-]>>[Cl-].[H][NH:10]C([H])C([H])[O][C:20]([O]C7=CC=CC=C7)=[NH+:21]CC 21=20;20,10=10"
"[H]C1C(O[C:20](N1C1=CC=CC=C1)([O-:10])[O:21]C)CC>>[H]C1C(O[C:20](=[O:10])N1C1=CC=CC=C1)CC.[O-:21]C 10=20;20,21=21"
"CC1C(O[C:20](=[O:10])N1CC)CCCCCC.[O-:21]C>>CC1C(O[C:20](N1CC)([O-:10])[O:21]C)CCCCCC 21=20;20,10=10"
"[H][NH:10]C([H])C(C)C(C)[NH][C:20]([NH]CC)=[NH+:21][H].[Cl-]>>[Cl-].[H][NH+:10](C([H])C(C)C(C)[NH]1)[C:20]1([NH:21][H])[NH]CC 10=20;20,21=21"
"CC1C(C(O[C:20](N1C)([O-:10])[O:21]C1=CC=CC=C1)CC)C>>CC1C(C(O[C:20](=[O:10])N1C)CC)C.[O-:21]C1=CC=CC=C1 10=20;20,21=21"
"[OH:21][C:20]2(C)C(C([H])C3=C([OH+:10]2)C=CC=C3)[H]>>[OH:10]C(C=CC=C1)=C1C([H])C([C:20](C)=[OH+:21])[H] 21=20;20,10=10"
"[H][S+:10](C(C9=CC=CC=C9)C(C)C([H])[O]1)[C:20]1([O:21]C)[O]C.[Cl-]>>[Cl-].[H][S:10]C(C9=CC=CC=C9)C(C)C([H])[O][C:20]([O]C)=[O+:21]C 21=20;20,10=10"
"C6=CC=CC=C6[NH+:21]=[C:20]2[NH][CH](C)[CH](C)C(C)[NH]2.C9=CC=CC=C9[NH:10][H].[Cl-]>>[Cl-].C9=CC=CC=C9[NH+:10]([H])[C:20]1([NH:21]C6=CC=CC=C6)[NH][CH](C)C(C)[CH](C)[NH]1 10=20;20,21=21"
"CCC1C(C(O[C:20](=[O:10])N1[H])C)C.[O-:21]C>>CCC1C(C(O[C:20](N1[H])([O-:10])[O:21]C)C)C 21=20;20,10=10"
"C1(C(O[C:20]([O-:10])([O:21]C1[H])O[H])[H])CC>>C(C([O-:21])[H])(C(O[C:20](=[O:10])O[H])[H])CC 10=20;20,21=21"
"[H]N([C:20](=[O:10])OC(C(C([O-:21])C1=CC=CC=C1)[H])CCCCCC)C1=CC=CC=C1>>[H]N([C:20]1(OC(C(C([O:21]1)C1=CC=CC=C1)[H])CCCCCC)[O-:10])C1=CC=CC=C1 21=20;20,10=10"
"C9=CC=CC=C9[S+:10]([H])[C:20]([O:21][Si](C)(C)(C))([S][H])[O]CC.[Cl-]>>[Cl-].C9=CC=CC=C9[S:10][H].[Si](C)(C)(C)[O+:21]=[C:20]([S][H])[O]CC 21=20;20,10=10"
"CC[NH+:10]([H])[C:20]1([NH:21]C)[NH][CH]([H])C(C)[CH](C8=CC=CC=C8)[NH]1.[Cl-]>>[Cl-].C[NH+:21]=[C:20]2[NH][CH]([H])[CH](C)C(C8=CC=CC=C8)[NH]2.CC[NH:10][H] 21=20;20,10=10"
"[H][NH+:10]([H])[C:20]1([NH:21]C)[O][CH](CC)C(C)[CH]([H])[O]1.[Cl-]>>[Cl-].C[NH+:21]=[C:20]2[O][CH](CC)[CH](C)C([H])[O]2.[H][NH:10][H] 21=20;20,10=10"
"C[S:10][H].[H][O+:21]=[C:20]([S]CC)[S]C7=CC=CC=C7.[Cl-]>>[Cl-].C[S+:10]([H])[C:20]([O:21][H])([S]CC)[S]C7=CC=CC=C7 10=20;20,21=21"
"C9=CC=CC=C9[O+:10]([H])[C:20]([O:21]C)([S]C)[O]C.[Cl-]>>[Cl-].C9=CC=CC=C9[O:10][H].C[O+:21]=[C:20]([S]C)[O]C 21=20;20,10=10"
"[H][NH:10]C(CC)C(C8=CC=CC=C8)[NH][C:20]([O]C)=[NH+:21]C.[Cl-]>>[Cl-].[H][NH+:10](C(CC)C(C8=CC=CC=C8)[NH]1)[C:20]1([NH:21]C)[O]C 10=20;20,21=21"
"[O-:21][C:20]1([H])C([H])C([H])C(C)C(C)[O:10]1>>[O-:10]C(C)C(C)C([H])C([H])[C:20]([H])=[O:21] 21=20;20,10=10"
"[H][O+:21]=[C:20]2[S]C(C)C(CC)[S]2.[H][O:10][H].[Cl-]>>[Cl-].[H][O+:10]([H])[C:20]1([O:21][H])[S]C(C)C(CC)[S]1 10=20;20,21=21"
"[H]N([C:20]1(OC(C(C([O:21]1)C1=CC=CC=C1)[H])CC)[O-:10])C>>[H]N([C:20](=[O:10])OC(C(C([O-:21])C1=CC=CC=C1)[H])CC)C 10=20;20,21=21"
"CN([C:20](=[O:10])OC1=CC=CC=C1)CC.[O-:21]CCCCCC>>CN([C:20]([O-:10])(OC1=CC=CC=C1)[O:21]CCCCCC)CC 21=20;20,10=10"
"C1(C([O:21][C:20](O1)([O-:10])O[H])CCCCCC)C1=CC=CC=C1>>C(C(O[C:20](=[O:10])O[H])C1=CC=CC=C1)([O-:21])CCCCCC 10=20;20,21=21"
"[H][NH+:10](C(CC)C([H])C([H])[O]1)[C:20]1([NH:21]C6=CC=CC=C6)[NH]C.[Cl-]>>[Cl-].[H][NH:10]C(CC)C([H])C([H])[O][C:20]([NH]C)=[NH+:21]C6=CC=CC=C6 21=20;20,10=10"
"C1=CC=CC=C1C1C(C(O[C:20](=[O:10])N1C1=CC=CC=C1)[H])[H].[O-:21]CCCCCC>>C1=CC=CC=C1C1C(C(O[C:20](N1C1=CC=CC=C1)([O-:10])[O:21]CCCCCC)[H])[H] 21=20;20,10=10"
"[O-:10]C1=C(C([H])[C:20](C)=[O:21])C=CC=C1>>[O-:21][C:20]2([O:10]C(C=CC=C3)=C3C2[H])C 10=20;20,21=21"
"C9=CC=CC=C9[O+:10]([H])[C:20]1([O:21]C)[O][CH](C7=CC=CC=C7)C(C)[CH](CC)[O]1.[Cl-]>>[Cl-].C[O+:21]=[C:20]2[O][CH](C7=CC=CC=C7)[CH](C)C(CC)[O]2.C9=CC=CC=C9[O:10][H] 21=20;20,10=10"
"[H][NH:10][H].C6=CC=CC=C6[NH+:21]=[C:20]([NH]CC)[NH][H].[Cl-]>>[Cl-].[H][NH+:10]([H])[C:20]([NH:21]C6=CC=CC=C6)([NH]CC)[NH][H] 10=20;20,21=21"
"C[O+:10]([H])[C:20]1([O:21]C)[O]C(CC)C([H])[O]1.[Cl-]>>[Cl-].C[O+:21]=[C:20]2[O]C(CC)C([H])[O]2.C[O:10][H] 21=20;20,10=10"
"CC[S:10][H].[Si](C)(C)(C)[O+:21]=[C:20]([O]C)[O]CC.[Cl-]>>[Cl-].CC[S+:10]([H])[C:20]([O:21][Si](C)(C)(C))([O]C)[O]CC 10=20;20,21=21"
"CC1C(O[C:20](=[O:10])N1CCCCCC)CC.[O-:21]C>>CC1C(O[C:20](N1CCCCCC)([O-:10])[O:21]C)CC 21=20;20,10=10"
"[OH:21][CH:20]2(OCC)C3=C(C(C([NH+:10]2([H]))[H])[H])C=CC=C3>>[NH:10]([H])C(C(C1=C(C=CC=C1)[CH:20](OCC)=[OH+:21])[H])[H]  21=20;20,10=10"
"[OH:10]C(CC)C(C)C([H])C(O)[C:20](OCC)=[OH+:21]>>[OH:21][C:20]1(OCC)C(O)C([H])C(C)C(CC)[OH+:10]1 10=20;20,21=21"
"[Si](C)(C)(C)[O+:21]=[C:20]2[S]C([H])C(CC)[O]2.C[O:10][H].[Cl-]>>[Cl-].C[O+:10]([H])[C:20]1([O:21][Si](C)(C)(C))[S]C([H])C(CC)[O]1 10=20;20,21=21"
"CC1C(C(O[C:20](N1CCCCCC)([O-:10])[O:21]C)CCCCCC)[H]>>CC1C(C(O[C:20](=[O:10])N1CCCCCC)CCCCCC)[H].[O-:21]C 10=20;20,21=21"
"C(C(O[C:20](=[O:10])OCCCCCC)C)([O-:21])C>>C1(C([O:21][C:20](O1)([O-:10])OCCCCCC)C)C 21=20;20,10=10"
"[H][O+:10](C(CC)C([H])[O]1)[C:20]1([NH:21]C6=CC=CC=C6)[O]C7=CC=CC=C7.[Cl-]>>[Cl-].[H][O:10]C(CC)C([H])[O][C:20]([O]C7=CC=CC=C7)=[NH+:21]C6=CC=CC=C6 21=20;20,10=10"
"[O:10]([Na])C(C)C(C)C([H])C(O)[C:20](C)=[O:21]>>[O-:21][C:20]1(C)C(O)C([H])C(C)C(C)[O+:10]1([Na]) 10=20;20,21=21"
"[H]N([C:20]1(OC(C(C([O:21]1)C)CC)C)[O-:10])CCCCCC>>[H]N([C:20](=[O:10])OC(C(C([O-:21])C)CC)C)CCCCCC 10=20;20,21=21"
"[H][O+:10](C(CC)C(CC)[O]1)[C:20]1([O:21][Si](C)(C)(C))[S]CC.[Cl-]>>[Cl-].[H][O:10]C(CC)C(CC)[O][C:20]([S]CC)=[O+:21][Si](C)(C)(C) 21=20;20,10=10"
"CC[NH+:21]=[C:20]2[O][CH]([H])[CH]([H])C([H])[O]2.C[O:10][H].[Cl-]>>[Cl-].C[O+:10]([H])[C:20]1([NH:21]CC)[O][CH]([H])C([H])[CH]([H])[O]1 10=20;20,21=21"
"CC[NH+:10]([H])[C:20]1([NH:21]C)[NH]C(C7=CC=CC=C7)C(C8=CC=CC=C8)[O]1.[Cl-]>>[Cl-].C[NH+:21]=[C:20]2[NH]C(C7=CC=CC=C7)C(C8=CC=CC=C8)[O]2.CC[NH:10][H] 21=20;20,10=10"
"C9=CC=CC=C9[O:10][H].C[O+:21]=[C:20]([S][H])[O][H].[Cl-]>>[Cl-].C9=CC=CC=C9[O+:10]([H])[C:20]([O:21]C)([S][H])[O][H] 10=20;20,21=21"
"[H][O+:10](C(CC)C(C)C(C)[O]1)[C:20]1([NH:21]C6=CC=CC=C6)[O][H].[Cl-]>>[Cl-].[H][O:10]C(CC)C(C)C(C)[O][C:20]([O][H])=[NH+:21]C6=CC=CC=C6 21=20;20,10=10"
"C[O:10][H].[H][O+:21]=[C:20]([S][H])[S][H].[Cl-]>>[Cl-].C[O+:10]([H])[C:20]([O:21][H])([S][H])[S][H] 10=20;20,21=21"
"[H][NH:10]C(C)C(C)C([H])[NH][C:20]([NH][H])=[NH+:21]CC.[Cl-]>>[Cl-].[H][NH+:10](C(C)C(C)C([H])[NH]1)[C:20]1([NH:21]CC)[NH][H] 10=20;20,21=21"
"C1=CC=CC=C1N([C:20](=[O:10])OC(C(C([O-:21])[H])CC)CC)CCCCCC>>C1=CC=CC=C1N([C:20]1(OC(C(C([O:21]1)[H])CC)CC)[O-:10])CCCCCC 21=20;20,10=10"
"[O:10]([Na])C(CCC)C(C)C([C:20](OCC)=[O:21])C>>[O-:21][C:20]1(OCC)[O+:10]([Na])C(CCC)C(C)C1C 10=20;20,21=21"
"CCC1C(O[C:20](N1C1=CC=CC=C1)([O-:10])[O:21][H])[H]>>CCC1C(O[C:20](=[O:10])N1C1=CC=CC=C1)[H].[O-:21][H] 10=20;20,21=21"
"C1=CC=CC=C1N([C:20](=[O:10])OC(C(C([O-:21])CC)CCCCCC)C1=CC=CC=C1)CC>>C1=CC=CC=C1N([C:20]1(OC(C(C([O:21]1)CC)CCCCCC)C1=CC=CC=C1)[O-:10])CC 21=20;20,10=10"
"[O-:21][C:20]1([H])[O:10]C(CCC)C(O)=C1O>>[O-:10]C(CCC)/C(O)=C([C:20]([H])=[O:21])/O 21=20;20,10=10"
"[H]N([C:20]1(OC(C(C([O:21]1)C)C)[H])[O-:10])[H]>>[H]N([C:20](=[O:10])OC(C(C([O-:21])C)C)[H])[H] 10=20;20,21=21"
"[K][O:21]C.[C:20](=[O:10])(OCC)OC1=CC=CC=C1>>[K][O+:21]([C:20]([O-:10])(OCC)OC1=CC=CC=C1)C 21=20;20,10=10"
"CCCCCCC1C(C(O[C:20](N1CCCCCC)([O-:10])[O:21]CCCCCC)CCCCCC)CCCCCC>>CCCCCCC1C(C(O[C:20](=[O:10])N1CCCCCC)CCCCCC)CCCCCC.[O-:21]CCCCCC 10=20;20,21=21"
"CN([C:20]1(OC(C(C([O:21]1)CC)[H])CC)[O-:10])[H]>>CN([C:20](=[O:10])OC(C(C([O-:21])CC)[H])CC)[H] 10=20;20,21=21"
"C9=CC=CC=C9[O+:10]([H])[C:20]1([O:21]C)[O][CH](C7=CC=CC=C7)C(C)[CH](CC)[S]1.[Cl-]>>[Cl-].C[O+:21]=[C:20]2[O][CH](C7=CC=CC=C7)[CH](C)C(CC)[S]2.C9=CC=CC=C9[O:10][H] 21=20;20,10=10"
"CC[O+:10]([H])[C:20]([NH:21]CC)([O]C8=CC=CC=C8)[NH]C.[Cl-]>>[Cl-].CC[O:10][H].CC[NH+:21]=[C:20]([O]C8=CC=CC=C8)[NH]C 21=20;20,10=10"
"[H][NH+:10](C([H])C(C8=CC=CC=C8)[O]1)[C:20]1([NH:21][H])[O][H].[Cl-]>>[Cl-].[H][NH:10]C([H])C(C8=CC=CC=C8)[O][C:20]([O][H])=[NH+:21][H] 21=20;20,10=10"
"C[NH+:10]([H])[C:20]1([NH:21]C)[O]C([H])C([H])[NH]1.[Cl-]>>[Cl-].C[NH+:21]=[C:20]2[O]C([H])C([H])[NH]2.C[NH:10][H] 21=20;20,10=10"
"[H][O+:10]([H])[C:20]1([NH:21][H])[NH][CH](C)C([H])[CH](C8=CC=CC=C8)[NH]1.[Cl-]>>[Cl-].[H][NH+:21]=[C:20]2[NH][CH](C)[CH]([H])C(C8=CC=CC=C8)[NH]2.[H][O:10][H] 21=20;20,10=10"
"C1=CC=CC=C1C1C(C(O[C:20](N1C)([O-:10])[O:21][H])CC)CC>>C1=CC=CC=C1C1C(C(O[C:20](=[O:10])N1C)CC)CC.[O-:21][H] 10=20;20,21=21"
"[H][NH:10]C(C9=CC=CC=C9)C(C8=CC=CC=C8)[NH][C:20]([NH]C7=CC=CC=C7)=[NH+:21]CC.[Cl-]>>[Cl-].[H][NH+:10](C(C9=CC=CC=C9)C(C8=CC=CC=C8)[NH]1)[C:20]1([NH:21]CC)[NH]C7=CC=CC=C7 10=20;20,21=21"
"[NH:10](C)C(CC)C([H])C(C)C(O)[C:20](C)=[O:21]>>[O-:21][C:20]1(C)C(O)C(C)C([H])C(CC)[NH+:10]1(C) 10=20;20,21=21"
"[H][NH:10]C(C9=CC=CC=C9)C(C)C(C8=CC=CC=C8)[O][C:20]([O][H])=[NH+:21]C.[Cl-]>>[Cl-].[H][NH+:10](C(C9=CC=CC=C9)C(C)C(C8=CC=CC=C8)[O]1)[C:20]1([NH:21]C)[O][H] 10=20;20,21=21"
"[O-:10]C(CC)/C(O)=C([C:20]([H])=[O:21])/[H]>>[O-:21][C:20]1([H])[O:10]C(CC)C(O)=C1[H] 10=20;20,21=21"
"CCN([C:20](=[O:10])OC(C(C([O-:21])CC)CC)C1=CC=CC=C1)[H]>>CCN([C:20]1(OC(C(C([O:21]1)CC)CC)C1=CC=CC=C1)[O-:10])[H] 21=20;20,10=10"
"[H][NH+:21]=[C:20]2[NH][CH](C7=CC=CC=C7)[CH](C)C(C)[O]2.[H][NH:10][H].[Cl-]>>[Cl-].[H][NH+:10]([H])[C:20]1([NH:21][H])[NH][CH](C7=CC=CC=C7)C(C)[CH](C)[O]1 10=20;20,21=21"
"[H][S+:10](C(CC)C(C8=CC=CC=C8)[O]1)[C:20]1([O:21]C)[S]CC.[Cl-]>>[Cl-].[H][S:10]C(CC)C(C8=CC=CC=C8)[O][C:20]([S]CC)=[O+:21]C 21=20;20,10=10"
"C[NH+:10]([H])[C:20]1([NH:21]C)[NH][CH](C)C(C)[CH](C8=CC=CC=C8)[NH]1.[Cl-]>>[Cl-].C[NH+:21]=[C:20]2[NH][CH](C)[CH](C)C(C8=CC=CC=C8)[NH]2.C[NH:10][H] 21=20;20,10=10"
"C[NH+:21]=[C:20]2[NH][CH](C)[CH](C)C([H])[O]2.CC[O:10][H].[Cl-]>>[Cl-].CC[O+:10]([H])[C:20]1([NH:21]C)[NH][CH](C)C(C)[CH]([H])[O]1 10=20;20,21=21"
"[H][NH:10]C(C)C(C)C(C8=CC=CC=C8)[O][C:20]([NH]C7=CC=CC=C7)=[NH+:21]C6=CC=CC=C6.[Cl-]>>[Cl-].[H][NH+:10](C(C)C(C)C(C8=CC=CC=C8)[O]1)[C:20]1([NH:21]C6=CC=CC=C6)[NH]C7=CC=CC=C7 10=20;20,21=21"
"C[S+:10]([H])[C:20]1([O:21][Si](C)(C)(C))[O]C(C)C(C8=CC=CC=C8)[O]1.[Cl-]>>[Cl-].[Si](C)(C)(C)[O+:21]=[C:20]2[O]C(C)C(C8=CC=CC=C8)[O]2.C[S:10][H] 21=20;20,10=10"
"CCC1C(O[C:20](=[O:10])N1C)C1=CC=CC=C1.[O-:21]C1=CC=CC=C1>>CCC1C(O[C:20](N1C)([O-:10])[O:21]C1=CC=CC=C1)C1=CC=CC=C1 21=20;20,10=10"
"C1(C(O[C:20]([O-:10])([O:21]C1CCCCCC)OCC)[H])[H]>>C(C([O-:21])CCCCCC)(C(O[C:20](=[O:10])OCC)[H])[H] 10=20;20,21=21"
"C[NH+:10]([H])[C:20]1([NH:21]C6=CC=CC=C6)[O][CH](C7=CC=CC=C7)C([H])[CH](C)[O]1.[Cl-]>>[Cl-].C6=CC=CC=C6[NH+:21]=[C:20]2[O][CH](C7=CC=CC=C7)[CH]([H])C(C)[O]2.C[NH:10][H] 21=20;20,10=10"
"CCC1C(C(O[C:20](=[O:10])N1C)C1=CC=CC=C1)[H].[O-:21]CC>>CCC1C(C(O[C:20](N1C)([O-:10])[O:21]CC)C1=CC=CC=C1)[H] 21=20;20,10=10"
"[H][NH+:10](C(C9=CC=CC=C9)C([H])C(C8=CC=CC=C8)[O]1)[C:20]1([NH:21]C6=CC=CC=C6)[O]CC.[Cl-]>>[Cl-].[H][NH:10]C(C9=CC=CC=C9)C([H])C(C8=CC=CC=C8)[O][C:20]([O]CC)=[NH+:21]C6=CC=CC=C6 21=20;20,10=10"
"[OH:21][CH:20]2(OC)C3=C(C(C([OH+:10]2)[H])[H])C=CC=C3>>[OH:10]C(C(C1=C(C=CC=C1)[CH:20](OC)=[OH+:21])[H])[H] 21=20;20,10=10"
"[H][NH+:10](C([H])C([H])C(C8=CC=CC=C8)[O]1)[C:20]1([NH:21]C6=CC=CC=C6)[NH]CC.[Cl-]>>[Cl-].[H][NH:10]C([H])C([H])C(C8=CC=CC=C8)[O][C:20]([NH]CC)=[NH+:21]C6=CC=CC=C6 21=20;20,10=10"
"[H]N([C:20]1(OC(C(C([O:21]1)C)[H])C)[O-:10])C>>[H]N([C:20](=[O:10])OC(C(C([O-:21])C)[H])C)C 10=20;20,21=21"
"[Si](C)(C)(C)[O+:21]=[C:20]2[S]C([H])C(C8=CC=CC=C8)[O]2.CC[O:10][H].[Cl-]>>[Cl-].CC[O+:10]([H])[C:20]1([O:21][Si](C)(C)(C))[S]C([H])C(C8=CC=CC=C8)[O]1 10=20;20,21=21"
"[H][O+:10]([H])[C:20]1([O:21][H])[O]C([H])C(C8=CC=CC=C8)[O]1.[Cl-]>>[Cl-].[H][O+:21]=[C:20]2[O]C([H])C(C8=CC=CC=C8)[O]2.[H][O:10][H] 21=20;20,10=10"
"C[NH+:21]=[C:20]2[NH][CH]([H])[CH](C)C(CC)[NH]2.CC[O:10][H].[Cl-]>>[Cl-].CC[O+:10]([H])[C:20]1([NH:21]C)[NH][CH]([H])C(C)[CH](CC)[NH]1 10=20;20,21=21"
"[O:10]([K])C(CCC)C([H])C(O)C(O)[C:20](C)=[O:21]>>[O-:21][C:20]1(C)C(O)C(O)C([H])C(CCC)[O+:10]1([K]) 10=20;20,21=21"
"CCC1C(C(O[C:20](=[O:10])N1CC)CC)C.[O-:21]CCCCCC>>CCC1C(C(O[C:20](N1CC)([O-:10])[O:21]CCCCCC)CC)C 21=20;20,10=10"
"CCCCCC[O+:10]([Na])[C:21]([O-:20])(OC1=CC=CC=C1)OCCCCCC>>[O:20]=[C:21](OC1=CC=CC=C1)OCCCCCC.CCCCCC[O:10][Na] 20=21;21,10=10"
"C1=CC=CC=C1C1C(C(O[C:20](=[O:10])N1CCCCCC)CC)CCCCCC.[O-:21][H]>>C1=CC=CC=C1C1C(C(O[C:20](N1CCCCCC)([O-:10])[O:21][H])CC)CCCCCC 21=20;20,10=10"
"[O-:21][C:20]1(OCC)C([H])C(C)C(C)C(C)[O+:10]1([K])>>[O:10]([K])C(C)C(C)C(C)C([H])[C:20](OCC)=[O:21] 21=20;20,10=10"
"C[O+:21]=[C:20]2[S][CH]([H])[CH](C)C([H])[S]2.CC[S:10][H].[Cl-]>>[Cl-].CC[S+:10]([H])[C:20]1([O:21]C)[S][CH]([H])C(C)[CH]([H])[S]1 10=20;20,21=21"
"[H][O+:10](C([H])C([H])C(C)[NH]1)[C:20]1([NH:21][H])[O][H].[Cl-]>>[Cl-].[H][O:10]C([H])C([H])C(C)[NH][C:20]([O][H])=[NH+:21][H] 21=20;20,10=10"
"[H]C1C(O[C:20](N1C)([O-:10])[O:21]CCCCCC)C1=CC=CC=C1>>[H]C1C(O[C:20](=[O:10])N1C)C1=CC=CC=C1.[O-:21]CCCCCC 10=20;20,21=21"
"C6=CC=CC=C6[NH+:21]=[C:20]2[O][CH]([H])[CH]([H])C([H])[O]2.C[NH:10][H].[Cl-]>>[Cl-].C[NH+:10]([H])[C:20]1([NH:21]C6=CC=CC=C6)[O][CH]([H])C([H])[CH]([H])[O]1 10=20;20,21=21"
"[H][S+:10]([H])[C:20]1([O:21][Si](C)(C)(C))[S]C([H])C(C8=CC=CC=C8)[S]1.[Cl-]>>[Cl-].[Si](C)(C)(C)[O+:21]=[C:20]2[S]C([H])C(C8=CC=CC=C8)[S]2.[H][S:10][H] 21=20;20,10=10"
"[H][O+:10](C(C)C([H])C(C)[O]1)[C:20]1([NH:21]C)[NH]CC.[Cl-]>>[Cl-].[H][O:10]C(C)C([H])C(C)[O][C:20]([NH]CC)=[NH+:21]C 21=20;20,10=10"
"[H]C1C(C(O[C:20](=[O:10])N1[H])C)CC.[O-:21]C>>[H]C1C(C(O[C:20](N1[H])([O-:10])[O:21]C)C)CC 21=20;20,10=10"
"[H][NH+:21]=[C:20]2[O][CH]([H])[CH](C)C(CC)[O]2.C9=CC=CC=C9[NH:10][H].[Cl-]>>[Cl-].C9=CC=CC=C9[NH+:10]([H])[C:20]1([NH:21][H])[O][CH]([H])C(C)[CH](CC)[O]1 10=20;20,21=21"
"[H][NH+:10]([H])[C:20]1([NH:21]CC)[O][CH](C)C(C)[CH](CC)[NH]1.[Cl-]>>[Cl-].CC[NH+:21]=[C:20]2[O][CH](C)[CH](C)C(CC)[NH]2.[H][NH:10][H] 21=20;20,10=10"
"[H][NH:10]C(C)C(C8=CC=CC=C8)[NH][C:20]([O]C7=CC=CC=C7)=[NH+:21]CC.[Cl-]>>[Cl-].[H][NH+:10](C(C)C(C8=CC=CC=C8)[NH]1)[C:20]1([NH:21]CC)[O]C7=CC=CC=C7 10=20;20,21=21"
"[O-:21][C:20]1(OCC)[O:10]C([H])C([H])C1O>>[O-:10]C([H])C([H])C([C:20](OCC)=[O:21])O 21=20;20,10=10"
"[H][O:10]C(C9=CC=CC=C9)C([H])C([H])[NH][C:20]([NH]CC)=[NH+:21]C6=CC=CC=C6.[Cl-]>>[Cl-].[H][O+:10](C(C9=CC=CC=C9)C([H])C([H])[NH]1)[C:20]1([NH:21]C6=CC=CC=C6)[NH]CC 10=20;20,21=21"
"CCC1C(C(O[C:20](N1C1=CC=CC=C1)([O-:10])[O:21]CCCCCC)C)CC>>CCC1C(C(O[C:20](=[O:10])N1C1=CC=CC=C1)C)CC.[O-:21]CCCCCC 10=20;20,21=21"
"[H][NH:10]C(C9=CC=CC=C9)C(C)[NH][C:20]([O]CC)=[NH+:21]C6=CC=CC=C6.[Cl-]>>[Cl-].[H][NH+:10](C(C9=CC=CC=C9)C(C)[NH]1)[C:20]1([NH:21]C6=CC=CC=C6)[O]CC 10=20;20,21=21"
"[Si](C)(C)(C)[O+:21]=[C:20]2[S]C(C7=CC=CC=C7)C(C8=CC=CC=C8)[S]2.[H][S:10][H].[Cl-]>>[Cl-].[H][S+:10]([H])[C:20]1([O:21][Si](C)(C)(C))[S]C(C7=CC=CC=C7)C(C8=CC=CC=C8)[S]1 10=20;20,21=21"
"[H][NH:10]C([H])C([H])C(C)[NH][C:20]([NH]C)=[NH+:21]C6=CC=CC=C6.[Cl-]>>[Cl-].[H][NH+:10](C([H])C([H])C(C)[NH]1)[C:20]1([NH:21]C6=CC=CC=C6)[NH]C 10=20;20,21=21"
"[H][O:10]C([H])C([H])C(C8=CC=CC=C8)[O][C:20]([S]C)=[O+:21][H].[Cl-]>>[Cl-].[H][O+:10](C([H])C([H])C(C8=CC=CC=C8)[O]1)[C:20]1([O:21][H])[S]C 10=20;20,21=21"
"CC[O+:10]([Na])[C:21]([O-:20])(OCC)O[H]>>[O:20]=[C:21](OCC)O[H].CC[O:10][Na] 20=21;21,10=10"
"[O-:21][C:20]1([H])[NH+:10]([H])C([H])C([H])=C1[H]>>[NH:10]([H])C([H])/C([H])=C([C:20]([H])=[O:21])/[H] 21=20;20,10=10"
"[O-:21][C:20]1(OCC)C(O)C(O)C(C)C(CCC)[O:10]1>>[O-:10]C(CCC)C(C)C(O)C(O)[C:20](OCC)=[O:21] 21=20;20,10=10"
"C[O:10][H].[H][NH+:21]=[C:20]([NH]C8=CC=CC=C8)[NH][H].[Cl-]>>[Cl-].C[O+:10]([H])[C:20]([NH:21][H])([NH]C8=CC=CC=C8)[NH][H] 10=20;20,21=21"
"CC[O+:10]([H])[C:20]([O:21]C)([S]C)[O]CC.[Cl-]>>[Cl-].CC[O:10][H].C[O+:21]=[C:20]([S]C)[O]CC 21=20;20,10=10"
"[H][S+:10]([H])[C:20]1([O:21][H])[O][CH](CC)C([H])[CH](C8=CC=CC=C8)[O]1.[Cl-]>>[Cl-].[H][O+:21]=[C:20]2[O][CH](CC)[CH]([H])C(C8=CC=CC=C8)[O]2.[H][S:10][H] 21=20;20,10=10"
"[O-:10]C([H])C(C)C(C)C(C)[C:20](C)=[O:21]>>[O-:21][C:20]1(C)C(C)C(C)C(C)C([H])[O:10]1 10=20;20,21=21"
"CC[O+:10]([H])[C:20]1([NH:21]CC)[O]C(C7=CC=CC=C7)C(CC)[NH]1.[Cl-]>>[Cl-].CC[NH+:21]=[C:20]2[O]C(C7=CC=CC=C7)C(CC)[NH]2.CC[O:10][H] 21=20;20,10=10"
"C[S+:10]([H])[C:20]([O:21][Si](C)(C)(C))([S]C)[O]C.[Cl-]>>[Cl-].C[S:10][H].[Si](C)(C)(C)[O+:21]=[C:20]([S]C)[O]C 21=20;20,10=10"
"[H][S:10]C(C9=CC=CC=C9)C(C)[S][C:20]([O][H])=[O+:21]C.[Cl-]>>[Cl-].[H][S+:10](C(C9=CC=CC=C9)C(C)[S]1)[C:20]1([O:21]C)[O][H] 10=20;20,21=21"
"[H][O:10]C(C9=CC=CC=C9)C(CC)[O][C:20]([O]C7=CC=CC=C7)=[NH+:21]C.[Cl-]>>[Cl-].[H][O+:10](C(C9=CC=CC=C9)C(CC)[O]1)[C:20]1([NH:21]C)[O]C7=CC=CC=C7 10=20;20,21=21"
"[O-:21][CH:20]2([H])C3=C(C(C([NH+:10]2(C))[H])O)C=CC=C3>>[NH:10](C)C(C(C1=C(C=CC=C1)[CH:20]([H])=[O:21])O)[H]  21=20;20,10=10"
"C(C([O-:21])CC)(C(O[C:20](=[O:10])OCCCCCC)C)C>>C1(C(O[C:20]([O-:10])([O:21]C1CC)OCCCCCC)C)C 21=20;20,10=10"
"CC[O:10][H].[H][O+:21]=[C:20]([S][H])[O][H].[Cl-]>>[Cl-].CC[O+:10]([H])[C:20]([O:21][H])([S][H])[O][H] 10=20;20,21=21"
"[NH:10]([H])C([H])C(C)C(C)C(O)[C:20](OCC)=[O:21]>>[O-:21][C:20]1(OCC)C(O)C(C)C(C)C([H])[NH+:10]1([H]) 10=20;20,21=21"
"CCCCCCN([C:20]([O-:10])(O[H])[O:21]C)C>>CCCCCCN([C:20](=[O:10])O[H])C.[O-:21]C 10=20;20,21=21"
"[H][NH:10]C(C9=CC=CC=C9)C([H])[NH][C:20]([O][H])=[NH+:21]C.[Cl-]>>[Cl-].[H][NH+:10](C(C9=CC=CC=C9)C([H])[NH]1)[C:20]1([NH:21]C)[O][H] 10=20;20,21=21"
"C9=CC=CC=C9[O:10][H].[H][NH+:21]=[C:20]([NH]C)[O]CC.[Cl-]>>[Cl-].C9=CC=CC=C9[O+:10]([H])[C:20]([NH:21][H])([NH]C)[O]CC 10=20;20,21=21"
"[H][O:10]C(C)C([H])[O][C:20]([O][H])=[O+:21][H].[Cl-]>>[Cl-].[H][O+:10](C(C)C([H])[O]1)[C:20]1([O:21][H])[O][H] 10=20;20,21=21"
"C9=CC=CC=C9[NH:10][H].C[NH+:21]=[C:20]([O]C)[O][H].[Cl-]>>[Cl-].C9=CC=CC=C9[NH+:10]([H])[C:20]([NH:21]C)([O]C)[O][H] 10=20;20,21=21"
"[H][NH+:10]([H])[C:20]1([NH:21][H])[O][CH]([H])C(C)[CH](CC)[O]1.[Cl-]>>[Cl-].[H][NH+:21]=[C:20]2[O][CH]([H])[CH](C)C(CC)[O]2.[H][NH:10][H] 21=20;20,10=10"
"CC[O+:10]([K])[C:21]([O-:20])(OC1=CC=CC=C1)OCC>>[O:20]=[C:21](OC1=CC=CC=C1)OCC.CC[O:10][K] 20=21;21,10=10"
"[H][NH+:21]=[C:20]2[NH]C([H])C(C8=CC=CC=C8)[O]2.C[NH:10][H].[Cl-]>>[Cl-].C[NH+:10]([H])[C:20]1([NH:21][H])[NH]C([H])C(C8=CC=CC=C8)[O]1 10=20;20,21=21"
"C6=CC=CC=C6[NH+:21]=[C:20]2[O]C(C)C([H])[NH]2.C9=CC=CC=C9[NH:10][H].[Cl-]>>[Cl-].C9=CC=CC=C9[NH+:10]([H])[C:20]1([NH:21]C6=CC=CC=C6)[O]C(C)C([H])[NH]1 10=20;20,21=21"
"[H][NH:10]C([H])C([H])C(C8=CC=CC=C8)[NH][C:20]([NH]C)=[NH+:21][H].[Cl-]>>[Cl-].[H][NH+:10](C([H])C([H])C(C8=CC=CC=C8)[NH]1)[C:20]1([NH:21][H])[NH]C 10=20;20,21=21"
"C9=CC=CC=C9[O+:10]([H])[C:20]1([NH:21]C6=CC=CC=C6)[O]C(C7=CC=CC=C7)C(C8=CC=CC=C8)[O]1.[Cl-]>>[Cl-].C6=CC=CC=C6[NH+:21]=[C:20]2[O]C(C7=CC=CC=C7)C(C8=CC=CC=C8)[O]2.C9=CC=CC=C9[O:10][H] 21=20;20,10=10"
"[O:10]([Na])C(C)C(C)C([C:20](C)=[O:21])[H]>>[O-:21][C:20]1(C)[O+:10]([Na])C(C)C(C)C1[H] 10=20;20,21=21"
"[H][NH:10]C(C)C([H])C(CC)[O][C:20]([O][H])=[NH+:21]C.[Cl-]>>[Cl-].[H][NH+:10](C(C)C([H])C(CC)[O]1)[C:20]1([NH:21]C)[O][H] 10=20;20,21=21"
"[O-:21][C:20]1(OCC)C([H])=C(C)C([H])C([H])[O:10]1>>[O-:10]C([H])C([H])/C(C)=C([H])\[C:20](OCC)=[O:21] 21=20;20,10=10"
"C9=CC=CC=C9[NH:10][H].[H][NH+:21]=[C:20]([NH][H])[NH]CC.[Cl-]>>[Cl-].C9=CC=CC=C9[NH+:10]([H])[C:20]([NH:21][H])([NH][H])[NH]CC 10=20;20,21=21"
"CCC1C(C(O[C:20](N1[H])([O-:10])[O:21]CCCCCC)C1=CC=CC=C1)C>>CCC1C(C(O[C:20](=[O:10])N1[H])C1=CC=CC=C1)C.[O-:21]CCCCCC 10=20;20,21=21"
"[O:10]([Na])C(C)C(C)N([C:20](OC)=[O:21])[H]>>[O-:21][C:20]1(OC)[O+:10]([Na])C(C)C(C)N1[H] 10=20;20,21=21"
"C9=CC=CC=C9[O+:10]([H])[C:20]1([NH:21][H])[NH][CH](CC)C([H])[CH]([H])[O]1.[Cl-]>>[Cl-].[H][NH+:21]=[C:20]2[NH][CH](CC)[CH]([H])C([H])[O]2.C9=CC=CC=C9[O:10][H] 21=20;20,10=10"
"[H][NH:10]C(C9=CC=CC=C9)C([H])[O][C:20]([NH][H])=[NH+:21][H].[Cl-]>>[Cl-].[H][NH+:10](C(C9=CC=CC=C9)C([H])[O]1)[C:20]1([NH:21][H])[NH][H] 10=20;20,21=21"
"CC[O+:10]([H])[C:20]1([O:21]C)[S]C(C7=CC=CC=C7)C(CC)[S]1.[Cl-]>>[Cl-].C[O+:21]=[C:20]2[S]C(C7=CC=CC=C7)C(CC)[S]2.CC[O:10][H] 21=20;20,10=10"
"C[O+:10]([H])[C:20]1([O:21][Si](C)(C)(C))[S]C([H])C(CC)[O]1.[Cl-]>>[Cl-].[Si](C)(C)(C)[O+:21]=[C:20]2[S]C([H])C(CC)[O]2.C[O:10][H] 21=20;20,10=10"
"CCC1C(C(O[C:20](=[O:10])N1[H])C1=CC=CC=C1)CC.[O-:21]C>>CCC1C(C(O[C:20](N1[H])([O-:10])[O:21]C)C1=CC=CC=C1)CC 21=20;20,10=10"
"CC[NH+:21]=[C:20]2[O][CH](C7=CC=CC=C7)[CH](C)C(CC)[O]2.C9=CC=CC=C9[O:10][H].[Cl-]>>[Cl-].C9=CC=CC=C9[O+:10]([H])[C:20]1([NH:21]CC)[O][CH](C7=CC=CC=C7)C(C)[CH](CC)[O]1 10=20;20,21=21"
"[H][NH+:10](C(C)C([H])[NH]1)[C:20]1([NH:21][H])[NH]CC.[Cl-]>>[Cl-].[H][NH:10]C(C)C([H])[NH][C:20]([NH]CC)=[NH+:21][H] 21=20;20,10=10"
"C[NH+:10]([H])[C:20]1([NH:21]C6=CC=CC=C6)[NH]C(CC)C([H])[O]1.[Cl-]>>[Cl-].C6=CC=CC=C6[NH+:21]=[C:20]2[NH]C(CC)C([H])[O]2.C[NH:10][H] 21=20;20,10=10"
"C9=CC=CC=C9[O+:10]([H])[C:20]1([NH:21][H])[O][CH](C7=CC=CC=C7)C(C)[CH](CC)[O]1.[Cl-]>>[Cl-].[H][NH+:21]=[C:20]2[O][CH](C7=CC=CC=C7)[CH](C)C(CC)[O]2.C9=CC=CC=C9[O:10][H] 21=20;20,10=10"
"[H][NH:10]C(C)C([H])[O][C:20]([O]C)=[NH+:21]C6=CC=CC=C6.[Cl-]>>[Cl-].[H][NH+:10](C(C)C([H])[O]1)[C:20]1([NH:21]C6=CC=CC=C6)[O]C 10=20;20,21=21"
"[O:10]([K])C(CCC)C(C)C(C)C(O)[C:20](OCC)=[O:21]>>[O-:21][C:20]1(OCC)C(O)C(C)C(C)C(CCC)[O+:10]1([K]) 10=20;20,21=21"
"[H][S:10]C(CC)C(C)C([H])[O][C:20]([S]C7=CC=CC=C7)=[O+:21][H].[Cl-]>>[Cl-].[H][S+:10](C(CC)C(C)C([H])[O]1)[C:20]1([O:21][H])[S]C7=CC=CC=C7 10=20;20,21=21"
"[H][O+:21]=[C:20]2[S]C([H])C(C8=CC=CC=C8)[S]2.C9=CC=CC=C9[O:10][H].[Cl-]>>[Cl-].C9=CC=CC=C9[O+:10]([H])[C:20]1([O:21][H])[S]C([H])C(C8=CC=CC=C8)[S]1 10=20;20,21=21"
"C1(C(O[C:20]([O-:10])([O:21]C1[H])O[H])[H])C1=CC=CC=C1>>C(C([O-:21])[H])(C(O[C:20](=[O:10])O[H])[H])C1=CC=CC=C1 10=20;20,21=21"
"[H]N([C:20](=[O:10])OC(C([O-:21])[H])[H])[H]>>[H]N([C:20]1(OC(C([O:21]1)[H])[H])[O-:10])[H] 21=20;20,10=10"
"[H]N([C:20]1(OC(C(C([O:21]1)C)C)C1=CC=CC=C1)[O-:10])[H]>>[H]N([C:20](=[O:10])OC(C(C([O-:21])C)C)C1=CC=CC=C1)[H] 10=20;20,21=21"
"C1=CC=CC=C1N([C:20](=[O:10])OC(C([O-:21])C1=CC=CC=C1)CCCCCC)CC>>C1=CC=CC=C1N([C:20]1(OC(C([O:21]1)C1=CC=CC=C1)CCCCCC)[O-:10])CC 21=20;20,10=10"
"[H][O:10]C(C9=CC=CC=C9)C(C)C(CC)[O][C:20]([O]C)=[O+:21][H].[Cl-]>>[Cl-].[H][O+:10](C(C9=CC=CC=C9)C(C)C(CC)[O]1)[C:20]1([O:21][H])[O]C 10=20;20,21=21"
"[H][O:10]C(CC)C(C)[S][C:20]([O][H])=[O+:21]C.[Cl-]>>[Cl-].[H][O+:10](C(CC)C(C)[S]1)[C:20]1([O:21]C)[O][H] 10=20;20,21=21"
"CCC1C(C(O[C:20](N1CCCCCC)([O-:10])[Cl:21])C)C1=CC=CC=C1>>CCC1C(C(O[C:20](=[O:10])N1CCCCCC)C)C1=CC=CC=C1.[Cl-:21] 10=20;20,21=21"
"C(C([O-:21])[H])(C(O[C:20](=[O:10])OCC)[H])CCCCCC>>C1(C(O[C:20]([O-:10])([O:21]C1[H])OCC)[H])CCCCCC 21=20;20,10=10"
"C9=CC=CC=C9[O+:10]([H])[C:20]([NH:21]C)([NH][H])[NH]C7=CC=CC=C7.[Cl-]>>[Cl-].C9=CC=CC=C9[O:10][H].C[NH+:21]=[C:20]([NH][H])[NH]C7=CC=CC=C7 21=20;20,10=10"
"CCCCCCN([C:20]1(OC(C([O:21]1)CC)[H])[O-:10])C>>CCCCCCN([C:20](=[O:10])OC(C([O-:21])CC)[H])C 10=20;20,21=21"
"[H][O:10]C([H])C([H])[O][C:20]([O]C)=[O+:21]C.[Cl-]>>[Cl-].[H][O+:10](C([H])C([H])[O]1)[C:20]1([O:21]C)[O]C 10=20;20,21=21"
"[NH:10]([H])C(C)C(C)/C(C)=C([H])\[C:20](OCC)=[O:21]>>[O-:21][C:20]1(OCC)C([H])=C(C)C(C)C(C)[NH+:10]1([H]) 10=20;20,21=21"
"CN([C:20]([O-:10])(O[H])[Cl:21])CC>>CN([C:20](=[O:10])O[H])CC.[Cl-:21] 10=20;20,21=21"
"[K][O:21]C.[C:20](=[O:10])(OCC)OCCCCCC>>[K][O+:21]([C:20]([O-:10])(OCC)OCCCCCC)C 21=20;20,10=10"
"C9=CC=CC=C9[NH+:10]([H])[C:20]1([NH:21][H])[O]C(CC)C(CC)[NH]1.[Cl-]>>[Cl-].[H][NH+:21]=[C:20]2[O]C(CC)C(CC)[NH]2.C9=CC=CC=C9[NH:10][H] 21=20;20,10=10"
"CCCCCCN([C:20]([O-:10])(O[H])[Cl:21])C1=CC=CC=C1>>CCCCCCN([C:20](=[O:10])O[H])C1=CC=CC=C1.[Cl-:21] 10=20;20,21=21"
"[H][NH:10]C([H])C(C)C(CC)[O][C:20]([O][H])=[NH+:21]CC.[Cl-]>>[Cl-].[H][NH+:10](C([H])C(C)C(CC)[O]1)[C:20]1([NH:21]CC)[O][H] 10=20;20,21=21"
"[O-:21][C:20]1(OCC)C(O)C(O)C(C)C(C)[O:10]1>>[O-:10]C(C)C(C)C(O)C(O)[C:20](OCC)=[O:21] 21=20;20,10=10"
"[H][O:10]C([H])C(C8=CC=CC=C8)[O][C:20]([O][H])=[O+:21][H].[Cl-]>>[Cl-].[H][O+:10](C([H])C(C8=CC=CC=C8)[O]1)[C:20]1([O:21][H])[O][H] 10=20;20,21=21"
"[O:10]([K])C(CCC)/C(O)=C([C:20](OC)=[O:21])/[H]>>[O-:21][C:20]1(OC)[O+:10]([K])C(CCC)C(O)=C1[H] 10=20;20,21=21"
"C1=CC=CC=C1N([C:20](=[O:10])OC(C([O-:21])C)[H])[H]>>C1=CC=CC=C1N([C:20]1(OC(C([O:21]1)C)[H])[O-:10])[H] 21=20;20,10=10"
"[NH:10]([H])C1=C(C(C)[C:20](OC)=[O:21])C=CC=C1>>[O-:21][C:20]2([NH+:10]([H])C(C=CC=C3)=C3C2C)OC 10=20;20,21=21"
"[H][O:10]C(CC)C(CC)[O][C:20]([S][H])=[O+:21]C.[Cl-]>>[Cl-].[H][O+:10](C(CC)C(CC)[O]1)[C:20]1([O:21]C)[S][H] 10=20;20,21=21"
"C6=CC=CC=C6[NH+:21]=[C:20]2[NH]C(CC)C([H])[NH]2.C[O:10][H].[Cl-]>>[Cl-].C[O+:10]([H])[C:20]1([NH:21]C6=CC=CC=C6)[NH]C(CC)C([H])[NH]1 10=20;20,21=21"
"[H][O+:10](C(CC)C([H])C([H])[O]1)[C:20]1([O:21]C)[O]C.[Cl-]>>[Cl-].[H][O:10]C(CC)C([H])C([H])[O][C:20]([O]C)=[O+:21]C 21=20;20,10=10"
"[H][O:10]C(C9=CC=CC=C9)C([H])[NH][C:20]([NH][H])=[NH+:21]C.[Cl-]>>[Cl-].[H][O+:10](C(C9=CC=CC=C9)C([H])[NH]1)[C:20]1([NH:21]C)[NH][H] 10=20;20,21=21"
"[H][S:10]C([H])C([H])C(C8=CC=CC=C8)[S][C:20]([O]CC)=[O+:21][H].[Cl-]>>[Cl-].[H][S+:10](C([H])C([H])C(C8=CC=CC=C8)[S]1)[C:20]1([O:21][H])[O]CC 10=20;20,21=21"
"C1=CC=CC=C1N([C:20]1(OC(C([O:21]1)C)C)[O-:10])C>>C1=CC=CC=C1N([C:20](=[O:10])OC(C([O-:21])C)C)C 10=20;20,21=21"
"C9=CC=CC=C9[NH+:10]([H])[C:20]([NH:21]CC)([O]C8=CC=CC=C8)[O]C.[Cl-]>>[Cl-].C9=CC=CC=C9[NH:10][H].CC[NH+:21]=[C:20]([O]C8=CC=CC=C8)[O]C 21=20;20,10=10"
"[H][O+:10](C(CC)C([H])[O]1)[C:20]1([O:21][H])[S][H].[Cl-]>>[Cl-].[H][O:10]C(CC)C([H])[O][C:20]([S][H])=[O+:21][H] 21=20;20,10=10"
"[OH:10]C(C=CC=C1)=C1C(C)C([C:20](OCC)=[OH+:21])O>>[OH:21][C:20]2(OCC)C(C(C)C3=C([OH+:10]2)C=CC=C3)O 10=20;20,21=21"
"[O-:10]C([H])C(C)C(O)C([H])[C:20]([H])=[O:21]>>[O-:21][C:20]1([H])C([H])C(O)C(C)C([H])[O:10]1 10=20;20,21=21"
"[H][NH+:10](C([H])C([H])C(C)[O]1)[C:20]1([NH:21]C6=CC=CC=C6)[O]CC.[Cl-]>>[Cl-].[H][NH:10]C([H])C([H])C(C)[O][C:20]([O]CC)=[NH+:21]C6=CC=CC=C6 21=20;20,10=10"
"[H][NH+:21]=[C:20]2[NH][CH]([H])[CH]([H])C(C)[O]2.C[NH:10][H].[Cl-]>>[Cl-].C[NH+:10]([H])[C:20]1([NH:21][H])[NH][CH]([H])C([H])[CH](C)[O]1 10=20;20,21=21"
"[H][S:10]C(CC)C(C)C([H])[O][C:20]([S]C)=[O+:21][H].[Cl-]>>[Cl-].[H][S+:10](C(CC)C(C)C([H])[O]1)[C:20]1([O:21][H])[S]C 10=20;20,21=21"
"[H][O+:10](C(C9=CC=CC=C9)C([H])C([H])[NH]1)[C:20]1([NH:21][H])[O]C.[Cl-]>>[Cl-].[H][O:10]C(C9=CC=CC=C9)C([H])C([H])[NH][C:20]([O]C)=[NH+:21][H] 21=20;20,10=10"
"[H][O+:10]([H])[C:20]1([NH:21]C)[NH][CH](CC)C([H])[CH]([H])[NH]1.[Cl-]>>[Cl-].C[NH+:21]=[C:20]2[NH][CH](CC)[CH]([H])C([H])[NH]2.[H][O:10][H] 21=20;20,10=10"
"[H][S+:10](C(C)C([H])C(CC)[S]1)[C:20]1([O:21]C)[O][H].[Cl-]>>[Cl-].[H][S:10]C(C)C([H])C(CC)[S][C:20]([O][H])=[O+:21]C 21=20;20,10=10"
"[O-:21][C:20]1(OCC)C([H])C([H])C(C)C(C)[O+:10]1([K])>>[O:10]([K])C(C)C(C)C([H])C([H])[C:20](OCC)=[O:21] 21=20;20,10=10"
"[H][O+:10]([H])[C:20]([O:21][H])([S]C8=CC=CC=C8)[O]CC.[Cl-]>>[Cl-].[H][O:10][H].[H][O+:21]=[C:20]([S]C8=CC=CC=C8)[O]CC 21=20;20,10=10"
"[O-:21][C:20]1([H])C(O)C(C)C(O)C(CC)[NH+:10]1([H])>>[NH:10]([H])C(CC)C(O)C(C)C(O)[C:20]([H])=[O:21] 21=20;20,10=10"
"C[NH+:21]=[C:20]2[O]C(C7=CC=CC=C7)C(C)[NH]2.[H][O:10][H].[Cl-]>>[Cl-].[H][O+:10]([H])[C:20]1([NH:21]C)[O]C(C7=CC=CC=C7)C(C)[NH]1 10=20;20,21=21"
"[H][S+:10](C([H])C(C)C(C8=CC=CC=C8)[S]1)[C:20]1([O:21][H])[O][H].[Cl-]>>[Cl-].[H][S:10]C([H])C(C)C(C8=CC=CC=C8)[S][C:20]([O][H])=[O+:21][H] 21=20;20,10=10"
"CC[O:10][H].CC[NH+:21]=[C:20]([O]CC)[O]C.[Cl-]>>[Cl-].CC[O+:10]([H])[C:20]([NH:21]CC)([O]CC)[O]C 10=20;20,21=21"
"[H][O+:10](C([H])C([H])C([H])[NH]1)[C:20]1([NH:21]CC)[NH][H].[Cl-]>>[Cl-].[H][O:10]C([H])C([H])C([H])[NH][C:20]([NH][H])=[NH+:21]CC 21=20;20,10=10"
"[H][S+:10](C(C)C([H])C([H])[S]1)[C:20]1([O:21][H])[S]CC.[Cl-]>>[Cl-].[H][S:10]C(C)C([H])C([H])[S][C:20]([S]CC)=[O+:21][H] 21=20;20,10=10"
"[H][S:10]C([H])C([H])C(C)[S][C:20]([S]CC)=[O+:21]C.[Cl-]>>[Cl-].[H][S+:10](C([H])C([H])C(C)[S]1)[C:20]1([O:21]C)[S]CC 10=20;20,21=21"
"C[S+:10]([H])[C:20]1([O:21][H])[S][CH](C7=CC=CC=C7)C(C)[CH](C8=CC=CC=C8)[O]1.[Cl-]>>[Cl-].[H][O+:21]=[C:20]2[S][CH](C7=CC=CC=C7)[CH](C)C(C8=CC=CC=C8)[O]2.C[S:10][H] 21=20;20,10=10"
"[H][NH:10][H].CC[NH+:21]=[C:20]([NH]C)[O]C.[Cl-]>>[Cl-].[H][NH+:10]([H])[C:20]([NH:21]CC)([NH]C)[O]C 10=20;20,21=21"
"CN([C:20]1(OC(C(C([O:21]1)CC)CC)CC)[O-:10])[H]>>CN([C:20](=[O:10])OC(C(C([O-:21])CC)CC)CC)[H] 10=20;20,21=21"
"[H][O+:10](C([H])C(C8=CC=CC=C8)[O]1)[C:20]1([NH:21][H])[NH][H].[Cl-]>>[Cl-].[H][O:10]C([H])C(C8=CC=CC=C8)[O][C:20]([NH][H])=[NH+:21][H] 21=20;20,10=10"
"[H]N([C:20]1(OC(C(C([O:21]1)CC)[H])C1=CC=CC=C1)[O-:10])CCCCCC>>[H]N([C:20](=[O:10])OC(C(C([O-:21])CC)[H])C1=CC=CC=C1)CCCCCC 10=20;20,21=21"
"[H][O:10]C([H])C(C)C([H])[NH][C:20]([NH]CC)=[NH+:21]C6=CC=CC=C6.[Cl-]>>[Cl-].[H][O+:10](C([H])C(C)C([H])[NH]1)[C:20]1([NH:21]C6=CC=CC=C6)[NH]CC 10=20;20,21=21"
"C6=CC=CC=C6[NH+:21]=[C:20]2[NH][CH](C)[CH]([H])C(C)[O]2.[H][NH:10][H].[Cl-]>>[Cl-].[H][NH+:10]([H])[C:20]1([NH:21]C6=CC=CC=C6)[NH][CH](C)C([H])[CH](C)[O]1 10=20;20,21=21"
"[H][NH+:10](C(C9=CC=CC=C9)C([H])C(C8=CC=CC=C8)[NH]1)[C:20]1([NH:21][H])[O]CC.[Cl-]>>[Cl-].[H][NH:10]C(C9=CC=CC=C9)C([H])C(C8=CC=CC=C8)[NH][C:20]([O]CC)=[NH+:21][H] 21=20;20,10=10"
"[H][S+:10](C(C9=CC=CC=C9)C([H])[O]1)[C:20]1([O:21][H])[S]C.[Cl-]>>[Cl-].[H][S:10]C(C9=CC=CC=C9)C([H])[O][C:20]([S]C)=[O+:21][H] 21=20;20,10=10"
"C9=CC=CC=C9[S:10][H].C[O+:21]=[C:20]([O]CC)[O]CC.[Cl-]>>[Cl-].C9=CC=CC=C9[S+:10]([H])[C:20]([O:21]C)([O]CC)[O]CC 10=20;20,21=21"
"CN([C:20](=[O:10])OC(C(C([O-:21])C1=CC=CC=C1)CCCCCC)CCCCCC)[H]>>CN([C:20]1(OC(C(C([O:21]1)C1=CC=CC=C1)CCCCCC)CCCCCC)[O-:10])[H] 21=20;20,10=10"
"C1=CC=CC=C1N([C:20](=[O:10])OC(C(C([O-:21])C1=CC=CC=C1)[H])[H])CC>>C1=CC=CC=C1N([C:20]1(OC(C(C([O:21]1)C1=CC=CC=C1)[H])[H])[O-:10])CC 21=20;20,10=10"
"[H][O+:10](C(C9=CC=CC=C9)C(C)C(CC)[NH]1)[C:20]1([NH:21]C6=CC=CC=C6)[NH][H].[Cl-]>>[Cl-].[H][O:10]C(C9=CC=CC=C9)C(C)C(CC)[NH][C:20]([NH][H])=[NH+:21]C6=CC=CC=C6 21=20;20,10=10"
"CC1C(C(O[C:20](N1C)([O-:10])[O:21]C1=CC=CC=C1)CC)CCCCCC>>CC1C(C(O[C:20](=[O:10])N1C)CC)CCCCCC.[O-:21]C1=CC=CC=C1 10=20;20,21=21"
"[H][O+:10](C(C9=CC=CC=C9)C(C8=CC=CC=C8)[S]1)[C:20]1([O:21][Si](C)(C)(C))[O]C.[Cl-]>>[Cl-].[H][O:10]C(C9=CC=CC=C9)C(C8=CC=CC=C8)[S][C:20]([O]C)=[O+:21][Si](C)(C)(C) 21=20;20,10=10"
"[H][O+:10]([H])[C:20]1([NH:21]C)[O]C([H])C(C8=CC=CC=C8)[O]1.[Cl-]>>[Cl-].C[NH+:21]=[C:20]2[O]C([H])C(C8=CC=CC=C8)[O]2.[H][O:10][H] 21=20;20,10=10"
"CCC1C(C(O[C:20](=[O:10])N1C)C)C.[O-:21]CCCCCC>>CCC1C(C(O[C:20](N1C)([O-:10])[O:21]CCCCCC)C)C 21=20;20,10=10"
"[H][O+:10](C(CC)C([H])[O]1)[C:20]1([NH:21]C)[O]CC.[Cl-]>>[Cl-].[H][O:10]C(CC)C([H])[O][C:20]([O]CC)=[NH+:21]C 21=20;20,10=10"
"CN([C:20]([O-:10])(O[H])[O:21]CCCCCC)C1=CC=CC=C1>>CN([C:20](=[O:10])O[H])C1=CC=CC=C1.[O-:21]CCCCCC 10=20;20,21=21"
"[K][O+:21]([C:20]([O-:10])(OCCCCCC)OC)C1=CC=CC=C1>>[K][O:21]C1=CC=CC=C1.[C:20](=[O:10])(OCCCCCC)OC 10=20;20,21=21"
"[H][S+:10](C(C9=CC=CC=C9)C([H])C(CC)[O]1)[C:20]1([O:21][H])[O]CC.[Cl-]>>[Cl-].[H][S:10]C(C9=CC=CC=C9)C([H])C(CC)[O][C:20]([O]CC)=[O+:21][H] 21=20;20,10=10"
"CC[S+:10]([H])[C:20]([O:21]C)([O]C)[S][H].[Cl-]>>[Cl-].CC[S:10][H].C[O+:21]=[C:20]([O]C)[S][H] 21=20;20,10=10"
"C[O+:21]=[C:20]2[O][CH]([H])[CH](C)C(C8=CC=CC=C8)[S]2.C9=CC=CC=C9[O:10][H].[Cl-]>>[Cl-].C9=CC=CC=C9[O+:10]([H])[C:20]1([O:21]C)[O][CH]([H])C(C)[CH](C8=CC=CC=C8)[S]1 10=20;20,21=21"
"[H][O+:10](C([H])C(C8=CC=CC=C8)[NH]1)[C:20]1([NH:21]C)[NH]C.[Cl-]>>[Cl-].[H][O:10]C([H])C(C8=CC=CC=C8)[NH][C:20]([NH]C)=[NH+:21]C 21=20;20,10=10"
"[H][O+:10](C(C)C([H])C(C)[NH]1)[C:20]1([NH:21]C6=CC=CC=C6)[O]CC.[Cl-]>>[Cl-].[H][O:10]C(C)C([H])C(C)[NH][C:20]([O]CC)=[NH+:21]C6=CC=CC=C6 21=20;20,10=10"
"CCCCCCN([C:20]1(OC(C(C([O:21]1)CCCCCC)CCCCCC)C1=CC=CC=C1)[O-:10])CCCCCC>>CCCCCCN([C:20](=[O:10])OC(C(C([O-:21])CCCCCC)CCCCCC)C1=CC=CC=C1)CCCCCC 10=20;20,21=21"
"[O:10]([K])C([H])C([H])C([C:20](OCC)=[O:21])[H]>>[O-:21][C:20]1(OCC)[O+:10]([K])C([H])C([H])C1[H] 10=20;20,21=21"
"[H][O+:10](C(C9=CC=CC=C9)C([H])C(CC)[O]1)[C:20]1([NH:21]CC)[O]C7=CC=CC=C7.[Cl-]>>[Cl-].[H][O:10]C(C9=CC=CC=C9)C([H])C(CC)[O][C:20]([O]C7=CC=CC=C7)=[NH+:21]CC 21=20;20,10=10"
"[H][O+:10](C(C)C([H])C(C)[NH]1)[C:20]1([NH:21]C6=CC=CC=C6)[O]C7=CC=CC=C7.[Cl-]>>[Cl-].[H][O:10]C(C)C([H])C(C)[NH][C:20]([O]C7=CC=CC=C7)=[NH+:21]C6=CC=CC=C6 21=20;20,10=10"
"[H][O:10]C(C)C([H])[S][C:20]([S][H])=[O+:21]C.[Cl-]>>[Cl-].[H][O+:10](C(C)C([H])[S]1)[C:20]1([O:21]C)[S][H] 10=20;20,21=21"
"C1=CC=CC=C1C1C(C(O[C:20](=[O:10])N1[H])CCCCCC)CC.[O-:21]CC>>C1=CC=CC=C1C1C(C(O[C:20](N1[H])([O-:10])[O:21]CC)CCCCCC)CC 21=20;20,10=10"
"C1CC[N:10](C1)[CH:20]([I:21])C>>C1CC[N+:10](=[CH:20]C)C1.[I-:21] 10=20;20,21=21"
"[H][S:10]C([H])C([H])[S][C:20]([S][H])=[O+:21][Si](C)(C)(C).[Cl-]>>[Cl-].[H][S+:10](C([H])C([H])[S]1)[C:20]1([O:21][Si](C)(C)(C))[S][H] 10=20;20,21=21"
"[O-:21][C:20]1(C)C(O)C(O)C(C)C(C)[NH+:10]1(C)>>[NH:10](C)C(C)C(C)C(O)C(O)[C:20](C)=[O:21] 21=20;20,10=10"
"[H][NH+:10]([H])[C:20]([NH:21]C6=CC=CC=C6)([NH]CC)[O]C.[Cl-]>>[Cl-].[H][NH:10][H].C6=CC=CC=C6[NH+:21]=[C:20]([NH]CC)[O]C 21=20;20,10=10"
"CC[O+:10]([H])[C:20]1([O:21][H])[S]C(CC)C(C8=CC=CC=C8)[S]1.[Cl-]>>[Cl-].[H][O+:21]=[C:20]2[S]C(CC)C(C8=CC=CC=C8)[S]2.CC[O:10][H] 21=20;20,10=10"
"C9=CC=CC=C9[NH+:10]([H])[C:20]1([NH:21]CC)[NH][CH](C7=CC=CC=C7)C([H])[CH](C8=CC=CC=C8)[NH]1.[Cl-]>>[Cl-].CC[NH+:21]=[C:20]2[NH][CH](C7=CC=CC=C7)[CH]([H])C(C8=CC=CC=C8)[NH]2.C9=CC=CC=C9[NH:10][H] 21=20;20,10=10"
"[H][O:10]C(C9=CC=CC=C9)C(C)C(C)[O][C:20]([O]C7=CC=CC=C7)=[NH+:21]CC.[Cl-]>>[Cl-].[H][O+:10](C(C9=CC=CC=C9)C(C)C(C)[O]1)[C:20]1([NH:21]CC)[O]C7=CC=CC=C7 10=20;20,21=21"
"[O-:21][C:20]1(OC)C([H])C(C)=C([H])C(CCC)[O+:10]1([Na])>>[O:10]([Na])C(CCC)/C([H])=C(C)\C([H])[C:20](OC)=[O:21] 21=20;20,10=10"
"[H]C1C(O[C:20](=[O:10])N1C1=CC=CC=C1)CCCCCC.[O-:21]CC>>[H]C1C(O[C:20](N1C1=CC=CC=C1)([O-:10])[O:21]CC)CCCCCC 21=20;20,10=10"
"C6=CC=CC=C6[NH+:21]=[C:20]2[NH]C(C7=CC=CC=C7)C(C8=CC=CC=C8)[NH]2.C[NH:10][H].[Cl-]>>[Cl-].C[NH+:10]([H])[C:20]1([NH:21]C6=CC=CC=C6)[NH]C(C7=CC=CC=C7)C(C8=CC=CC=C8)[NH]1 10=20;20,21=21"
"C[NH:10][H].[H][NH+:21]=[C:20]([NH]CC)[O][H].[Cl-]>>[Cl-].C[NH+:10]([H])[C:20]([NH:21][H])([NH]CC)[O][H] 10=20;20,21=21"
"[H][O+:10](C([H])C([H])C(CC)[NH]1)[C:20]1([NH:21]C)[NH]C7=CC=CC=C7.[Cl-]>>[Cl-].[H][O:10]C([H])C([H])C(CC)[NH][C:20]([NH]C7=CC=CC=C7)=[NH+:21]C 21=20;20,10=10"
"C[S:10][H].[H][O+:21]=[C:20]([S][H])[S]C7=CC=CC=C7.[Cl-]>>[Cl-].C[S+:10]([H])[C:20]([O:21][H])([S][H])[S]C7=CC=CC=C7 10=20;20,21=21"
"C1=CC=CC=C1N([C:20]1(OC(C(C([O:21]1)[H])CC)[H])[O-:10])CC>>C1=CC=CC=C1N([C:20](=[O:10])OC(C(C([O-:21])[H])CC)[H])CC 10=20;20,21=21"
"[H][O:10]C(C9=CC=CC=C9)C(C)[O][C:20]([O][H])=[O+:21][H].[Cl-]>>[Cl-].[H][O+:10](C(C9=CC=CC=C9)C(C)[O]1)[C:20]1([O:21][H])[O][H] 10=20;20,21=21"
"[H][O+:10](C(C9=CC=CC=C9)C([H])C(CC)[S]1)[C:20]1([O:21]C)[O]CC.[Cl-]>>[Cl-].[H][O:10]C(C9=CC=CC=C9)C([H])C(CC)[S][C:20]([O]CC)=[O+:21]C 21=20;20,10=10"
"[H]C1C(C(O[C:20](=[O:10])N1C)CCCCCC)[H].[O-:21]CC>>[H]C1C(C(O[C:20](N1C)([O-:10])[O:21]CC)CCCCCC)[H] 21=20;20,10=10"
"[H][NH:10]C(C)C(C)C(C)[NH][C:20]([O]CC)=[NH+:21][H].[Cl-]>>[Cl-].[H][NH+:10](C(C)C(C)C(C)[NH]1)[C:20]1([NH:21][H])[O]CC 10=20;20,21=21"
"CCN([C:20]1(OC(C(C([O:21]1)[H])[H])C)[O-:10])CC>>CCN([C:20](=[O:10])OC(C(C([O-:21])[H])[H])C)CC 10=20;20,21=21"
"C[O:10][H].[H][O+:21]=[C:20]([O]C)[S]C.[Cl-]>>[Cl-].C[O+:10]([H])[C:20]([O:21][H])([O]C)[S]C 10=20;20,21=21"
"C1=CC=CC=C1[O+:10]([K])[C:21]([O-:20])(OC)OCC>>[O:20]=[C:21](OC)OCC.C1=CC=CC=C1[O:10][K] 20=21;21,10=10"
"CN([C:20]([O-:10])(OC)[O:21]CCCCCC)C>>CN([C:20](=[O:10])OC)C.[O-:21]CCCCCC 10=20;20,21=21"
"[H][O+:10](C(C)C([H])C([H])[NH]1)[C:20]1([NH:21]C6=CC=CC=C6)[O]CC.[Cl-]>>[Cl-].[H][O:10]C(C)C([H])C([H])[NH][C:20]([O]CC)=[NH+:21]C6=CC=CC=C6 21=20;20,10=10"
"[H][S:10]C(CC)C(C8=CC=CC=C8)[O][C:20]([O]C)=[O+:21]C.[Cl-]>>[Cl-].[H][S+:10](C(CC)C(C8=CC=CC=C8)[O]1)[C:20]1([O:21]C)[O]C 10=20;20,21=21"
"[O-:21][C:20]1(OCC)[O+:10]([K])C([H])C([H])N1[H]>>[O:10]([K])C([H])C([H])N([C:20](OCC)=[O:21])[H] 21=20;20,10=10"
"[H][O+:10](C(C)C(CC)[O]1)[C:20]1([NH:21][H])[O]CC.[Cl-]>>[Cl-].[H][O:10]C(C)C(CC)[O][C:20]([O]CC)=[NH+:21][H] 21=20;20,10=10"
"[H][S:10]C(C)C([H])C([H])[O][C:20]([O]C)=[O+:21]C.[Cl-]>>[Cl-].[H][S+:10](C(C)C([H])C([H])[O]1)[C:20]1([O:21]C)[O]C 10=20;20,21=21"
"C[O+:10]([H])[C:20]1([NH:21]C6=CC=CC=C6)[NH][CH]([H])C([H])[CH](CC)[O]1.[Cl-]>>[Cl-].C6=CC=CC=C6[NH+:21]=[C:20]2[NH][CH]([H])[CH]([H])C(CC)[O]2.C[O:10][H] 21=20;20,10=10"
"[H][O+:10]([H])[C:20]1([NH:21][H])[O][CH]([H])C(C)[CH](C8=CC=CC=C8)[O]1.[Cl-]>>[Cl-].[H][NH+:21]=[C:20]2[O][CH]([H])[CH](C)C(C8=CC=CC=C8)[O]2.[H][O:10][H] 21=20;20,10=10"
"[H][O:10]C(CC)C([H])C(CC)[O][C:20]([O][H])=[NH+:21]C6=CC=CC=C6.[Cl-]>>[Cl-].[H][O+:10](C(CC)C([H])C(CC)[O]1)[C:20]1([NH:21]C6=CC=CC=C6)[O][H] 10=20;20,21=21"
"[H]N([C:20](=[O:10])OC1=CC=CC=C1)[H].[O-:21]CC>>[H]N([C:20]([O-:10])(OC1=CC=CC=C1)[O:21]CC)[H] 21=20;20,10=10"
"[H][S:10]C(C)C(C8=CC=CC=C8)[O][C:20]([S]C)=[O+:21][Si](C)(C)(C).[Cl-]>>[Cl-].[H][S+:10](C(C)C(C8=CC=CC=C8)[O]1)[C:20]1([O:21][Si](C)(C)(C))[S]C 10=20;20,21=21"
"[H][O:10]C([H])C([H])C(C)[S][C:20]([O]CC)=[O+:21]C.[Cl-]>>[Cl-].[H][O+:10](C([H])C([H])C(C)[S]1)[C:20]1([O:21]C)[O]CC 10=20;20,21=21"
"C[O+:10]([Li])[C:21]([O-:20])(O[H])OC>>[O:20]=[C:21](O[H])OC.C[O:10][Li] 20=21;21,10=10"
"[OH:21][CH:20]2(OC)C3=C(C(C([NH+:10]2([H]))C)[H])C=CC=C3>>[NH:10]([H])C(C(C1=C(C=CC=C1)[CH:20](OC)=[OH+:21])[H])C  21=20;20,10=10"
"[O-:21][C:20]1(OC)C(C)C(O)C(C)C(C)[NH+:10]1([H])>>[NH:10]([H])C(C)C(C)C(O)C(C)[C:20](OC)=[O:21] 21=20;20,10=10"
"CC1C(O[C:20](N1[H])([O-:10])[O:21]C)CC>>CC1C(O[C:20](=[O:10])N1[H])CC.[O-:21]C 10=20;20,21=21"
"CN([C:20]1(OC(C(C([O:21]1)C1=CC=CC=C1)CCCCCC)[H])[O-:10])CCCCCC>>CN([C:20](=[O:10])OC(C(C([O-:21])C1=CC=CC=C1)CCCCCC)[H])CCCCCC 10=20;20,21=21"
"[O-:21][C:20]1([H])C([H])C([H])C(C)C(CC)[O+:10]1([Na])>>[O:10]([Na])C(CC)C(C)C([H])C([H])[C:20]([H])=[O:21] 21=20;20,10=10"
"C[O+:10]([H])[C:20]1([NH:21][H])[NH][CH](C)C([H])[CH](C8=CC=CC=C8)[NH]1.[Cl-]>>[Cl-].[H][NH+:21]=[C:20]2[NH][CH](C)[CH]([H])C(C8=CC=CC=C8)[NH]2.C[O:10][H] 21=20;20,10=10"
"C6=CC=CC=C6[NH+:21]=[C:20]2[NH][CH]([H])[CH](C)C(C8=CC=CC=C8)[O]2.C[O:10][H].[Cl-]>>[Cl-].C[O+:10]([H])[C:20]1([NH:21]C6=CC=CC=C6)[NH][CH]([H])C(C)[CH](C8=CC=CC=C8)[O]1 10=20;20,21=21"
"[H][O+:10]([Na])[C:21]([O-:20])(OCC)O[H]>>[O:20]=[C:21](OCC)O[H].[H][O:10][Na] 20=21;21,10=10"
"[NH:10]([H])C(C)C([H])C(C)C(C)[C:20](OCC)=[O:21]>>[O-:21][C:20]1(OCC)C(C)C(C)C([H])C(C)[NH+:10]1([H]) 10=20;20,21=21"
"C[S:10][H].[Si](C)(C)(C)[O+:21]=[C:20]([O]C8=CC=CC=C8)[S]CC.[Cl-]>>[Cl-].C[S+:10]([H])[C:20]([O:21][Si](C)(C)(C))([O]C8=CC=CC=C8)[S]CC 10=20;20,21=21"
"[H][O:10]C(C9=CC=CC=C9)C(C)C(CC)[O][C:20]([O]CC)=[NH+:21]C6=CC=CC=C6.[Cl-]>>[Cl-].[H][O+:10](C(C9=CC=CC=C9)C(C)C(CC)[O]1)[C:20]1([NH:21]C6=CC=CC=C6)[O]CC 10=20;20,21=21"
"[H][O+:10](C([H])C([H])C(CC)[O]1)[C:20]1([O:21][H])[S][H].[Cl-]>>[Cl-].[H][O:10]C([H])C([H])C(CC)[O][C:20]([S][H])=[O+:21][H] 21=20;20,10=10"
"[H][O:10]C(CC)C([H])C([H])[O][C:20]([O][H])=[NH+:21]CC.[Cl-]>>[Cl-].[H][O+:10](C(CC)C([H])C([H])[O]1)[C:20]1([NH:21]CC)[O][H] 10=20;20,21=21"
"C6=CC=CC=C6[NH+:21]=[C:20]2[O][CH](C7=CC=CC=C7)[CH](C)C(CC)[NH]2.C9=CC=CC=C9[O:10][H].[Cl-]>>[Cl-].C9=CC=CC=C9[O+:10]([H])[C:20]1([NH:21]C6=CC=CC=C6)[O][CH](C7=CC=CC=C7)C(C)[CH](CC)[NH]1 10=20;20,21=21"
"[H][O:10]C([H])C([H])[S][C:20]([O]C)=[O+:21][H].[Cl-]>>[Cl-].[H][O+:10](C([H])C([H])[S]1)[C:20]1([O:21][H])[O]C 10=20;20,21=21"
"C[NH+:10]([H])[C:20]([NH:21]C6=CC=CC=C6)([NH][H])[NH]C7=CC=CC=C7.[Cl-]>>[Cl-].C[NH:10][H].C6=CC=CC=C6[NH+:21]=[C:20]([NH][H])[NH]C7=CC=CC=C7 21=20;20,10=10"
"C[O+:21]=[C:20]2[O]C(C7=CC=CC=C7)C(C)[S]2.C[S:10][H].[Cl-]>>[Cl-].C[S+:10]([H])[C:20]1([O:21]C)[O]C(C7=CC=CC=C7)C(C)[S]1 10=20;20,21=21"
"[H][NH+:10](C([H])C(CC)[O]1)[C:20]1([NH:21]C)[NH]C.[Cl-]>>[Cl-].[H][NH:10]C([H])C(CC)[O][C:20]([NH]C)=[NH+:21]C 21=20;20,10=10"
"[H][NH:10]C([H])C([H])C(CC)[NH][C:20]([O]C)=[NH+:21][H].[Cl-]>>[Cl-].[H][NH+:10](C([H])C([H])C(CC)[NH]1)[C:20]1([NH:21][H])[O]C 10=20;20,21=21"
"C[NH+:21]=[C:20]2[NH]C(CC)C([H])[O]2.C[NH:10][H].[Cl-]>>[Cl-].C[NH+:10]([H])[C:20]1([NH:21]C)[NH]C(CC)C([H])[O]1 10=20;20,21=21"
"[NH:10](C)C([H])C(C)C(O)C([H])[C:20](C)=[O:21]>>[O-:21][C:20]1(C)C([H])C(O)C(C)C([H])[NH+:10]1(C) 10=20;20,21=21"
"[H][NH+:10](C(CC)C([H])[NH]1)[C:20]1([NH:21]C6=CC=CC=C6)[O][H].[Cl-]>>[Cl-].[H][NH:10]C(CC)C([H])[NH][C:20]([O][H])=[NH+:21]C6=CC=CC=C6 21=20;20,10=10"
"CN([C:20]1(OC(C(C([O:21]1)CC)C)CC)[O-:10])CCCCCC>>CN([C:20](=[O:10])OC(C(C([O-:21])CC)C)CC)CCCCCC 10=20;20,21=21"
"[H][NH:10]C([H])C(CC)[O][C:20]([NH]CC)=[NH+:21]C.[Cl-]>>[Cl-].[H][NH+:10](C([H])C(CC)[O]1)[C:20]1([NH:21]C)[NH]CC 10=20;20,21=21"
"[O-:21][C:20]1(OCC)C(C)=C(C)C([H])C(C)[O:10]1>>[O-:10]C(C)C([H])/C(C)=C(C)\[C:20](OCC)=[O:21] 21=20;20,10=10"
"[H][NH:10]C(C)C([H])C([H])[O][C:20]([NH]C)=[NH+:21]C6=CC=CC=C6.[Cl-]>>[Cl-].[H][NH+:10](C(C)C([H])C([H])[O]1)[C:20]1([NH:21]C6=CC=CC=C6)[NH]C 10=20;20,21=21"
"[H][S:10]C(C9=CC=CC=C9)C(C)[O][C:20]([S][H])=[O+:21][Si](C)(C)(C).[Cl-]>>[Cl-].[H][S+:10](C(C9=CC=CC=C9)C(C)[O]1)[C:20]1([O:21][Si](C)(C)(C))[S][H] 10=20;20,21=21"
"C1=CC=CC=C1N([C:20](=[O:10])OC(C(C([O-:21])CCCCCC)CC)C)CC>>C1=CC=CC=C1N([C:20]1(OC(C(C([O:21]1)CCCCCC)CC)C)[O-:10])CC 21=20;20,10=10"
"[H][O:10]C(C9=CC=CC=C9)C(C)C(C8=CC=CC=C8)[O][C:20]([O]CC)=[NH+:21]C.[Cl-]>>[Cl-].[H][O+:10](C(C9=CC=CC=C9)C(C)C(C8=CC=CC=C8)[O]1)[C:20]1([NH:21]C)[O]CC 10=20;20,21=21"
"CCCCCCN([C:20](=[O:10])OC(C(C([O-:21])C1=CC=CC=C1)C)CC)C1=CC=CC=C1>>CCCCCCN([C:20]1(OC(C(C([O:21]1)C1=CC=CC=C1)C)CC)[O-:10])C1=CC=CC=C1 21=20;20,10=10"
"C[O:10][H].[H][O+:21]=[C:20]([O]C8=CC=CC=C8)[O][H].[Cl-]>>[Cl-].C[O+:10]([H])[C:20]([O:21][H])([O]C8=CC=CC=C8)[O][H] 10=20;20,21=21"
"[H][NH+:10](C(CC)C(CC)[NH]1)[C:20]1([NH:21]C6=CC=CC=C6)[NH][H].[Cl-]>>[Cl-].[H][NH:10]C(CC)C(CC)[NH][C:20]([NH][H])=[NH+:21]C6=CC=CC=C6 21=20;20,10=10"
"C[S+:10]([H])[C:20]1([O:21][Si](C)(C)(C))[O]C([H])C([H])[S]1.[Cl-]>>[Cl-].[Si](C)(C)(C)[O+:21]=[C:20]2[O]C([H])C([H])[S]2.C[S:10][H] 21=20;20,10=10"
"CCN([C:20](=[O:10])OC(C(C([O-:21])C)CCCCCC)C)CC>>CCN([C:20]1(OC(C(C([O:21]1)C)CCCCCC)C)[O-:10])CC 21=20;20,10=10"
"[H][O+:10](C(C)C(C)[S]1)[C:20]1([O:21][Si](C)(C)(C))[O]C7=CC=CC=C7.[Cl-]>>[Cl-].[H][O:10]C(C)C(C)[S][C:20]([O]C7=CC=CC=C7)=[O+:21][Si](C)(C)(C) 21=20;20,10=10"
"CN([C:20]1(OC(C(C([O:21]1)C)C)[H])[O-:10])CC>>CN([C:20](=[O:10])OC(C(C([O-:21])C)C)[H])CC 10=20;20,21=21"
"[H]N([C:20]1(OC(C(C([O:21]1)C1=CC=CC=C1)CCCCCC)C)[O-:10])C1=CC=CC=C1>>[H]N([C:20](=[O:10])OC(C(C([O-:21])C1=CC=CC=C1)CCCCCC)C)C1=CC=CC=C1 10=20;20,21=21"
"[H][O+:10](C([H])C(C)C(C)[S]1)[C:20]1([O:21]C)[O]CC.[Cl-]>>[Cl-].[H][O:10]C([H])C(C)C(C)[S][C:20]([O]CC)=[O+:21]C 21=20;20,10=10"
"C[O+:10]([H])[C:20]1([O:21][H])[S]C([H])C([H])[S]1.[Cl-]>>[Cl-].[H][O+:21]=[C:20]2[S]C([H])C([H])[S]2.C[O:10][H] 21=20;20,10=10"
"[H]C1C(C(O[C:20](N1C)([O-:10])[O:21]C)C)C>>[H]C1C(C(O[C:20](=[O:10])N1C)C)C.[O-:21]C 10=20;20,21=21"
"[H][O:10][H].C6=CC=CC=C6[NH+:21]=[C:20]([NH][H])[NH][H].[Cl-]>>[Cl-].[H][O+:10]([H])[C:20]([NH:21]C6=CC=CC=C6)([NH][H])[NH][H] 10=20;20,21=21"
"CC1C(C(O[C:20](=[O:10])N1C1=CC=CC=C1)[H])C.[O-:21]CCCCCC>>CC1C(C(O[C:20](N1C1=CC=CC=C1)([O-:10])[O:21]CCCCCC)[H])C 21=20;20,10=10"
"[O-:10]C(C)/C(C)=C([C:20]([H])=[O:21])/[H]>>[O-:21][C:20]1([H])[O:10]C(C)C(C)=C1[H] 10=20;20,21=21"
"CC[NH+:21]=[C:20]2[NH][CH](C7=CC=CC=C7)[CH](C)C(C8=CC=CC=C8)[O]2.C9=CC=CC=C9[NH:10][H].[Cl-]>>[Cl-].C9=CC=CC=C9[NH+:10]([H])[C:20]1([NH:21]CC)[NH][CH](C7=CC=CC=C7)C(C)[CH](C8=CC=CC=C8)[O]1 10=20;20,21=21"
"[H][O:10]C(C9=CC=CC=C9)C([H])C(CC)[NH][C:20]([O]C7=CC=CC=C7)=[NH+:21]C6=CC=CC=C6.[Cl-]>>[Cl-].[H][O+:10](C(C9=CC=CC=C9)C([H])C(CC)[NH]1)[C:20]1([NH:21]C6=CC=CC=C6)[O]C7=CC=CC=C7 10=20;20,21=21"
"CCC1C(C(O[C:20](N1[H])([O-:10])[O:21]C)CCCCCC)C>>CCC1C(C(O[C:20](=[O:10])N1[H])CCCCCC)C.[O-:21]C 10=20;20,21=21"
"[H][O+:10](C(CC)C([H])C(C8=CC=CC=C8)[NH]1)[C:20]1([NH:21]C)[NH]CC.[Cl-]>>[Cl-].[H][O:10]C(CC)C([H])C(C8=CC=CC=C8)[NH][C:20]([NH]CC)=[NH+:21]C 21=20;20,10=10"
"[NH:10]([H])C(C)/C([H])=C(C)\C(C)[C:20](C)=[O:21]>>[O-:21][C:20]1(C)C(C)C(C)=C([H])C(C)[NH+:10]1([H]) 10=20;20,21=21"
"CCCCCCC1C(C(O[C:20](=[O:10])N1C)CC)CC.[O-:21]CCCCCC>>CCCCCCC1C(C(O[C:20](N1C)([O-:10])[O:21]CCCCCC)CC)CC 21=20;20,10=10"
"C1=CC=CC=C1N([C:20](=[O:10])OC(C(C([O-:21])C)CCCCCC)CC)C1=CC=CC=C1>>C1=CC=CC=C1N([C:20]1(OC(C(C([O:21]1)C)CCCCCC)CC)[O-:10])C1=CC=CC=C1 21=20;20,10=10"
"[O:10]([K])C([H])C([H])/C(C)=C(C)\[C:20](OCC)=[O:21]>>[O-:21][C:20]1(OCC)C(C)=C(C)C([H])C([H])[O+:10]1([K]) 10=20;20,21=21"
"[H][O:10]C([H])C(CC)[O][C:20]([S]CC)=[O+:21][H].[Cl-]>>[Cl-].[H][O+:10](C([H])C(CC)[O]1)[C:20]1([O:21][H])[S]CC 10=20;20,21=21"
"CC[O:10][H].[Si](C)(C)(C)[O+:21]=[C:20]([O]CC)[O][H].[Cl-]>>[Cl-].CC[O+:10]([H])[C:20]([O:21][Si](C)(C)(C))([O]CC)[O][H] 10=20;20,21=21"
"CC[O+:10]([H])[C:20]1([NH:21]CC)[NH][CH](C)C([H])[CH](CC)[O]1.[Cl-]>>[Cl-].CC[NH+:21]=[C:20]2[NH][CH](C)[CH]([H])C(CC)[O]2.CC[O:10][H] 21=20;20,10=10"
"[H][NH+:10](C(C)C([H])C([H])[NH]1)[C:20]1([NH:21]CC)[NH][H].[Cl-]>>[Cl-].[H][NH:10]C(C)C([H])C([H])[NH][C:20]([NH][H])=[NH+:21]CC 21=20;20,10=10"
"CC[NH+:21]=[C:20]2[O][CH](C7=CC=CC=C7)[CH]([H])C(C)[NH]2.C9=CC=CC=C9[NH:10][H].[Cl-]>>[Cl-].C9=CC=CC=C9[NH+:10]([H])[C:20]1([NH:21]CC)[O][CH](C7=CC=CC=C7)C([H])[CH](C)[NH]1 10=20;20,21=21"
"C(C([O-:21])[H])(C(O[C:20](=[O:10])OC1=CC=CC=C1)[H])[H]>>C1(C(O[C:20]([O-:10])([O:21]C1[H])OC1=CC=CC=C1)[H])[H] 21=20;20,10=10"
"C[NH+:10]([H])[C:20]([NH:21]CC)([NH]C8=CC=CC=C8)[NH][H].[Cl-]>>[Cl-].C[NH:10][H].CC[NH+:21]=[C:20]([NH]C8=CC=CC=C8)[NH][H] 21=20;20,10=10"
"[O-:21][C:20]1(OCC)C([H])=C([H])C([H])C(C)[O+:10]1([Na])>>[O:10]([Na])C(C)C([H])/C([H])=C([H])\[C:20](OCC)=[O:21] 21=20;20,10=10"
"[O-:21][C:20]1([H])C(C)C([H])=C(C)C(CC)[O+:10]1([K])>>[O:10]([K])C(CC)/C(C)=C([H])\C(C)[C:20]([H])=[O:21] 21=20;20,10=10"
"[H][O:10]C(C)C(C)C(C8=CC=CC=C8)[O][C:20]([O]C7=CC=CC=C7)=[NH+:21]C.[Cl-]>>[Cl-].[H][O+:10](C(C)C(C)C(C8=CC=CC=C8)[O]1)[C:20]1([NH:21]C)[O]C7=CC=CC=C7 10=20;20,21=21"
"CN([C:20](=[O:10])OC(C(C([O-:21])[H])C)C)CCCCCC>>CN([C:20]1(OC(C(C([O:21]1)[H])C)C)[O-:10])CCCCCC 21=20;20,10=10"
"CCN([C:20]([O-:10])([O:21]N1C(=O)CCC1=O)O[H])C>>CCN([C:20](=[O:10])O[H])C.C1CC(=O)N(C1=O)[O-:21] 10=20;20,21=21"
"[H][NH:10][H].[H][NH+:21]=[C:20]([O]C)[NH]C7=CC=CC=C7.[Cl-]>>[Cl-].[H][NH+:10]([H])[C:20]([NH:21][H])([O]C)[NH]C7=CC=CC=C7 10=20;20,21=21"
"C9=CC=CC=C9[NH+:10]([H])[C:20]1([NH:21]C)[NH][CH](C7=CC=CC=C7)C([H])[CH](C8=CC=CC=C8)[NH]1.[Cl-]>>[Cl-].C[NH+:21]=[C:20]2[NH][CH](C7=CC=CC=C7)[CH]([H])C(C8=CC=CC=C8)[NH]2.C9=CC=CC=C9[NH:10][H] 21=20;20,10=10"
"[H][O+:10](C(C9=CC=CC=C9)C(CC)[S]1)[C:20]1([O:21][H])[S]C7=CC=CC=C7.[Cl-]>>[Cl-].[H][O:10]C(C9=CC=CC=C9)C(CC)[S][C:20]([S]C7=CC=CC=C7)=[O+:21][H] 21=20;20,10=10"
"CC[O+:10]([H])[C:20]1([NH:21]C)[NH][CH](C7=CC=CC=C7)C(C)[CH](CC)[O]1.[Cl-]>>[Cl-].C[NH+:21]=[C:20]2[NH][CH](C7=CC=CC=C7)[CH](C)C(CC)[O]2.CC[O:10][H] 21=20;20,10=10"
"[H][O:10]C(C)C(C)[O][C:20]([O]C7=CC=CC=C7)=[NH+:21]CC.[Cl-]>>[Cl-].[H][O+:10](C(C)C(C)[O]1)[C:20]1([NH:21]CC)[O]C7=CC=CC=C7 10=20;20,21=21"
"CC[O+:10]([H])[C:20]([O:21][H])([O]C8=CC=CC=C8)[O][H].[Cl-]>>[Cl-].CC[O:10][H].[H][O+:21]=[C:20]([O]C8=CC=CC=C8)[O][H] 21=20;20,10=10"
"[H][NH:10]C(C9=CC=CC=C9)C(C)[NH][C:20]([O]C7=CC=CC=C7)=[NH+:21]C6=CC=CC=C6.[Cl-]>>[Cl-].[H][NH+:10](C(C9=CC=CC=C9)C(C)[NH]1)[C:20]1([NH:21]C6=CC=CC=C6)[O]C7=CC=CC=C7 10=20;20,21=21"
"[H][S:10]C(CC)C(C8=CC=CC=C8)[S][C:20]([O]C7=CC=CC=C7)=[O+:21][Si](C)(C)(C).[Cl-]>>[Cl-].[H][S+:10](C(CC)C(C8=CC=CC=C8)[S]1)[C:20]1([O:21][Si](C)(C)(C))[O]C7=CC=CC=C7 10=20;20,21=21"
"C[NH+:10]([H])[C:20]([NH:21]C6=CC=CC=C6)([NH][H])[NH][H].[Cl-]>>[Cl-].C[NH:10][H].C6=CC=CC=C6[NH+:21]=[C:20]([NH][H])[NH][H] 21=20;20,10=10"
"C[NH+:21]=[C:20]2[O][CH](C7=CC=CC=C7)[CH]([H])C(C)[NH]2.C[O:10][H].[Cl-]>>[Cl-].C[O+:10]([H])[C:20]1([NH:21]C)[O][CH](C7=CC=CC=C7)C([H])[CH](C)[NH]1 10=20;20,21=21"
"[H][O+:21]=[C:20]2[S][CH]([H])[CH](C)C(C)[S]2.C[O:10][H].[Cl-]>>[Cl-].C[O+:10]([H])[C:20]1([O:21][H])[S][CH]([H])C(C)[CH](C)[S]1 10=20;20,21=21"
"CC[NH+:21]=[C:20]2[NH][CH](CC)[CH]([H])C(C)[NH]2.C[NH:10][H].[Cl-]>>[Cl-].C[NH+:10]([H])[C:20]1([NH:21]CC)[NH][CH](CC)C([H])[CH](C)[NH]1 10=20;20,21=21"
"[H][O:10]C([H])C(C)C([H])[NH][C:20]([NH][H])=[NH+:21]CC.[Cl-]>>[Cl-].[H][O+:10](C([H])C(C)C([H])[NH]1)[C:20]1([NH:21]CC)[NH][H] 10=20;20,21=21"
"C[NH+:21]=[C:20]2[O]C(CC)C(C)[O]2.C9=CC=CC=C9[NH:10][H].[Cl-]>>[Cl-].C9=CC=CC=C9[NH+:10]([H])[C:20]1([NH:21]C)[O]C(CC)C(C)[O]1 10=20;20,21=21"
"[O-:21][C:20]1(OCC)[O+:10]([K])C(CCC)C([H])C1[H]>>[O:10]([K])C(CCC)C([H])C([C:20](OCC)=[O:21])[H] 21=20;20,10=10"
"[H][O+:10](C(CC)C(C8=CC=CC=C8)[O]1)[C:20]1([O:21][Si](C)(C)(C))[S]CC.[Cl-]>>[Cl-].[H][O:10]C(CC)C(C8=CC=CC=C8)[O][C:20]([S]CC)=[O+:21][Si](C)(C)(C) 21=20;20,10=10"
"[H][NH:10]C(CC)C([H])C(C8=CC=CC=C8)[NH][C:20]([O]CC)=[NH+:21]C.[Cl-]>>[Cl-].[H][NH+:10](C(CC)C([H])C(C8=CC=CC=C8)[NH]1)[C:20]1([NH:21]C)[O]CC 10=20;20,21=21"
"CC[S+:10]([H])[C:20]1([O:21]C)[S][CH]([H])C(C)[CH]([H])[S]1.[Cl-]>>[Cl-].C[O+:21]=[C:20]2[S][CH]([H])[CH](C)C([H])[S]2.CC[S:10][H] 21=20;20,10=10"
"C9=CC=CC=C9[O:10][H].CC[NH+:21]=[C:20]([NH]C)[O]C.[Cl-]>>[Cl-].C9=CC=CC=C9[O+:10]([H])[C:20]([NH:21]CC)([NH]C)[O]C 10=20;20,21=21"
"C[O+:10]([H])[C:20]1([NH:21]C6=CC=CC=C6)[NH]C(C)C(CC)[NH]1.[Cl-]>>[Cl-].C6=CC=CC=C6[NH+:21]=[C:20]2[NH]C(C)C(CC)[NH]2.C[O:10][H] 21=20;20,10=10"
"[H][O+:10]([H])[C:20]([O:21][Si](C)(C)(C))([O]C)[S]CC.[Cl-]>>[Cl-].[H][O:10][H].[Si](C)(C)(C)[O+:21]=[C:20]([O]C)[S]CC 21=20;20,10=10"
"[H][NH+:10](C([H])C([H])C(CC)[NH]1)[C:20]1([NH:21]C6=CC=CC=C6)[NH][H].[Cl-]>>[Cl-].[H][NH:10]C([H])C([H])C(CC)[NH][C:20]([NH][H])=[NH+:21]C6=CC=CC=C6 21=20;20,10=10"
"[H][S:10]C(CC)C(C)[O][C:20]([O]CC)=[O+:21]C.[Cl-]>>[Cl-].[H][S+:10](C(CC)C(C)[O]1)[C:20]1([O:21]C)[O]CC 10=20;20,21=21"
"C9=CC=CC=C9[O:10][H].C[O+:21]=[C:20]([O]C)[S]C.[Cl-]>>[Cl-].C9=CC=CC=C9[O+:10]([H])[C:20]([O:21]C)([O]C)[S]C 10=20;20,21=21"
"[H][O:10]C(C)C(C8=CC=CC=C8)[NH][C:20]([O]CC)=[NH+:21]C.[Cl-]>>[Cl-].[H][O+:10](C(C)C(C8=CC=CC=C8)[NH]1)[C:20]1([NH:21]C)[O]CC 10=20;20,21=21"
"[H][O+:10](C([H])C(C)C(CC)[NH]1)[C:20]1([NH:21]CC)[NH][H].[Cl-]>>[Cl-].[H][O:10]C([H])C(C)C(CC)[NH][C:20]([NH][H])=[NH+:21]CC 21=20;20,10=10"
"C[NH+:21]=[C:20]2[O]C(C)C(C)[O]2.C[NH:10][H].[Cl-]>>[Cl-].C[NH+:10]([H])[C:20]1([NH:21]C)[O]C(C)C(C)[O]1 10=20;20,21=21"
"C[O+:21]=[C:20]2[O][CH](CC)[CH]([H])C(C8=CC=CC=C8)[S]2.[H][O:10][H].[Cl-]>>[Cl-].[H][O+:10]([H])[C:20]1([O:21]C)[O][CH](CC)C([H])[CH](C8=CC=CC=C8)[S]1 10=20;20,21=21"
"[H][NH+:10]([H])[C:20]([NH:21][H])([O]C8=CC=CC=C8)[NH]C7=CC=CC=C7.[Cl-]>>[Cl-].[H][NH:10][H].[H][NH+:21]=[C:20]([O]C8=CC=CC=C8)[NH]C7=CC=CC=C7 21=20;20,10=10"
"[H][O+:10](C([H])C(CC)[NH]1)[C:20]1([NH:21][H])[NH]C.[Cl-]>>[Cl-].[H][O:10]C([H])C(CC)[NH][C:20]([NH]C)=[NH+:21][H] 21=20;20,10=10"
"[H][NH:10]C(C)C([H])C([H])[NH][C:20]([O]C7=CC=CC=C7)=[NH+:21][H].[Cl-]>>[Cl-].[H][NH+:10](C(C)C([H])C([H])[NH]1)[C:20]1([NH:21][H])[O]C7=CC=CC=C7 10=20;20,21=21"
"CCC1C(C(O[C:20](=[O:10])N1CC)C)CCCCCC.[O-:21][H]>>CCC1C(C(O[C:20](N1CC)([O-:10])[O:21][H])C)CCCCCC 21=20;20,10=10"
"C1=CC=CC=C1C1C(C(O[C:20](N1C1=CC=CC=C1)([O-:10])[O:21][H])CC)CCCCCC>>C1=CC=CC=C1C1C(C(O[C:20](=[O:10])N1C1=CC=CC=C1)CC)CCCCCC.[O-:21][H] 10=20;20,21=21"
"[H][NH+:21]=[C:20]2[O][CH](C7=CC=CC=C7)[CH](C)C(C)[O]2.CC[O:10][H].[Cl-]>>[Cl-].CC[O+:10]([H])[C:20]1([NH:21][H])[O][CH](C7=CC=CC=C7)C(C)[CH](C)[O]1 10=20;20,21=21"
"[O-:21][C:20]1(OCC)C([H])C(O)C(C)C(CC)[O+:10]1([K])>>[O:10]([K])C(CC)C(C)C(O)C([H])[C:20](OCC)=[O:21] 21=20;20,10=10"
"CC[NH+:10]([H])[C:20]1([NH:21][H])[NH][CH](CC)C(C)[CH](C8=CC=CC=C8)[O]1.[Cl-]>>[Cl-].[H][NH+:21]=[C:20]2[NH][CH](CC)[CH](C)C(C8=CC=CC=C8)[O]2.CC[NH:10][H] 21=20;20,10=10"
"[H][NH:10]C(C9=CC=CC=C9)C([H])C(C)[NH][C:20]([O]CC)=[NH+:21]C.[Cl-]>>[Cl-].[H][NH+:10](C(C9=CC=CC=C9)C([H])C(C)[NH]1)[C:20]1([NH:21]C)[O]CC 10=20;20,21=21"
"[H][S+:10]([H])[C:20]1([O:21][Si](C)(C)(C))[S]C([H])C(C)[O]1.[Cl-]>>[Cl-].[Si](C)(C)(C)[O+:21]=[C:20]2[S]C([H])C(C)[O]2.[H][S:10][H] 21=20;20,10=10"
"[O:10]([Na])C(CC)C(C)/C([H])=C([H])\[C:20](OCC)=[O:21]>>[O-:21][C:20]1(OCC)C([H])=C([H])C(C)C(CC)[O+:10]1([Na]) 10=20;20,21=21"
"CC[NH+:10]([H])[C:20]([NH:21][H])([NH]CC)[NH]C7=CC=CC=C7.[Cl-]>>[Cl-].CC[NH:10][H].[H][NH+:21]=[C:20]([NH]CC)[NH]C7=CC=CC=C7 21=20;20,10=10"
"C9=CC=CC=C9[O+:10]([H])[C:20]([NH:21]C)([NH]CC)[NH]C7=CC=CC=C7.[Cl-]>>[Cl-].C9=CC=CC=C9[O:10][H].C[NH+:21]=[C:20]([NH]CC)[NH]C7=CC=CC=C7 21=20;20,10=10"
"C9=CC=CC=C9[NH+:10]([H])[C:20]1([NH:21]C6=CC=CC=C6)[O]C(C)C(C)[O]1.[Cl-]>>[Cl-].C6=CC=CC=C6[NH+:21]=[C:20]2[O]C(C)C(C)[O]2.C9=CC=CC=C9[NH:10][H] 21=20;20,10=10"
"C1(C(O[C:20]([O-:10])([O:21]C1CC)OCCCCCC)C1=CC=CC=C1)C1=CC=CC=C1>>C(C([O-:21])CC)(C(O[C:20](=[O:10])OCCCCCC)C1=CC=CC=C1)C1=CC=CC=C1 10=20;20,21=21"
"CC[O:10][H].C[O+:21]=[C:20]([S]C)[S][H].[Cl-]>>[Cl-].CC[O+:10]([H])[C:20]([O:21]C)([S]C)[S][H] 10=20;20,21=21"
"[O-:21][C:20]1([H])C([H])C(C)C(C)C(CC)[O+:10]1([K])>>[O:10]([K])C(CC)C(C)C(C)C([H])[C:20]([H])=[O:21] 21=20;20,10=10"
"[H][NH:10]C(C)C([H])C([H])[O][C:20]([O]C7=CC=CC=C7)=[NH+:21]C6=CC=CC=C6.[Cl-]>>[Cl-].[H][NH+:10](C(C)C([H])C([H])[O]1)[C:20]1([NH:21]C6=CC=CC=C6)[O]C7=CC=CC=C7 10=20;20,21=21"
"C1=CC=CC=C1C1C(C(O[C:20](N1C)([O-:10])[O:21]CC)[H])CC>>C1=CC=CC=C1C1C(C(O[C:20](=[O:10])N1C)[H])CC.[O-:21]CC 10=20;20,21=21"
"C6=CC=CC=C6[NH+:21]=[C:20]2[O][CH]([H])[CH]([H])C(CC)[NH]2.C9=CC=CC=C9[NH:10][H].[Cl-]>>[Cl-].C9=CC=CC=C9[NH+:10]([H])[C:20]1([NH:21]C6=CC=CC=C6)[O][CH]([H])C([H])[CH](CC)[NH]1 10=20;20,21=21"
"[H][NH:10]C(C9=CC=CC=C9)C([H])C(CC)[NH][C:20]([O][H])=[NH+:21]C6=CC=CC=C6.[Cl-]>>[Cl-].[H][NH+:10](C(C9=CC=CC=C9)C([H])C(CC)[NH]1)[C:20]1([NH:21]C6=CC=CC=C6)[O][H] 10=20;20,21=21"
"[H]N([C:20]1(OC(C(C([O:21]1)CCCCCC)C)C1=CC=CC=C1)[O-:10])C1=CC=CC=C1>>[H]N([C:20](=[O:10])OC(C(C([O-:21])CCCCCC)C)C1=CC=CC=C1)C1=CC=CC=C1 10=20;20,21=21"
"C[NH+:21]=[C:20]2[NH][CH]([H])[CH]([H])C(C)[O]2.[H][O:10][H].[Cl-]>>[Cl-].[H][O+:10]([H])[C:20]1([NH:21]C)[NH][CH]([H])C([H])[CH](C)[O]1 10=20;20,21=21"
"C[O+:10]([H])[C:20]1([O:21][H])[O][CH](CC)C(C)[CH](CC)[O]1.[Cl-]>>[Cl-].[H][O+:21]=[C:20]2[O][CH](CC)[CH](C)C(CC)[O]2.C[O:10][H] 21=20;20,10=10"
"C1=CC=CC=C1C1C(C(O[C:20](N1C)([O-:10])[O:21]C1=CC=CC=C1)C)CC>>C1=CC=CC=C1C1C(C(O[C:20](=[O:10])N1C)C)CC.[O-:21]C1=CC=CC=C1 10=20;20,21=21"
"C1(C(O[C:20]([O-:10])([O:21]C1C1=CC=CC=C1)OCCCCCC)C1=CC=CC=C1)C1=CC=CC=C1>>C(C([O-:21])C1=CC=CC=C1)(C(O[C:20](=[O:10])OCCCCCC)C1=CC=CC=C1)C1=CC=CC=C1 10=20;20,21=21"
"CCC1C(C(O[C:20](=[O:10])N1CCCCCC)[H])[H].[O-:21][H]>>CCC1C(C(O[C:20](N1CCCCCC)([O-:10])[O:21][H])[H])[H] 21=20;20,10=10"
"[H][NH+:10](C(CC)C(C)C(C)[NH]1)[C:20]1([NH:21]CC)[NH]C7=CC=CC=C7.[Cl-]>>[Cl-].[H][NH:10]C(CC)C(C)C(C)[NH][C:20]([NH]C7=CC=CC=C7)=[NH+:21]CC 21=20;20,10=10"
"CCN([C:20]1(OC(C(C([O:21]1)CCCCCC)C)CCCCCC)[O-:10])C>>CCN([C:20](=[O:10])OC(C(C([O-:21])CCCCCC)C)CCCCCC)C 10=20;20,21=21"
"C9=CC=CC=C9[O+:10]([H])[C:20]1([O:21]C)[O][CH]([H])C(C)[CH](CC)[S]1.[Cl-]>>[Cl-].C[O+:21]=[C:20]2[O][CH]([H])[CH](C)C(CC)[S]2.C9=CC=CC=C9[O:10][H] 21=20;20,10=10"
"[H]C1C(C(O[C:20](=[O:10])N1C)CC)CC.[O-:21]C>>[H]C1C(C(O[C:20](N1C)([O-:10])[O:21]C)CC)CC 21=20;20,10=10"
"C9=CC=CC=C9[O+:10]([H])[C:20]1([NH:21][H])[O][CH](CC)C(C)[CH](C)[O]1.[Cl-]>>[Cl-].[H][NH+:21]=[C:20]2[O][CH](CC)[CH](C)C(C)[O]2.C9=CC=CC=C9[O:10][H] 21=20;20,10=10"
"CC[NH+:10]([H])[C:20]([NH:21]C)([NH]C)[NH]C7=CC=CC=C7.[Cl-]>>[Cl-].CC[NH:10][H].C[NH+:21]=[C:20]([NH]C)[NH]C7=CC=CC=C7 21=20;20,10=10"
"[H]C1C(C(O[C:20](N1[H])([O-:10])[Cl:21])CC)CCCCCC>>[H]C1C(C(O[C:20](=[O:10])N1[H])CC)CCCCCC.[Cl-:21] 10=20;20,21=21"
"[H]C1C(C(O[C:20](=[O:10])N1C1=CC=CC=C1)C1=CC=CC=C1)[H].[O-:21][H]>>[H]C1C(C(O[C:20](N1C1=CC=CC=C1)([O-:10])[O:21][H])C1=CC=CC=C1)[H] 21=20;20,10=10"
"[H][NH+:21]=[C:20]2[O]C(C)C(CC)[NH]2.[H][NH:10][H].[Cl-]>>[Cl-].[H][NH+:10]([H])[C:20]1([NH:21][H])[O]C(C)C(CC)[NH]1 10=20;20,21=21"
"C[NH:10][H].C6=CC=CC=C6[NH+:21]=[C:20]([O]CC)[O][H].[Cl-]>>[Cl-].C[NH+:10]([H])[C:20]([NH:21]C6=CC=CC=C6)([O]CC)[O][H] 10=20;20,21=21"
"CC[NH+:10]([H])[C:20]1([NH:21]C6=CC=CC=C6)[O][CH](C7=CC=CC=C7)C([H])[CH](C8=CC=CC=C8)[O]1.[Cl-]>>[Cl-].C6=CC=CC=C6[NH+:21]=[C:20]2[O][CH](C7=CC=CC=C7)[CH]([H])C(C8=CC=CC=C8)[O]2.CC[NH:10][H] 21=20;20,10=10"
"C9=CC=CC=C9[O+:10]([H])[C:20]1([NH:21]CC)[O][CH]([H])C([H])[CH](C8=CC=CC=C8)[NH]1.[Cl-]>>[Cl-].CC[NH+:21]=[C:20]2[O][CH]([H])[CH]([H])C(C8=CC=CC=C8)[NH]2.C9=CC=CC=C9[O:10][H] 21=20;20,10=10"
"CCN([C:20]1(OC(C([O:21]1)C)CC)[O-:10])CC>>CCN([C:20](=[O:10])OC(C([O-:21])C)CC)CC 10=20;20,21=21"
"C[S:10][H].[Si](C)(C)(C)[O+:21]=[C:20]([O]CC)[S][H].[Cl-]>>[Cl-].C[S+:10]([H])[C:20]([O:21][Si](C)(C)(C))([O]CC)[S][H] 10=20;20,21=21"
"[OH:10]C(CC)C(O)C([C:20](OCC)=[OH+:21])C>>[OH:21][C:20]1(OCC)[OH+:10]C(CC)C(O)C1C 10=20;20,21=21"
"[NH:10](C)C(C)C([H])C(C)C([H])[C:20](C)=[O:21]>>[O-:21][C:20]1(C)C([H])C(C)C([H])C(C)[NH+:10]1(C) 10=20;20,21=21"
"[O:20]=[C:21](OCCCCCC)OC1=CC=CC=C1.C1=CC=CC=C1[O:10][K]>>C1=CC=CC=C1[O+:10]([K])[C:21]([O-:20])(OCCCCCC)OC1=CC=CC=C1 10=21;21,20=20"
"[H][O:10]C([H])C(C)C(C8=CC=CC=C8)[NH][C:20]([NH]C)=[NH+:21]C.[Cl-]>>[Cl-].[H][O+:10](C([H])C(C)C(C8=CC=CC=C8)[NH]1)[C:20]1([NH:21]C)[NH]C 10=20;20,21=21"
"CC[NH+:21]=[C:20]2[NH]C(CC)C(C8=CC=CC=C8)[NH]2.CC[O:10][H].[Cl-]>>[Cl-].CC[O+:10]([H])[C:20]1([NH:21]CC)[NH]C(CC)C(C8=CC=CC=C8)[NH]1 10=20;20,21=21"
"[O-:21][C:20]1(OCC)C([H])C(C)C([H])C(CC)[O+:10]1([K])>>[O:10]([K])C(CC)C([H])C(C)C([H])[C:20](OCC)=[O:21] 21=20;20,10=10"
"[H][NH:10]C(CC)C([H])C(C8=CC=CC=C8)[O][C:20]([O]CC)=[NH+:21]CC.[Cl-]>>[Cl-].[H][NH+:10](C(CC)C([H])C(C8=CC=CC=C8)[O]1)[C:20]1([NH:21]CC)[O]CC 10=20;20,21=21"
"[H][NH+:10]([H])[C:20]1([NH:21]C)[O][CH](C7=CC=CC=C7)C([H])[CH]([H])[O]1.[Cl-]>>[Cl-].C[NH+:21]=[C:20]2[O][CH](C7=CC=CC=C7)[CH]([H])C([H])[O]2.[H][NH:10][H] 21=20;20,10=10"
"[O-:10]C(C)C(C)C([H])C(O)[C:20](OCC)=[O:21]>>[O-:21][C:20]1(OCC)C(O)C([H])C(C)C(C)[O:10]1 10=20;20,21=21"
"[H][NH+:10](C(C9=CC=CC=C9)C(C)[NH]1)[C:20]1([NH:21]C)[NH]C7=CC=CC=C7.[Cl-]>>[Cl-].[H][NH:10]C(C9=CC=CC=C9)C(C)[NH][C:20]([NH]C7=CC=CC=C7)=[NH+:21]C 21=20;20,10=10"
"C1=CC=CC=C1N([C:20](=[O:10])OC(C([O-:21])CC)CCCCCC)[H]>>C1=CC=CC=C1N([C:20]1(OC(C([O:21]1)CC)CCCCCC)[O-:10])[H] 21=20;20,10=10"
"C[O+:21]=[C:20]2[S][CH](C7=CC=CC=C7)[CH](C)C(CC)[S]2.[H][S:10][H].[Cl-]>>[Cl-].[H][S+:10]([H])[C:20]1([O:21]C)[S][CH](C7=CC=CC=C7)C(C)[CH](CC)[S]1 10=20;20,21=21"
"[H][O+:21]=[C:20]2[S]C([H])C(C)[S]2.C[S:10][H].[Cl-]>>[Cl-].C[S+:10]([H])[C:20]1([O:21][H])[S]C([H])C(C)[S]1 10=20;20,21=21"
"[H][O+:10](C(C9=CC=CC=C9)C([H])C(CC)[NH]1)[C:20]1([NH:21]C6=CC=CC=C6)[NH]C.[Cl-]>>[Cl-].[H][O:10]C(C9=CC=CC=C9)C([H])C(CC)[NH][C:20]([NH]C)=[NH+:21]C6=CC=CC=C6 21=20;20,10=10"
"C[NH+:10]([H])[C:20]1([NH:21][H])[NH]C(CC)C([H])[NH]1.[Cl-]>>[Cl-].[H][NH+:21]=[C:20]2[NH]C(CC)C([H])[NH]2.C[NH:10][H] 21=20;20,10=10"
"CCN([C:20](=[O:10])OC(C(C([O-:21])C)C)CC)C1=CC=CC=C1>>CCN([C:20]1(OC(C(C([O:21]1)C)C)CC)[O-:10])C1=CC=CC=C1 21=20;20,10=10"
"[H][NH+:21]=[C:20]2[O]C(C)C(C)[NH]2.[H][NH:10][H].[Cl-]>>[Cl-].[H][NH+:10]([H])[C:20]1([NH:21][H])[O]C(C)C(C)[NH]1 10=20;20,21=21"
"CC[O+:10]([H])[C:20]1([O:21][H])[S]C(C)C(C)[O]1.[Cl-]>>[Cl-].[H][O+:21]=[C:20]2[S]C(C)C(C)[O]2.CC[O:10][H] 21=20;20,10=10"
"CCC1C(C(O[C:20](=[O:10])N1C1=CC=CC=C1)C1=CC=CC=C1)C.[O-:21]CC>>CCC1C(C(O[C:20](N1C1=CC=CC=C1)([O-:10])[O:21]CC)C1=CC=CC=C1)C 21=20;20,10=10"
"C1=CC=CC=C1C1C(C(O[C:20](N1CCCCCC)([O-:10])[O:21]C1=CC=CC=C1)CCCCCC)CC>>C1=CC=CC=C1C1C(C(O[C:20](=[O:10])N1CCCCCC)CCCCCC)CC.[O-:21]C1=CC=CC=C1 10=20;20,21=21"
"C[S+:10]([H])[C:20]1([O:21]C)[S]C(C7=CC=CC=C7)C(C8=CC=CC=C8)[S]1.[Cl-]>>[Cl-].C[O+:21]=[C:20]2[S]C(C7=CC=CC=C7)C(C8=CC=CC=C8)[S]2.C[S:10][H] 21=20;20,10=10"
"[H][NH+:10](C([H])C([H])C(CC)[O]1)[C:20]1([NH:21]C6=CC=CC=C6)[O]CC.[Cl-]>>[Cl-].[H][NH:10]C([H])C([H])C(CC)[O][C:20]([O]CC)=[NH+:21]C6=CC=CC=C6 21=20;20,10=10"
"[NH:10](C)C([H])C([H])C(O)C(C)[C:20](OC)=[O:21]>>[O-:21][C:20]1(OC)C(C)C(O)C([H])C([H])[NH+:10]1(C) 10=20;20,21=21"
"CN([C:20]1(OC(C(C([O:21]1)C)CC)C1=CC=CC=C1)[O-:10])CC>>CN([C:20](=[O:10])OC(C(C([O-:21])C)CC)C1=CC=CC=C1)CC 10=20;20,21=21"
"[H][S:10][H].C[O+:21]=[C:20]([S][H])[O][H].[Cl-]>>[Cl-].[H][S+:10]([H])[C:20]([O:21]C)([S][H])[O][H] 10=20;20,21=21"
"[Li][O:21]CC.[C:20](=[O:10])(OCCCCCC)OCC>>[Li][O+:21]([C:20]([O-:10])(OCCCCCC)OCC)CC 21=20;20,10=10"
"[H][S+:10](C(CC)C(C)C([H])[S]1)[C:20]1([O:21][H])[O]C.[Cl-]>>[Cl-].[H][S:10]C(CC)C(C)C([H])[S][C:20]([O]C)=[O+:21][H] 21=20;20,10=10"
"[H][S:10]C(CC)C(C)C(CC)[S][C:20]([O]C)=[O+:21][H].[Cl-]>>[Cl-].[H][S+:10](C(CC)C(C)C(CC)[S]1)[C:20]1([O:21][H])[O]C 10=20;20,21=21"
"CC[O+:10]([H])[C:20]1([O:21][H])[O][CH](C7=CC=CC=C7)C([H])[CH](C8=CC=CC=C8)[S]1.[Cl-]>>[Cl-].[H][O+:21]=[C:20]2[O][CH](C7=CC=CC=C7)[CH]([H])C(C8=CC=CC=C8)[S]2.CC[O:10][H] 21=20;20,10=10"
"C9=CC=CC=C9[O:10][H].[H][NH+:21]=[C:20]([NH]C)[NH]CC.[Cl-]>>[Cl-].C9=CC=CC=C9[O+:10]([H])[C:20]([NH:21][H])([NH]C)[NH]CC 10=20;20,21=21"
"C6=CC=CC=C6[NH+:21]=[C:20]2[NH][CH](CC)[CH](C)C(CC)[O]2.C[O:10][H].[Cl-]>>[Cl-].C[O+:10]([H])[C:20]1([NH:21]C6=CC=CC=C6)[NH][CH](CC)C(C)[CH](CC)[O]1 10=20;20,21=21"
"C[NH+:10]([H])[C:20]1([NH:21][H])[NH][CH](CC)C([H])[CH]([H])[NH]1.[Cl-]>>[Cl-].[H][NH+:21]=[C:20]2[NH][CH](CC)[CH]([H])C([H])[NH]2.C[NH:10][H] 21=20;20,10=10"
"C6=CC=CC=C6[NH+:21]=[C:20]2[O]C(C7=CC=CC=C7)C(CC)[NH]2.C[NH:10][H].[Cl-]>>[Cl-].C[NH+:10]([H])[C:20]1([NH:21]C6=CC=CC=C6)[O]C(C7=CC=CC=C7)C(CC)[NH]1 10=20;20,21=21"
"[H][NH+:10](C([H])C(C)C(C)[NH]1)[C:20]1([NH:21]CC)[O]C.[Cl-]>>[Cl-].[H][NH:10]C([H])C(C)C(C)[NH][C:20]([O]C)=[NH+:21]CC 21=20;20,10=10"
"CC[O+:10]([H])[C:20]1([NH:21]C)[O][CH](CC)C([H])[CH](CC)[O]1.[Cl-]>>[Cl-].C[NH+:21]=[C:20]2[O][CH](CC)[CH]([H])C(CC)[O]2.CC[O:10][H] 21=20;20,10=10"
"C1=CC=CC=C1N([C:20](=[O:10])OC(C(C([O-:21])CCCCCC)CC)C1=CC=CC=C1)C1=CC=CC=C1>>C1=CC=CC=C1N([C:20]1(OC(C(C([O:21]1)CCCCCC)CC)C1=CC=CC=C1)[O-:10])C1=CC=CC=C1 21=20;20,10=10"
"CCC1C(O[C:20](N1[H])([O-:10])[O:21]CCCCCC)CC>>CCC1C(O[C:20](=[O:10])N1[H])CC.[O-:21]CCCCCC 10=20;20,21=21"
"C6=CC=CC=C6[NH+:21]=[C:20]2[NH]C(CC)C(C)[NH]2.C9=CC=CC=C9[O:10][H].[Cl-]>>[Cl-].C9=CC=CC=C9[O+:10]([H])[C:20]1([NH:21]C6=CC=CC=C6)[NH]C(CC)C(C)[NH]1 10=20;20,21=21"
"CCC1C(C(O[C:20](=[O:10])N1C)C)CC.[O-:21]CCCCCC>>CCC1C(C(O[C:20](N1C)([O-:10])[O:21]CCCCCC)C)CC 21=20;20,10=10"
"CC[NH+:21]=[C:20]2[NH]C(CC)C(CC)[NH]2.[H][NH:10][H].[Cl-]>>[Cl-].[H][NH+:10]([H])[C:20]1([NH:21]CC)[NH]C(CC)C(CC)[NH]1 10=20;20,21=21"
"[H][O+:10](C(CC)C([H])C([H])[NH]1)[C:20]1([NH:21][H])[O]C.[Cl-]>>[Cl-].[H][O:10]C(CC)C([H])C([H])[NH][C:20]([O]C)=[NH+:21][H] 21=20;20,10=10"
"C[NH+:10]([H])[C:20]([NH:21][H])([NH]C8=CC=CC=C8)[O]C.[Cl-]>>[Cl-].C[NH:10][H].[H][NH+:21]=[C:20]([NH]C8=CC=CC=C8)[O]C 21=20;20,10=10"
"C1=CC=CC=C1C1C(C(O[C:20](N1C)([O-:10])[O:21]C1=CC=CC=C1)CC)C>>C1=CC=CC=C1C1C(C(O[C:20](=[O:10])N1C)CC)C.[O-:21]C1=CC=CC=C1 10=20;20,21=21"
"[Si](C)(C)(C)[O+:21]=[C:20]2[O]C(C7=CC=CC=C7)C(C8=CC=CC=C8)[O]2.[H][O:10][H].[Cl-]>>[Cl-].[H][O+:10]([H])[C:20]1([O:21][Si](C)(C)(C))[O]C(C7=CC=CC=C7)C(C8=CC=CC=C8)[O]1 10=20;20,21=21"
"[H][O:10]C([H])C([H])C(C8=CC=CC=C8)[O][C:20]([O]CC)=[O+:21][H].[Cl-]>>[Cl-].[H][O+:10](C([H])C([H])C(C8=CC=CC=C8)[O]1)[C:20]1([O:21][H])[O]CC 10=20;20,21=21"
"C9=CC=CC=C9[NH+:10]([H])[C:20]1([NH:21]CC)[NH]C(C)C([H])[O]1.[Cl-]>>[Cl-].CC[NH+:21]=[C:20]2[NH]C(C)C([H])[O]2.C9=CC=CC=C9[NH:10][H] 21=20;20,10=10"
"[H][S:10]C(C9=CC=CC=C9)C([H])[O][C:20]([S][H])=[O+:21][H].[Cl-]>>[Cl-].[H][S+:10](C(C9=CC=CC=C9)C([H])[O]1)[C:20]1([O:21][H])[S][H] 10=20;20,21=21"
"[H]N([C:20](=[O:10])OC(C(C([O-:21])C1=CC=CC=C1)[H])C)C1=CC=CC=C1>>[H]N([C:20]1(OC(C(C([O:21]1)C1=CC=CC=C1)[H])C)[O-:10])C1=CC=CC=C1 21=20;20,10=10"
"C9=CC=CC=C9[S+:10]([H])[C:20]1([O:21]C)[S][CH](C7=CC=CC=C7)C(C)[CH](C)[S]1.[Cl-]>>[Cl-].C[O+:21]=[C:20]2[S][CH](C7=CC=CC=C7)[CH](C)C(C)[S]2.C9=CC=CC=C9[S:10][H] 21=20;20,10=10"
"[H][O+:21]=[C:20]2[O][CH]([H])[CH]([H])C([H])[O]2.[H][O:10][H].[Cl-]>>[Cl-].[H][O+:10]([H])[C:20]1([O:21][H])[O][CH]([H])C([H])[CH]([H])[O]1 10=20;20,21=21"
"[H]N([C:20](=[O:10])OC(C(C([O-:21])[H])CC)CCCCCC)[H]>>[H]N([C:20]1(OC(C(C([O:21]1)[H])CC)CCCCCC)[O-:10])[H] 21=20;20,10=10"
"CC1C(C(O[C:20](N1CCCCCC)([O-:10])[O:21]C)CCCCCC)C>>CC1C(C(O[C:20](=[O:10])N1CCCCCC)CCCCCC)C.[O-:21]C 10=20;20,21=21"
"C6=CC=CC=C6[NH+:21]=[C:20]2[O][CH](C)[CH](C)C(C)[O]2.C9=CC=CC=C9[NH:10][H].[Cl-]>>[Cl-].C9=CC=CC=C9[NH+:10]([H])[C:20]1([NH:21]C6=CC=CC=C6)[O][CH](C)C(C)[CH](C)[O]1 10=20;20,21=21"
"C9=CC=CC=C9[O+:10]([H])[C:20]([NH:21]C6=CC=CC=C6)([NH][H])[NH]C7=CC=CC=C7.[Cl-]>>[Cl-].C9=CC=CC=C9[O:10][H].C6=CC=CC=C6[NH+:21]=[C:20]([NH][H])[NH]C7=CC=CC=C7 21=20;20,10=10"
"C1=CC=CC=C1[O+:10]([Li])[C:21]([O-:20])(O[H])OCC>>[O:20]=[C:21](O[H])OCC.C1=CC=CC=C1[O:10][Li] 20=21;21,10=10"
"[H][O:10]C(CC)C([H])C(C8=CC=CC=C8)[O][C:20]([O][H])=[O+:21][H].[Cl-]>>[Cl-].[H][O+:10](C(CC)C([H])C(C8=CC=CC=C8)[O]1)[C:20]1([O:21][H])[O][H] 10=20;20,21=21"
"[H][NH+:21]=[C:20]2[NH][CH](CC)[CH]([H])C(CC)[NH]2.CC[NH:10][H].[Cl-]>>[Cl-].CC[NH+:10]([H])[C:20]1([NH:21][H])[NH][CH](CC)C([H])[CH](CC)[NH]1 10=20;20,21=21"
"CCN([C:20]1(OC(C([O:21]1)[H])CC)[O-:10])CCCCCC>>CCN([C:20](=[O:10])OC(C([O-:21])[H])CC)CCCCCC 10=20;20,21=21"
"CCC1C(C(O[C:20](N1[H])([O-:10])[O:21][H])CCCCCC)[H]>>CCC1C(C(O[C:20](=[O:10])N1[H])CCCCCC)[H].[O-:21][H] 10=20;20,21=21"
"CC[S:10][H].C[O+:21]=[C:20]([O]C8=CC=CC=C8)[O]C7=CC=CC=C7.[Cl-]>>[Cl-].CC[S+:10]([H])[C:20]([O:21]C)([O]C8=CC=CC=C8)[O]C7=CC=CC=C7 10=20;20,21=21"
"[H][NH+:10](C(CC)C(C8=CC=CC=C8)[O]1)[C:20]1([NH:21]C)[O]C7=CC=CC=C7.[Cl-]>>[Cl-].[H][NH:10]C(CC)C(C8=CC=CC=C8)[O][C:20]([O]C7=CC=CC=C7)=[NH+:21]C 21=20;20,10=10"
"C6=CC=CC=C6[NH+:21]=[C:20]2[NH][CH](CC)[CH]([H])C(CC)[NH]2.C9=CC=CC=C9[O:10][H].[Cl-]>>[Cl-].C9=CC=CC=C9[O+:10]([H])[C:20]1([NH:21]C6=CC=CC=C6)[NH][CH](CC)C([H])[CH](CC)[NH]1 10=20;20,21=21"
"[H][NH:10]C(C)C(C)[O][C:20]([O][H])=[NH+:21][H].[Cl-]>>[Cl-].[H][NH+:10](C(C)C(C)[O]1)[C:20]1([NH:21][H])[O][H] 10=20;20,21=21"
"[H]N([C:20](=[O:10])OC(C(C([O-:21])[H])[H])C)CCCCCC>>[H]N([C:20]1(OC(C(C([O:21]1)[H])[H])C)[O-:10])CCCCCC 21=20;20,10=10"
"[O-:21][C:20]1(OCC)C(C)=C(C)C(C)C(CCC)[O:10]1>>[O-:10]C(CCC)C(C)/C(C)=C(C)\[C:20](OCC)=[O:21] 21=20;20,10=10"
"CC[NH+:10]([H])[C:20]1([NH:21]CC)[NH][CH](CC)C([H])[CH](C8=CC=CC=C8)[NH]1.[Cl-]>>[Cl-].CC[NH+:21]=[C:20]2[NH][CH](CC)[CH]([H])C(C8=CC=CC=C8)[NH]2.CC[NH:10][H] 21=20;20,10=10"
"[H][O+:10](C(C)C(C)C([H])[NH]1)[C:20]1([NH:21]CC)[O]C7=CC=CC=C7.[Cl-]>>[Cl-].[H][O:10]C(C)C(C)C([H])[NH][C:20]([O]C7=CC=CC=C7)=[NH+:21]CC 21=20;20,10=10"
"[O-:21][C:20]1(OCC)[NH+:10]([H])C([H])C(C)N1C>>[NH:10]([H])C([H])C(C)N([C:20](OCC)=[O:21])C 21=20;20,10=10"
"CC[O:10][H].C[O+:21]=[C:20]([S]CC)[S]CC.[Cl-]>>[Cl-].CC[O+:10]([H])[C:20]([O:21]C)([S]CC)[S]CC 10=20;20,21=21"
"[H][NH:10]C([H])C(C)C(C)[O][C:20]([O][H])=[NH+:21]C6=CC=CC=C6.[Cl-]>>[Cl-].[H][NH+:10](C([H])C(C)C(C)[O]1)[C:20]1([NH:21]C6=CC=CC=C6)[O][H] 10=20;20,21=21"
"[O-:21][C:20]1(OCC)C(O)C(C)C(C)C(CC)[NH+:10]1(C)>>[NH:10](C)C(CC)C(C)C(C)C(O)[C:20](OCC)=[O:21] 21=20;20,10=10"
"C[CH:20]([NH:10]CC)[Cl:21]>>C[CH:20]=[NH+:10]CC.[Cl-:21] 10=20;20,21=21"
"[H][S:10]C([H])C(C)C(CC)[S][C:20]([S][H])=[O+:21]C.[Cl-]>>[Cl-].[H][S+:10](C([H])C(C)C(CC)[S]1)[C:20]1([O:21]C)[S][H] 10=20;20,21=21"
"CC[O+:10]([H])[C:20]1([NH:21]C6=CC=CC=C6)[NH][CH](CC)C(C)[CH](C8=CC=CC=C8)[O]1.[Cl-]>>[Cl-].C6=CC=CC=C6[NH+:21]=[C:20]2[NH][CH](CC)[CH](C)C(C8=CC=CC=C8)[O]2.CC[O:10][H] 21=20;20,10=10"
"[H][NH+:21]=[C:20]2[NH][CH]([H])[CH](C)C(C)[O]2.CC[O:10][H].[Cl-]>>[Cl-].CC[O+:10]([H])[C:20]1([NH:21][H])[NH][CH]([H])C(C)[CH](C)[O]1 10=20;20,21=21"
"[O-:21][C:20]1(OC)[NH+:10]([H])C(C)C([H])C1O>>[NH:10]([H])C(C)C([H])C([C:20](OC)=[O:21])O 21=20;20,10=10"
"[H][S+:10]([H])[C:20]1([O:21][H])[O][CH]([H])C([H])[CH](C8=CC=CC=C8)[S]1.[Cl-]>>[Cl-].[H][O+:21]=[C:20]2[O][CH]([H])[CH]([H])C(C8=CC=CC=C8)[S]2.[H][S:10][H] 21=20;20,10=10"
"[H][O+:10](C(CC)C(C)C([H])[O]1)[C:20]1([NH:21]C)[O]CC.[Cl-]>>[Cl-].[H][O:10]C(CC)C(C)C([H])[O][C:20]([O]CC)=[NH+:21]C 21=20;20,10=10"
"C[NH+:21]=[C:20]2[NH][CH](CC)[CH](C)C(CC)[O]2.[H][O:10][H].[Cl-]>>[Cl-].[H][O+:10]([H])[C:20]1([NH:21]C)[NH][CH](CC)C(C)[CH](CC)[O]1 10=20;20,21=21"
"CC[NH+:10]([H])[C:20]1([NH:21]CC)[O][CH](C)C([H])[CH](C)[NH]1.[Cl-]>>[Cl-].CC[NH+:21]=[C:20]2[O][CH](C)[CH]([H])C(C)[NH]2.CC[NH:10][H] 21=20;20,10=10"
"[H][NH:10]C(C)C(C)C([H])[NH][C:20]([O]CC)=[NH+:21][H].[Cl-]>>[Cl-].[H][NH+:10](C(C)C(C)C([H])[NH]1)[C:20]1([NH:21][H])[O]CC 10=20;20,21=21"
"CC[S:10][H].C[O+:21]=[C:20]([O][H])[S]CC.[Cl-]>>[Cl-].CC[S+:10]([H])[C:20]([O:21]C)([O][H])[S]CC 10=20;20,21=21"
"C1(C(O[C:20]([O-:10])([O:21]C1CCCCCC)OCCCCCC)C)C1=CC=CC=C1>>C(C([O-:21])CCCCCC)(C(O[C:20](=[O:10])OCCCCCC)C)C1=CC=CC=C1 10=20;20,21=21"
"[H][O:10]C([H])C([H])C(C)[O][C:20]([O]C)=[NH+:21]C.[Cl-]>>[Cl-].[H][O+:10](C([H])C([H])C(C)[O]1)[C:20]1([NH:21]C)[O]C 10=20;20,21=21"
"[H]N([C:20]1(OC(C(C([O:21]1)C1=CC=CC=C1)CCCCCC)CCCCCC)[O-:10])[H]>>[H]N([C:20](=[O:10])OC(C(C([O-:21])C1=CC=CC=C1)CCCCCC)CCCCCC)[H] 10=20;20,21=21"
"C9=CC=CC=C9[O+:10]([H])[C:20]1([O:21][Si](C)(C)(C))[O]C([H])C(CC)[O]1.[Cl-]>>[Cl-].[Si](C)(C)(C)[O+:21]=[C:20]2[O]C([H])C(CC)[O]2.C9=CC=CC=C9[O:10][H] 21=20;20,10=10"
"[Si](C)(C)(C)[O+:21]=[C:20]2[O]C(C)C(C)[O]2.CC[S:10][H].[Cl-]>>[Cl-].CC[S+:10]([H])[C:20]1([O:21][Si](C)(C)(C))[O]C(C)C(C)[O]1 10=20;20,21=21"
"[Si](C)(C)(C)[O+:21]=[C:20]2[S]C(C)C([H])[O]2.[H][O:10][H].[Cl-]>>[Cl-].[H][O+:10]([H])[C:20]1([O:21][Si](C)(C)(C))[S]C(C)C([H])[O]1 10=20;20,21=21"
"[H][O+:10]([H])[C:20]1([NH:21][H])[O]C(C)C([H])[O]1.[Cl-]>>[Cl-].[H][NH+:21]=[C:20]2[O]C(C)C([H])[O]2.[H][O:10][H] 21=20;20,10=10"
"[O:10]([K])C(CCC)/C(C)=C([C:20](OC)=[O:21])/C>>[O-:21][C:20]1(OC)[O+:10]([K])C(CCC)C(C)=C1C 10=20;20,21=21"
"[H][O+:10](C(C)C(C)C([H])[O]1)[C:20]1([NH:21][H])[O]C7=CC=CC=C7.[Cl-]>>[Cl-].[H][O:10]C(C)C(C)C([H])[O][C:20]([O]C7=CC=CC=C7)=[NH+:21][H] 21=20;20,10=10"
"C6=CC=CC=C6[NH+:21]=[C:20]2[NH][CH](C)[CH](C)C(C)[O]2.C[NH:10][H].[Cl-]>>[Cl-].C[NH+:10]([H])[C:20]1([NH:21]C6=CC=CC=C6)[NH][CH](C)C(C)[CH](C)[O]1 10=20;20,21=21"
"C[NH+:21]=[C:20]2[NH][CH](CC)[CH](C)C(CC)[NH]2.CC[NH:10][H].[Cl-]>>[Cl-].CC[NH+:10]([H])[C:20]1([NH:21]C)[NH][CH](CC)C(C)[CH](CC)[NH]1 10=20;20,21=21"
"[H]N([C:20](=[O:10])OC(C(C([O-:21])C1=CC=CC=C1)C)[H])CCCCCC>>[H]N([C:20]1(OC(C(C([O:21]1)C1=CC=CC=C1)C)[H])[O-:10])CCCCCC 21=20;20,10=10"
"[O-:21][C:20]1(OC)[O+:10]([K])C(CCC)C(C)C1[H]>>[O:10]([K])C(CCC)C(C)C([C:20](OC)=[O:21])[H] 21=20;20,10=10"
"[O-:21][C:20]1(OCC)C(O)C([H])C([H])C(C)[O+:10]1([K])>>[O:10]([K])C(C)C([H])C([H])C(O)[C:20](OCC)=[O:21] 21=20;20,10=10"
"[O-:21][C:20]1(OCC)C(O)C([H])C(C)C(CC)[NH+:10]1([H])>>[NH:10]([H])C(CC)C(C)C([H])C(O)[C:20](OCC)=[O:21] 21=20;20,10=10"
"CC1C(C(O[C:20](N1C1=CC=CC=C1)([O-:10])[O:21][H])C1=CC=CC=C1)[H]>>CC1C(C(O[C:20](=[O:10])N1C1=CC=CC=C1)C1=CC=CC=C1)[H].[O-:21][H] 10=20;20,21=21"
"C[NH+:10]([H])[C:20]1([NH:21]CC)[O][CH](C7=CC=CC=C7)C([H])[CH](CC)[O]1.[Cl-]>>[Cl-].CC[NH+:21]=[C:20]2[O][CH](C7=CC=CC=C7)[CH]([H])C(CC)[O]2.C[NH:10][H] 21=20;20,10=10"
"[H][O:10]C(C)C([H])[NH][C:20]([O]C)=[NH+:21]C.[Cl-]>>[Cl-].[H][O+:10](C(C)C([H])[NH]1)[C:20]1([NH:21]C)[O]C 10=20;20,21=21"
"[H][NH+:10](C(C9=CC=CC=C9)C(C)C(C)[NH]1)[C:20]1([NH:21][H])[O]C7=CC=CC=C7.[Cl-]>>[Cl-].[H][NH:10]C(C9=CC=CC=C9)C(C)C(C)[NH][C:20]([O]C7=CC=CC=C7)=[NH+:21][H] 21=20;20,10=10"
"[NH:10]([H])C(C)C([H])N([C:20](OC)=[O:21])C>>[O-:21][C:20]1(OC)[NH+:10]([H])C(C)C([H])N1C 10=20;20,21=21"
"C9=CC=CC=C9[S+:10]([H])[C:20]1([O:21][H])[S][CH]([H])C([H])[CH](CC)[O]1.[Cl-]>>[Cl-].[H][O+:21]=[C:20]2[S][CH]([H])[CH]([H])C(CC)[O]2.C9=CC=CC=C9[S:10][H] 21=20;20,10=10"
"CC[NH+:10]([H])[C:20]1([NH:21]C6=CC=CC=C6)[NH][CH](C)C([H])[CH](CC)[O]1.[Cl-]>>[Cl-].C6=CC=CC=C6[NH+:21]=[C:20]2[NH][CH](C)[CH]([H])C(CC)[O]2.CC[NH:10][H] 21=20;20,10=10"
"[H][S+:10](C(C9=CC=CC=C9)C([H])C(CC)[S]1)[C:20]1([O:21][H])[S]CC.[Cl-]>>[Cl-].[H][S:10]C(C9=CC=CC=C9)C([H])C(CC)[S][C:20]([S]CC)=[O+:21][H] 21=20;20,10=10"
"[H]C1C(C(O[C:20](N1CCCCCC)([O-:10])[O:21]C1=CC=CC=C1)[H])CC>>[H]C1C(C(O[C:20](=[O:10])N1CCCCCC)[H])CC.[O-:21]C1=CC=CC=C1 10=20;20,21=21"
"[H][NH:10]C(C9=CC=CC=C9)C(C)C(C8=CC=CC=C8)[NH][C:20]([O][H])=[NH+:21]CC.[Cl-]>>[Cl-].[H][NH+:10](C(C9=CC=CC=C9)C(C)C(C8=CC=CC=C8)[NH]1)[C:20]1([NH:21]CC)[O][H] 10=20;20,21=21"
"CC[NH+:21]=[C:20]2[O][CH](CC)[CH]([H])C([H])[NH]2.[H][NH:10][H].[Cl-]>>[Cl-].[H][NH+:10]([H])[C:20]1([NH:21]CC)[O][CH](CC)C([H])[CH]([H])[NH]1 10=20;20,21=21"
"[OH:10]C(C)C([H])/C(C)=C(C)\[C:20](OCC)=[OH+:21]>>[OH:21][C:20]1(OCC)C(C)=C(C)C([H])C(C)[OH+:10]1 10=20;20,21=21"
"CC[O:10][H].CC[NH+:21]=[C:20]([NH]CC)[NH]C7=CC=CC=C7.[Cl-]>>[Cl-].CC[O+:10]([H])[C:20]([NH:21]CC)([NH]CC)[NH]C7=CC=CC=C7 10=20;20,21=21"
"[H]C1C(C(O[C:20](=[O:10])N1C1=CC=CC=C1)C1=CC=CC=C1)CC.[O-:21]CCCCCC>>[H]C1C(C(O[C:20](N1C1=CC=CC=C1)([O-:10])[O:21]CCCCCC)C1=CC=CC=C1)CC 21=20;20,10=10"
"CC[NH:10][H].C1CC(=O)N(C1=O)O[C:20](=[O:21])CCCCCC>>CC[NH+:10]([C:20]([O-:21])(ON1C(=O)CCC1=O)CCCCCC)[H] 10=20;20,21=21"
"C[NH+:21]=[C:20]2[O]C(C)C(C)[O]2.CC[NH:10][H].[Cl-]>>[Cl-].CC[NH+:10]([H])[C:20]1([NH:21]C)[O]C(C)C(C)[O]1 10=20;20,21=21"
"C9=CC=CC=C9[O:10][H].C6=CC=CC=C6[NH+:21]=[C:20]([O]C8=CC=CC=C8)[NH][H].[Cl-]>>[Cl-].C9=CC=CC=C9[O+:10]([H])[C:20]([NH:21]C6=CC=CC=C6)([O]C8=CC=CC=C8)[NH][H] 10=20;20,21=21"
"CC[S:10][H].C[O+:21]=[C:20]([O]C8=CC=CC=C8)[O]CC.[Cl-]>>[Cl-].CC[S+:10]([H])[C:20]([O:21]C)([O]C8=CC=CC=C8)[O]CC 10=20;20,21=21"
"[H][O+:10](C(C)C(C)C(C8=CC=CC=C8)[O]1)[C:20]1([NH:21]C6=CC=CC=C6)[O]CC.[Cl-]>>[Cl-].[H][O:10]C(C)C(C)C(C8=CC=CC=C8)[O][C:20]([O]CC)=[NH+:21]C6=CC=CC=C6 21=20;20,10=10"
"C9=CC=CC=C9[NH+:10]([H])[C:20]1([NH:21]C)[NH]C(CC)C(C8=CC=CC=C8)[O]1.[Cl-]>>[Cl-].C[NH+:21]=[C:20]2[NH]C(CC)C(C8=CC=CC=C8)[O]2.C9=CC=CC=C9[NH:10][H] 21=20;20,10=10"
"[H][O+:21]=[C:20]2[S]C(CC)C([H])[S]2.C[S:10][H].[Cl-]>>[Cl-].C[S+:10]([H])[C:20]1([O:21][H])[S]C(CC)C([H])[S]1 10=20;20,21=21"
"C9=CC=CC=C9[S+:10]([H])[C:20]([O:21][H])([O]CC)[S][H].[Cl-]>>[Cl-].C9=CC=CC=C9[S:10][H].[H][O+:21]=[C:20]([O]CC)[S][H] 21=20;20,10=10"
"[H][S+:10](C(CC)C([H])C(CC)[O]1)[C:20]1([O:21][H])[S]C.[Cl-]>>[Cl-].[H][S:10]C(CC)C([H])C(CC)[O][C:20]([S]C)=[O+:21][H] 21=20;20,10=10"
"[O-:21][CH:20]2(OC)C3=C(C(C([NH+:10]2(C))C)O)C=CC=C3>>[NH:10](C)C(C(C1=C(C=CC=C1)[CH:20](OC)=[O:21])O)C  21=20;20,10=10"
"[H][O+:10]([H])[C:20]1([NH:21]CC)[O]C(C7=CC=CC=C7)C(C)[NH]1.[Cl-]>>[Cl-].CC[NH+:21]=[C:20]2[O]C(C7=CC=CC=C7)C(C)[NH]2.[H][O:10][H] 21=20;20,10=10"
"[O-:21][C:20]1(OC)[O+:10]([K])C(CCC)C(O)C1C>>[O:10]([K])C(CCC)C(O)C([C:20](OC)=[O:21])C 21=20;20,10=10"
"[H][NH+:10]([H])[C:20]1([NH:21][H])[O]C(C)C(C)[O]1.[Cl-]>>[Cl-].[H][NH+:21]=[C:20]2[O]C(C)C(C)[O]2.[H][NH:10][H] 21=20;20,10=10"
"C9=CC=CC=C9[S+:10]([H])[C:20]1([O:21][H])[S]C(C)C(C)[O]1.[Cl-]>>[Cl-].[H][O+:21]=[C:20]2[S]C(C)C(C)[O]2.C9=CC=CC=C9[S:10][H] 21=20;20,10=10"
"[H][NH:10]C(C9=CC=CC=C9)C(C)C(C)[O][C:20]([NH]CC)=[NH+:21]C6=CC=CC=C6.[Cl-]>>[Cl-].[H][NH+:10](C(C9=CC=CC=C9)C(C)C(C)[O]1)[C:20]1([NH:21]C6=CC=CC=C6)[NH]CC 10=20;20,21=21"
"C[O+:21]=[C:20]2[O][CH](C7=CC=CC=C7)[CH]([H])C(CC)[O]2.C[O:10][H].[Cl-]>>[Cl-].C[O+:10]([H])[C:20]1([O:21]C)[O][CH](C7=CC=CC=C7)C([H])[CH](CC)[O]1 10=20;20,21=21"
"[H][O:10][H].C[O+:21]=[C:20]([O]C)[O][H].[Cl-]>>[Cl-].[H][O+:10]([H])[C:20]([O:21]C)([O]C)[O][H] 10=20;20,21=21"
"CN([C:20](=[O:10])OC(C(C([O-:21])[H])[H])CCCCCC)C>>CN([C:20]1(OC(C(C([O:21]1)[H])[H])CCCCCC)[O-:10])C 21=20;20,10=10"
"[H][O+:10]([H])[C:20]1([NH:21]C)[O]C(CC)C(C)[O]1.[Cl-]>>[Cl-].C[NH+:21]=[C:20]2[O]C(CC)C(C)[O]2.[H][O:10][H] 21=20;20,10=10"
"[H][O+:10](C(C9=CC=CC=C9)C(C)C([H])[NH]1)[C:20]1([NH:21]C6=CC=CC=C6)[O]C7=CC=CC=C7.[Cl-]>>[Cl-].[H][O:10]C(C9=CC=CC=C9)C(C)C([H])[NH][C:20]([O]C7=CC=CC=C7)=[NH+:21]C6=CC=CC=C6 21=20;20,10=10"
"CC1C(C(O[C:20](N1CCCCCC)([O-:10])[Cl:21])[H])CC>>CC1C(C(O[C:20](=[O:10])N1CCCCCC)[H])CC.[Cl-:21] 10=20;20,21=21"
"C6=CC=CC=C6[NH+:21]=[C:20]2[NH]C(CC)C([H])[NH]2.CC[O:10][H].[Cl-]>>[Cl-].CC[O+:10]([H])[C:20]1([NH:21]C6=CC=CC=C6)[NH]C(CC)C([H])[NH]1 10=20;20,21=21"
"[O:20]=[C:21](OCC)OC.C1=CC=CC=C1[O:10][Na]>>C1=CC=CC=C1[O+:10]([Na])[C:21]([O-:20])(OCC)OC 10=21;21,20=20"
"[H][O+:10]([H])[C:20]1([O:21][H])[S][CH](C)C(C)[CH](CC)[S]1.[Cl-]>>[Cl-].[H][O+:21]=[C:20]2[S][CH](C)[CH](C)C(CC)[S]2.[H][O:10][H] 21=20;20,10=10"
"C[NH:10][H].C6=CC=CC=C6[NH+:21]=[C:20]([O]C8=CC=CC=C8)[O]C7=CC=CC=C7.[Cl-]>>[Cl-].C[NH+:10]([H])[C:20]([NH:21]C6=CC=CC=C6)([O]C8=CC=CC=C8)[O]C7=CC=CC=C7 10=20;20,21=21"
"C[NH+:21]=[C:20]2[O][CH](C)[CH]([H])C(C8=CC=CC=C8)[O]2.C9=CC=CC=C9[NH:10][H].[Cl-]>>[Cl-].C9=CC=CC=C9[NH+:10]([H])[C:20]1([NH:21]C)[O][CH](C)C([H])[CH](C8=CC=CC=C8)[O]1 10=20;20,21=21"
"C1=CC=CC=C1C1C(C(O[C:20](N1C1=CC=CC=C1)([O-:10])[O:21][H])C)CCCCCC>>C1=CC=CC=C1C1C(C(O[C:20](=[O:10])N1C1=CC=CC=C1)C)CCCCCC.[O-:21][H] 10=20;20,21=21"
"C9=CC=CC=C9[O+:10]([H])[C:20]1([NH:21]C6=CC=CC=C6)[NH][CH](C7=CC=CC=C7)C([H])[CH](C8=CC=CC=C8)[O]1.[Cl-]>>[Cl-].C6=CC=CC=C6[NH+:21]=[C:20]2[NH][CH](C7=CC=CC=C7)[CH]([H])C(C8=CC=CC=C8)[O]2.C9=CC=CC=C9[O:10][H] 21=20;20,10=10"
"C6=CC=CC=C6[NH+:21]=[C:20]2[NH][CH]([H])[CH]([H])C(C8=CC=CC=C8)[O]2.[H][NH:10][H].[Cl-]>>[Cl-].[H][NH+:10]([H])[C:20]1([NH:21]C6=CC=CC=C6)[NH][CH]([H])C([H])[CH](C8=CC=CC=C8)[O]1 10=20;20,21=21"
"C[NH+:21]=[C:20]2[O][CH](C7=CC=CC=C7)[CH](C)C(CC)[O]2.C[O:10][H].[Cl-]>>[Cl-].C[O+:10]([H])[C:20]1([NH:21]C)[O][CH](C7=CC=CC=C7)C(C)[CH](CC)[O]1 10=20;20,21=21"
"C9=CC=CC=C9[NH:10][H].CC[NH+:21]=[C:20]([NH]CC)[O]C.[Cl-]>>[Cl-].C9=CC=CC=C9[NH+:10]([H])[C:20]([NH:21]CC)([NH]CC)[O]C 10=20;20,21=21"
"[H][O+:10]([H])[C:20]1([NH:21][H])[NH]C(CC)C(CC)[O]1.[Cl-]>>[Cl-].[H][NH+:21]=[C:20]2[NH]C(CC)C(CC)[O]2.[H][O:10][H] 21=20;20,10=10"
"[H][NH:10]C(CC)C([H])C(CC)[O][C:20]([NH]C7=CC=CC=C7)=[NH+:21]CC.[Cl-]>>[Cl-].[H][NH+:10](C(CC)C([H])C(CC)[O]1)[C:20]1([NH:21]CC)[NH]C7=CC=CC=C7 10=20;20,21=21"
"[H][S:10]C([H])C([H])[O][C:20]([O]C7=CC=CC=C7)=[O+:21]C.[Cl-]>>[Cl-].[H][S+:10](C([H])C([H])[O]1)[C:20]1([O:21]C)[O]C7=CC=CC=C7 10=20;20,21=21"
"C[O+:21]=[C:20]2[S][CH](C7=CC=CC=C7)[CH](C)C(C)[S]2.[H][O:10][H].[Cl-]>>[Cl-].[H][O+:10]([H])[C:20]1([O:21]C)[S][CH](C7=CC=CC=C7)C(C)[CH](C)[S]1 10=20;20,21=21"
"[H][O+:10](C([H])C(C)C(C)[O]1)[C:20]1([NH:21]C6=CC=CC=C6)[NH]CC.[Cl-]>>[Cl-].[H][O:10]C([H])C(C)C(C)[O][C:20]([NH]CC)=[NH+:21]C6=CC=CC=C6 21=20;20,10=10"
"C[NH+:21]=[C:20]2[NH][CH](CC)[CH]([H])C([H])[NH]2.C[O:10][H].[Cl-]>>[Cl-].C[O+:10]([H])[C:20]1([NH:21]C)[NH][CH](CC)C([H])[CH]([H])[NH]1 10=20;20,21=21"
"[H][O+:10](C(C9=CC=CC=C9)C(C)C(C)[S]1)[C:20]1([O:21]C)[O]C7=CC=CC=C7.[Cl-]>>[Cl-].[H][O:10]C(C9=CC=CC=C9)C(C)C(C)[S][C:20]([O]C7=CC=CC=C7)=[O+:21]C 21=20;20,10=10"
"[H][S+:10](C(CC)C([H])C(C8=CC=CC=C8)[O]1)[C:20]1([O:21][H])[S]CC.[Cl-]>>[Cl-].[H][S:10]C(CC)C([H])C(C8=CC=CC=C8)[O][C:20]([S]CC)=[O+:21][H] 21=20;20,10=10"
"CC[S+:10]([H])[C:20]1([O:21][H])[S][CH](C)C([H])[CH](C)[O]1.[Cl-]>>[Cl-].[H][O+:21]=[C:20]2[S][CH](C)[CH]([H])C(C)[O]2.CC[S:10][H] 21=20;20,10=10"
"C9=CC=CC=C9[O+:10]([H])[C:20]1([NH:21]CC)[O][CH](CC)C(C)[CH](C)[NH]1.[Cl-]>>[Cl-].CC[NH+:21]=[C:20]2[O][CH](CC)[CH](C)C(C)[NH]2.C9=CC=CC=C9[O:10][H] 21=20;20,10=10"
"[H][O+:10](C(C)C(C8=CC=CC=C8)[O]1)[C:20]1([O:21][H])[S]C7=CC=CC=C7.[Cl-]>>[Cl-].[H][O:10]C(C)C(C8=CC=CC=C8)[O][C:20]([S]C7=CC=CC=C7)=[O+:21][H] 21=20;20,10=10"
"[H][O+:10](C(C)C(C)C([H])[S]1)[C:20]1([O:21]C)[S]C7=CC=CC=C7.[Cl-]>>[Cl-].[H][O:10]C(C)C(C)C([H])[S][C:20]([S]C7=CC=CC=C7)=[O+:21]C 21=20;20,10=10"
"[H][O+:10](C(C9=CC=CC=C9)C(C)C(C8=CC=CC=C8)[O]1)[C:20]1([O:21][H])[S]CC.[Cl-]>>[Cl-].[H][O:10]C(C9=CC=CC=C9)C(C)C(C8=CC=CC=C8)[O][C:20]([S]CC)=[O+:21][H] 21=20;20,10=10"
"CCC1C(C(O[C:20](N1C)([O-:10])[Cl:21])CC)C>>CCC1C(C(O[C:20](=[O:10])N1C)CC)C.[Cl-:21] 10=20;20,21=21"
"C6=CC=CC=C6[NH+:21]=[C:20]2[O]C(C)C(CC)[NH]2.[H][NH:10][H].[Cl-]>>[Cl-].[H][NH+:10]([H])[C:20]1([NH:21]C6=CC=CC=C6)[O]C(C)C(CC)[NH]1 10=20;20,21=21"
"CN([C:20](=[O:10])O[H])[H].[O-:21]C>>CN([C:20]([O-:10])(O[H])[O:21]C)[H] 21=20;20,10=10"
"C9=CC=CC=C9[O+:10]([H])[C:20]1([NH:21]C)[NH]C(C7=CC=CC=C7)C(CC)[O]1.[Cl-]>>[Cl-].C[NH+:21]=[C:20]2[NH]C(C7=CC=CC=C7)C(CC)[O]2.C9=CC=CC=C9[O:10][H] 21=20;20,10=10"
"CC[O+:10]([H])[C:20]1([O:21][H])[O]C(C)C(CC)[S]1.[Cl-]>>[Cl-].[H][O+:21]=[C:20]2[O]C(C)C(CC)[S]2.CC[O:10][H] 21=20;20,10=10"
"CC[S+:10]([H])[C:20]1([O:21]C)[S][CH](C7=CC=CC=C7)C([H])[CH](CC)[S]1.[Cl-]>>[Cl-].C[O+:21]=[C:20]2[S][CH](C7=CC=CC=C7)[CH]([H])C(CC)[S]2.CC[S:10][H] 21=20;20,10=10"
"[H][NH+:21]=[C:20]2[NH][CH]([H])[CH]([H])C(CC)[NH]2.C[NH:10][H].[Cl-]>>[Cl-].C[NH+:10]([H])[C:20]1([NH:21][H])[NH][CH]([H])C([H])[CH](CC)[NH]1 10=20;20,21=21"
"[H][S:10]C(C)C(C)C(C8=CC=CC=C8)[S][C:20]([S]C7=CC=CC=C7)=[O+:21][H].[Cl-]>>[Cl-].[H][S+:10](C(C)C(C)C(C8=CC=CC=C8)[S]1)[C:20]1([O:21][H])[S]C7=CC=CC=C7 10=20;20,21=21"
"C1(C(O[C:20]([O-:10])([O:21]C1[H])O[H])C)C>>C(C([O-:21])[H])(C(O[C:20](=[O:10])O[H])C)C 10=20;20,21=21"
"CN([C:20](=[O:10])OC(C(C([O-:21])C1=CC=CC=C1)C)C)C1=CC=CC=C1>>CN([C:20]1(OC(C(C([O:21]1)C1=CC=CC=C1)C)C)[O-:10])C1=CC=CC=C1 21=20;20,10=10"
"CC1C(C(O[C:20](=[O:10])N1C)CCCCCC)[H].[O-:21]C1=CC=CC=C1>>CC1C(C(O[C:20](N1C)([O-:10])[O:21]C1=CC=CC=C1)CCCCCC)[H] 21=20;20,10=10"
"[O-:10]C(CCC)C([H])C(O)C(O)[C:20](OCC)=[O:21]>>[O-:21][C:20]1(OCC)C(O)C(O)C([H])C(CCC)[O:10]1 10=20;20,21=21"
"[NH:10](C)C([H])C(O)C(C)C(C)[C:20](OCC)=[O:21]>>[O-:21][C:20]1(OCC)C(C)C(C)C(O)C([H])[NH+:10]1(C) 10=20;20,21=21"
"[H][S+:10]([H])[C:20]1([O:21][H])[S][CH](C)C([H])[CH](C)[S]1.[Cl-]>>[Cl-].[H][O+:21]=[C:20]2[S][CH](C)[CH]([H])C(C)[S]2.[H][S:10][H] 21=20;20,10=10"
"[H][S:10]C(C)C(C)C(C8=CC=CC=C8)[S][C:20]([O][H])=[O+:21]C.[Cl-]>>[Cl-].[H][S+:10](C(C)C(C)C(C8=CC=CC=C8)[S]1)[C:20]1([O:21]C)[O][H] 10=20;20,21=21"
"[H][O+:10](C([H])C(C)C(C)[O]1)[C:20]1([NH:21]C6=CC=CC=C6)[NH]C7=CC=CC=C7.[Cl-]>>[Cl-].[H][O:10]C([H])C(C)C(C)[O][C:20]([NH]C7=CC=CC=C7)=[NH+:21]C6=CC=CC=C6 21=20;20,10=10"
"[H]N([C:20](=[O:10])OC(C(C([O-:21])C)CC)[H])[H]>>[H]N([C:20]1(OC(C(C([O:21]1)C)CC)[H])[O-:10])[H] 21=20;20,10=10"
"[H][S:10]C(C9=CC=CC=C9)C(C)C(C)[O][C:20]([S][H])=[O+:21][H].[Cl-]>>[Cl-].[H][S+:10](C(C9=CC=CC=C9)C(C)C(C)[O]1)[C:20]1([O:21][H])[S][H] 10=20;20,21=21"
"C9=CC=CC=C9[NH+:10]([H])[C:20]1([NH:21]C6=CC=CC=C6)[NH]C(C7=CC=CC=C7)C([H])[O]1.[Cl-]>>[Cl-].C6=CC=CC=C6[NH+:21]=[C:20]2[NH]C(C7=CC=CC=C7)C([H])[O]2.C9=CC=CC=C9[NH:10][H] 21=20;20,10=10"
"[H][S:10]C([H])C([H])C([H])[O][C:20]([O]CC)=[O+:21][H].[Cl-]>>[Cl-].[H][S+:10](C([H])C([H])C([H])[O]1)[C:20]1([O:21][H])[O]CC 10=20;20,21=21"
"[H][NH:10]C([H])C(C)[NH][C:20]([NH]CC)=[NH+:21]C6=CC=CC=C6.[Cl-]>>[Cl-].[H][NH+:10](C([H])C(C)[NH]1)[C:20]1([NH:21]C6=CC=CC=C6)[NH]CC 10=20;20,21=21"
"[H][O+:10](C(C9=CC=CC=C9)C([H])C(C)[S]1)[C:20]1([O:21][H])[O]C7=CC=CC=C7.[Cl-]>>[Cl-].[H][O:10]C(C9=CC=CC=C9)C([H])C(C)[S][C:20]([O]C7=CC=CC=C7)=[O+:21][H] 21=20;20,10=10"
"CC[O+:10]([H])[C:20]1([O:21]C)[S][CH](C)C(C)[CH](CC)[O]1.[Cl-]>>[Cl-].C[O+:21]=[C:20]2[S][CH](C)[CH](C)C(CC)[O]2.CC[O:10][H] 21=20;20,10=10"
"C[O+:21]=[C:20]2[O][CH]([H])[CH]([H])C(C8=CC=CC=C8)[O]2.[H][O:10][H].[Cl-]>>[Cl-].[H][O+:10]([H])[C:20]1([O:21]C)[O][CH]([H])C([H])[CH](C8=CC=CC=C8)[O]1 10=20;20,21=21"
"[H][NH:10]C([H])C([H])C(C)[O][C:20]([NH]C)=[NH+:21][H].[Cl-]>>[Cl-].[H][NH+:10](C([H])C([H])C(C)[O]1)[C:20]1([NH:21][H])[NH]C 10=20;20,21=21"
"C9=CC=CC=C9[NH:10][H].CC[NH+:21]=[C:20]([O]C)[NH]C7=CC=CC=C7.[Cl-]>>[Cl-].C9=CC=CC=C9[NH+:10]([H])[C:20]([NH:21]CC)([O]C)[NH]C7=CC=CC=C7 10=20;20,21=21"
"[H][NH+:10]([H])[C:20]1([NH:21][H])[O][CH](CC)C(C)[CH](CC)[O]1.[Cl-]>>[Cl-].[H][NH+:21]=[C:20]2[O][CH](CC)[CH](C)C(CC)[O]2.[H][NH:10][H] 21=20;20,10=10"
"C1=CC=CC=C1N([C:20](=[O:10])OC(C(C([O-:21])CC)CCCCCC)CCCCCC)C1=CC=CC=C1>>C1=CC=CC=C1N([C:20]1(OC(C(C([O:21]1)CC)CCCCCC)CCCCCC)[O-:10])C1=CC=CC=C1 21=20;20,10=10"
"[H][S+:10](C(CC)C([H])C(CC)[S]1)[C:20]1([O:21]C)[O]CC.[Cl-]>>[Cl-].[H][S:10]C(CC)C([H])C(CC)[S][C:20]([O]CC)=[O+:21]C 21=20;20,10=10"
"[O:10]([Na])C([H])C(C)C(C)C(C)[C:20](C)=[O:21]>>[O-:21][C:20]1(C)C(C)C(C)C(C)C([H])[O+:10]1([Na]) 10=20;20,21=21"
"[H][O:10]C(C)C([H])C([H])[O][C:20]([O]C)=[O+:21]C.[Cl-]>>[Cl-].[H][O+:10](C(C)C([H])C([H])[O]1)[C:20]1([O:21]C)[O]C 10=20;20,21=21"
"C1=CC=CC=C1N([C:20]([O-:10])(OCCCCCC)[O:21]CC)CCCCCC>>C1=CC=CC=C1N([C:20](=[O:10])OCCCCCC)CCCCCC.[O-:21]CC 10=20;20,21=21"
"[H][O+:10](C(C)C([H])C([H])[S]1)[C:20]1([O:21]C)[O]CC.[Cl-]>>[Cl-].[H][O:10]C(C)C([H])C([H])[S][C:20]([O]CC)=[O+:21]C 21=20;20,10=10"
"[O-:21][C:20]1(OC)[NH+:10](C)C([H])C([H])C1[H]>>[NH:10](C)C([H])C([H])C([C:20](OC)=[O:21])[H] 21=20;20,10=10"
"[O:10]([K])C(C)C([H])C([H])C([H])[C:20]([H])=[O:21]>>[O-:21][C:20]1([H])C([H])C([H])C([H])C(C)[O+:10]1([K]) 10=20;20,21=21"
"[H][O+:10](C(C9=CC=CC=C9)C(C)C(C)[S]1)[C:20]1([O:21][H])[O][H].[Cl-]>>[Cl-].[H][O:10]C(C9=CC=CC=C9)C(C)C(C)[S][C:20]([O][H])=[O+:21][H] 21=20;20,10=10"
"[OH:10]C(C(C1=C(C=CC=C1)[CH:20](OCC)=[OH+:21])O)C>>[OH:21][CH:20]2(OCC)C3=C(C(C([OH+:10]2)C)O)C=CC=C3 10=20;20,21=21"
"CCCCCCN([C:20](=[O:10])OC(C(C([O-:21])CC)CC)CC)CC>>CCCCCCN([C:20]1(OC(C(C([O:21]1)CC)CC)CC)[O-:10])CC 21=20;20,10=10"
"C[O+:21]=[C:20]2[O][CH](C)[CH](C)C(C)[O]2.C9=CC=CC=C9[S:10][H].[Cl-]>>[Cl-].C9=CC=CC=C9[S+:10]([H])[C:20]1([O:21]C)[O][CH](C)C(C)[CH](C)[O]1 10=20;20,21=21"
"[H][NH+:10](C(C)C(CC)[NH]1)[C:20]1([NH:21]C6=CC=CC=C6)[O]CC.[Cl-]>>[Cl-].[H][NH:10]C(C)C(CC)[NH][C:20]([O]CC)=[NH+:21]C6=CC=CC=C6 21=20;20,10=10"
"[H][O+:10](C([H])C(C)C([H])[NH]1)[C:20]1([NH:21]C6=CC=CC=C6)[NH]CC.[Cl-]>>[Cl-].[H][O:10]C([H])C(C)C([H])[NH][C:20]([NH]CC)=[NH+:21]C6=CC=CC=C6 21=20;20,10=10"
"CN([C:20]1(OC(C(C([O:21]1)C)[H])C1=CC=CC=C1)[O-:10])C1=CC=CC=C1>>CN([C:20](=[O:10])OC(C(C([O-:21])C)[H])C1=CC=CC=C1)C1=CC=CC=C1 10=20;20,21=21"
"[H][O+:21]=[C:20]2[O][CH](C)[CH](C)C(CC)[S]2.C9=CC=CC=C9[O:10][H].[Cl-]>>[Cl-].C9=CC=CC=C9[O+:10]([H])[C:20]1([O:21][H])[O][CH](C)C(C)[CH](CC)[S]1 10=20;20,21=21"
"[H][O+:10](C(C9=CC=CC=C9)C([H])[NH]1)[C:20]1([NH:21]C)[O]C7=CC=CC=C7.[Cl-]>>[Cl-].[H][O:10]C(C9=CC=CC=C9)C([H])[NH][C:20]([O]C7=CC=CC=C7)=[NH+:21]C 21=20;20,10=10"
"[NH:10]([H])C([H])/C([H])=C([H])\C([H])[C:20]([H])=[O:21]>>[O-:21][C:20]1([H])C([H])C([H])=C([H])C([H])[NH+:10]1([H]) 10=20;20,21=21"
"CCN([C:20](=[O:10])OC(C(C([O-:21])CCCCCC)[H])CCCCCC)CC>>CCN([C:20]1(OC(C(C([O:21]1)CCCCCC)[H])CCCCCC)[O-:10])CC 21=20;20,10=10"
"C6=CC=CC=C6[NH+:21]=[C:20]2[O][CH]([H])[CH](C)C(C8=CC=CC=C8)[O]2.C[O:10][H].[Cl-]>>[Cl-].C[O+:10]([H])[C:20]1([NH:21]C6=CC=CC=C6)[O][CH]([H])C(C)[CH](C8=CC=CC=C8)[O]1 10=20;20,21=21"
"[H][NH:10]C(C9=CC=CC=C9)C(CC)[O][C:20]([NH]C7=CC=CC=C7)=[NH+:21]C6=CC=CC=C6.[Cl-]>>[Cl-].[H][NH+:10](C(C9=CC=CC=C9)C(CC)[O]1)[C:20]1([NH:21]C6=CC=CC=C6)[NH]C7=CC=CC=C7 10=20;20,21=21"
"[H][O+:10](C(CC)C([H])C(CC)[O]1)[C:20]1([NH:21]CC)[NH][H].[Cl-]>>[Cl-].[H][O:10]C(CC)C([H])C(CC)[O][C:20]([NH][H])=[NH+:21]CC 21=20;20,10=10"
"[H][O+:10]([H])[C:20]1([NH:21]C6=CC=CC=C6)[NH]C(CC)C(CC)[O]1.[Cl-]>>[Cl-].C6=CC=CC=C6[NH+:21]=[C:20]2[NH]C(CC)C(CC)[O]2.[H][O:10][H] 21=20;20,10=10"
"[H]N([C:20]1(OC(C(C([O:21]1)CCCCCC)[H])CC)[O-:10])CC>>[H]N([C:20](=[O:10])OC(C(C([O-:21])CCCCCC)[H])CC)CC 10=20;20,21=21"
"C1=CC=CC=C1C1C(C(O[C:20](=[O:10])N1CCCCCC)CC)C.[O-:21]CC>>C1=CC=CC=C1C1C(C(O[C:20](N1CCCCCC)([O-:10])[O:21]CC)CC)C 21=20;20,10=10"
"C1=CC=CC=C1C1C(C(O[C:20](=[O:10])N1[H])C1=CC=CC=C1)CC.[O-:21]CC>>C1=CC=CC=C1C1C(C(O[C:20](N1[H])([O-:10])[O:21]CC)C1=CC=CC=C1)CC 21=20;20,10=10"
"[H][O+:10](C(C9=CC=CC=C9)C([H])C(C)[NH]1)[C:20]1([NH:21]CC)[NH]C7=CC=CC=C7.[Cl-]>>[Cl-].[H][O:10]C(C9=CC=CC=C9)C([H])C(C)[NH][C:20]([NH]C7=CC=CC=C7)=[NH+:21]CC 21=20;20,10=10"
"[H][S+:10](C(C9=CC=CC=C9)C([H])C(C)[S]1)[C:20]1([O:21][H])[S]C7=CC=CC=C7.[Cl-]>>[Cl-].[H][S:10]C(C9=CC=CC=C9)C([H])C(C)[S][C:20]([S]C7=CC=CC=C7)=[O+:21][H] 21=20;20,10=10"
"CN([C:20](=[O:10])OC(C([O-:21])CC)CCCCCC)[H]>>CN([C:20]1(OC(C([O:21]1)CC)CCCCCC)[O-:10])[H] 21=20;20,10=10"
"CC[NH+:10]([H])[C:20]1([NH:21]C6=CC=CC=C6)[NH][CH](C7=CC=CC=C7)C(C)[CH](C8=CC=CC=C8)[O]1.[Cl-]>>[Cl-].C6=CC=CC=C6[NH+:21]=[C:20]2[NH][CH](C7=CC=CC=C7)[CH](C)C(C8=CC=CC=C8)[O]2.CC[NH:10][H] 21=20;20,10=10"
"[H][S:10]C(C)C([H])[O][C:20]([S][H])=[O+:21][H].[Cl-]>>[Cl-].[H][S+:10](C(C)C([H])[O]1)[C:20]1([O:21][H])[S][H] 10=20;20,21=21"
"[O-:21][C:20]1(OCC)C(C)C(O)C(O)C(CC)[NH+:10]1([H])>>[NH:10]([H])C(CC)C(O)C(O)C(C)[C:20](OCC)=[O:21] 21=20;20,10=10"
"[H]N([C:20]1(OC(C(C([O:21]1)CCCCCC)[H])[H])[O-:10])CC>>[H]N([C:20](=[O:10])OC(C(C([O-:21])CCCCCC)[H])[H])CC 10=20;20,21=21"
"C[O+:10]([H])[C:20]([NH:21]CC)([NH]CC)[O][H].[Cl-]>>[Cl-].C[O:10][H].CC[NH+:21]=[C:20]([NH]CC)[O][H] 21=20;20,10=10"
"[H][NH+:10](C(CC)C([H])C(C8=CC=CC=C8)[O]1)[C:20]1([NH:21]C6=CC=CC=C6)[NH]C.[Cl-]>>[Cl-].[H][NH:10]C(CC)C([H])C(C8=CC=CC=C8)[O][C:20]([NH]C)=[NH+:21]C6=CC=CC=C6 21=20;20,10=10"
"CC1C(O[C:20](N1C1=CC=CC=C1)([O-:10])[O:21]C)C>>CC1C(O[C:20](=[O:10])N1C1=CC=CC=C1)C.[O-:21]C 10=20;20,21=21"
"[O-:21][C:20]1(OCC)C([H])C(C)C(O)C(CC)[NH+:10]1([H])>>[NH:10]([H])C(CC)C(O)C(C)C([H])[C:20](OCC)=[O:21] 21=20;20,10=10"
"[H][NH+:21]=[C:20]2[NH]C(C)C(CC)[NH]2.[H][NH:10][H].[Cl-]>>[Cl-].[H][NH+:10]([H])[C:20]1([NH:21][H])[NH]C(C)C(CC)[NH]1 10=20;20,21=21"
"[H][NH+:21]=[C:20]2[O]C(C7=CC=CC=C7)C([H])[O]2.C[O:10][H].[Cl-]>>[Cl-].C[O+:10]([H])[C:20]1([NH:21][H])[O]C(C7=CC=CC=C7)C([H])[O]1 10=20;20,21=21"
"[H][O+:10]([H])[C:20]1([NH:21][H])[O]C(C7=CC=CC=C7)C(C)[NH]1.[Cl-]>>[Cl-].[H][NH+:21]=[C:20]2[O]C(C7=CC=CC=C7)C(C)[NH]2.[H][O:10][H] 21=20;20,10=10"
"[H][NH+:10](C(CC)C([H])C([H])[O]1)[C:20]1([NH:21][H])[O]CC.[Cl-]>>[Cl-].[H][NH:10]C(CC)C([H])C([H])[O][C:20]([O]CC)=[NH+:21][H] 21=20;20,10=10"
"[H][O:10]C([H])C([H])[NH][C:20]([NH]C)=[NH+:21]CC.[Cl-]>>[Cl-].[H][O+:10](C([H])C([H])[NH]1)[C:20]1([NH:21]CC)[NH]C 10=20;20,21=21"
"CN([C:20]1(OC(C(C([O:21]1)C1=CC=CC=C1)CC)C)[O-:10])CC>>CN([C:20](=[O:10])OC(C(C([O-:21])C1=CC=CC=C1)CC)C)CC 10=20;20,21=21"
"C9=CC=CC=C9[O+:10]([H])[C:20]1([NH:21][H])[NH][CH](C7=CC=CC=C7)C(C)[CH](C)[O]1.[Cl-]>>[Cl-].[H][NH+:21]=[C:20]2[NH][CH](C7=CC=CC=C7)[CH](C)C(C)[O]2.C9=CC=CC=C9[O:10][H] 21=20;20,10=10"
"[H]N([C:20]1(OC(C(C([O:21]1)C)CC)[H])[O-:10])CCCCCC>>[H]N([C:20](=[O:10])OC(C(C([O-:21])C)CC)[H])CCCCCC 10=20;20,21=21"
"[O-:21][C:20]1(C)[O+:10]([Na])C(CCC)C([H])C1O>>[O:10]([Na])C(CCC)C([H])C([C:20](C)=[O:21])O 21=20;20,10=10"
"[O:10]([K])C([H])C([H])C([C:20](OC)=[O:21])[H]>>[O-:21][C:20]1(OC)[O+:10]([K])C([H])C([H])C1[H] 10=20;20,21=21"
"[O-:21][C:20]1(C)C(C)C(C)C(C)C(CC)[O+:10]1([K])>>[O:10]([K])C(CC)C(C)C(C)C(C)[C:20](C)=[O:21] 21=20;20,10=10"
"[H][NH+:10](C([H])C([H])C([H])[O]1)[C:20]1([NH:21]C6=CC=CC=C6)[O][H].[Cl-]>>[Cl-].[H][NH:10]C([H])C([H])C([H])[O][C:20]([O][H])=[NH+:21]C6=CC=CC=C6 21=20;20,10=10"
"CCN([C:20](=[O:10])OC(C(C([O-:21])CCCCCC)CC)C)[H]>>CCN([C:20]1(OC(C(C([O:21]1)CCCCCC)CC)C)[O-:10])[H] 21=20;20,10=10"
"C1=CC=CC=C1C1C(C(O[C:20](=[O:10])N1C)CCCCCC)C.[O-:21]C1=CC=CC=C1>>C1=CC=CC=C1C1C(C(O[C:20](N1C)([O-:10])[O:21]C1=CC=CC=C1)CCCCCC)C 21=20;20,10=10"
"C[O+:21]=[C:20]2[O][CH](CC)[CH](C)C(C)[S]2.[H][O:10][H].[Cl-]>>[Cl-].[H][O+:10]([H])[C:20]1([O:21]C)[O][CH](CC)C(C)[CH](C)[S]1 10=20;20,21=21"
"[O-:21][C:20]1(OCC)C(O)C(C)C([H])C([H])[O+:10]1([K])>>[O:10]([K])C([H])C([H])C(C)C(O)[C:20](OCC)=[O:21] 21=20;20,10=10"
"CN([C:20](=[O:10])OC(C(C([O-:21])CC)CCCCCC)[H])CCCCCC>>CN([C:20]1(OC(C(C([O:21]1)CC)CCCCCC)[H])[O-:10])CCCCCC 21=20;20,10=10"
"CCN([C:20](=[O:10])OC(C(C([O-:21])C1=CC=CC=C1)CC)CCCCCC)C>>CCN([C:20]1(OC(C(C([O:21]1)C1=CC=CC=C1)CC)CCCCCC)[O-:10])C 21=20;20,10=10"
"C[O+:21]=[C:20]2[S][CH](C7=CC=CC=C7)[CH](C)C([H])[O]2.[H][S:10][H].[Cl-]>>[Cl-].[H][S+:10]([H])[C:20]1([O:21]C)[S][CH](C7=CC=CC=C7)C(C)[CH]([H])[O]1 10=20;20,21=21"
"[H][S+:10](C([H])C([H])C(C)[S]1)[C:20]1([O:21][H])[O]CC.[Cl-]>>[Cl-].[H][S:10]C([H])C([H])C(C)[S][C:20]([O]CC)=[O+:21][H] 21=20;20,10=10"
"CCCCCCN([C:20]1(OC(C(C([O:21]1)[H])CCCCCC)CC)[O-:10])CC>>CCCCCCN([C:20](=[O:10])OC(C(C([O-:21])[H])CCCCCC)CC)CC 10=20;20,21=21"
"[NH:10]([H])C(C=CC=C1)=C1C(C)C([C:20]([H])=[O:21])[H]>>[O-:21][C:20]2([H])C(C(C)C3=C([NH+:10]2([H]))C=CC=C3)[H] 10=20;20,21=21"
"[H][O:10]C([H])C([H])C(C)[NH][C:20]([NH]C)=[NH+:21]CC.[Cl-]>>[Cl-].[H][O+:10](C([H])C([H])C(C)[NH]1)[C:20]1([NH:21]CC)[NH]C 10=20;20,21=21"
"[H]N([C:20](=[O:10])OC(C(C([O-:21])[H])CCCCCC)CCCCCC)[H]>>[H]N([C:20]1(OC(C(C([O:21]1)[H])CCCCCC)CCCCCC)[O-:10])[H] 21=20;20,10=10"
"[H][S:10]C(CC)C(C)C(C8=CC=CC=C8)[S][C:20]([S]C)=[O+:21]C.[Cl-]>>[Cl-].[H][S+:10](C(CC)C(C)C(C8=CC=CC=C8)[S]1)[C:20]1([O:21]C)[S]C 10=20;20,21=21"
"[H][O+:10](C(CC)C([H])C(C)[S]1)[C:20]1([O:21]C)[S][H].[Cl-]>>[Cl-].[H][O:10]C(CC)C([H])C(C)[S][C:20]([S][H])=[O+:21]C 21=20;20,10=10"
"[H][O:10]C([H])C([H])C(C)[O][C:20]([O]C)=[NH+:21]C6=CC=CC=C6.[Cl-]>>[Cl-].[H][O+:10](C([H])C([H])C(C)[O]1)[C:20]1([NH:21]C6=CC=CC=C6)[O]C 10=20;20,21=21"
"CC[NH+:10]([H])[C:20]1([NH:21]CC)[O]C(CC)C(C8=CC=CC=C8)[O]1.[Cl-]>>[Cl-].CC[NH+:21]=[C:20]2[O]C(CC)C(C8=CC=CC=C8)[O]2.CC[NH:10][H] 21=20;20,10=10"
"CCCCCCN([C:20](=[O:10])OC(C([O-:21])[H])[H])C1=CC=CC=C1>>CCCCCCN([C:20]1(OC(C([O:21]1)[H])[H])[O-:10])C1=CC=CC=C1 21=20;20,10=10"
"[H][O:10]C(CC)C([H])C(C8=CC=CC=C8)[O][C:20]([O][H])=[NH+:21][H].[Cl-]>>[Cl-].[H][O+:10](C(CC)C([H])C(C8=CC=CC=C8)[O]1)[C:20]1([NH:21][H])[O][H] 10=20;20,21=21"
"C[NH+:21]=[C:20]2[NH]C(C)C(C8=CC=CC=C8)[NH]2.CC[NH:10][H].[Cl-]>>[Cl-].CC[NH+:10]([H])[C:20]1([NH:21]C)[NH]C(C)C(C8=CC=CC=C8)[NH]1 10=20;20,21=21"
"C[O+:21]=[C:20]2[S][CH](C)[CH](C)C(C8=CC=CC=C8)[O]2.C9=CC=CC=C9[O:10][H].[Cl-]>>[Cl-].C9=CC=CC=C9[O+:10]([H])[C:20]1([O:21]C)[S][CH](C)C(C)[CH](C8=CC=CC=C8)[O]1 10=20;20,21=21"
"[O:10]([Na])C(C)/C(C)=C(C)\C(C)[C:20](OCC)=[O:21]>>[O-:21][C:20]1(OCC)C(C)C(C)=C(C)C(C)[O+:10]1([Na]) 10=20;20,21=21"
"[H][O:10]C(CC)C(C)C(C)[NH][C:20]([NH]CC)=[NH+:21]C6=CC=CC=C6.[Cl-]>>[Cl-].[H][O+:10](C(CC)C(C)C(C)[NH]1)[C:20]1([NH:21]C6=CC=CC=C6)[NH]CC 10=20;20,21=21"
"[H][O:10]C(C9=CC=CC=C9)C(C8=CC=CC=C8)[S][C:20]([O]C)=[O+:21]C.[Cl-]>>[Cl-].[H][O+:10](C(C9=CC=CC=C9)C(C8=CC=CC=C8)[S]1)[C:20]1([O:21]C)[O]C 10=20;20,21=21"
"[O-:10]C(CCC)C([H])C([C:20](C)=[O:21])C>>[O-:21][C:20]1(C)[O:10]C(CCC)C([H])C1C 10=20;20,21=21"
"[H][O+:10](C(C9=CC=CC=C9)C([H])C(CC)[O]1)[C:20]1([O:21][H])[S]C7=CC=CC=C7.[Cl-]>>[Cl-].[H][O:10]C(C9=CC=CC=C9)C([H])C(CC)[O][C:20]([S]C7=CC=CC=C7)=[O+:21][H] 21=20;20,10=10"
"C1=CC=CC=C1[O:10][C:20]([O-:21])(OC1=CC=CC=C1)OC>>[O:21]=[C:20](OC1=CC=CC=C1)OC.[O-:10]C1=CC=CC=C1 21=20;20,10=10"
"C[O+:10]([H])[C:20]1([NH:21]CC)[NH]C(CC)C(C8=CC=CC=C8)[NH]1.[Cl-]>>[Cl-].CC[NH+:21]=[C:20]2[NH]C(CC)C(C8=CC=CC=C8)[NH]2.C[O:10][H] 21=20;20,10=10"
"[H][NH+:10](C(C9=CC=CC=C9)C([H])[O]1)[C:20]1([NH:21]CC)[O][H].[Cl-]>>[Cl-].[H][NH:10]C(C9=CC=CC=C9)C([H])[O][C:20]([O][H])=[NH+:21]CC 21=20;20,10=10"
"[H][NH+:10](C(CC)C(CC)[O]1)[C:20]1([NH:21]CC)[O]C7=CC=CC=C7.[Cl-]>>[Cl-].[H][NH:10]C(CC)C(CC)[O][C:20]([O]C7=CC=CC=C7)=[NH+:21]CC 21=20;20,10=10"
"[H][O:10]C(CC)C([H])[S][C:20]([S]C)=[O+:21][H].[Cl-]>>[Cl-].[H][O+:10](C(CC)C([H])[S]1)[C:20]1([O:21][H])[S]C 10=20;20,21=21"
"[H][NH:10]C([H])C([H])C(CC)[O][C:20]([NH]C)=[NH+:21]C.[Cl-]>>[Cl-].[H][NH+:10](C([H])C([H])C(CC)[O]1)[C:20]1([NH:21]C)[NH]C 10=20;20,21=21"
"[H][O+:10]([H])[C:20]([O:21][H])([O]C8=CC=CC=C8)[S]CC.[Cl-]>>[Cl-].[H][O:10][H].[H][O+:21]=[C:20]([O]C8=CC=CC=C8)[S]CC 21=20;20,10=10"
"CCCCCCC1C(C(O[C:20](=[O:10])N1CCCCCC)C1=CC=CC=C1)CC.[O-:21][H]>>CCCCCCC1C(C(O[C:20](N1CCCCCC)([O-:10])[O:21][H])C1=CC=CC=C1)CC 21=20;20,10=10"
"C9=CC=CC=C9[O+:10]([H])[C:20]1([O:21][H])[O][CH]([H])C([H])[CH](CC)[S]1.[Cl-]>>[Cl-].[H][O+:21]=[C:20]2[O][CH]([H])[CH]([H])C(CC)[S]2.C9=CC=CC=C9[O:10][H] 21=20;20,10=10"
"[H][O+:10](C(C9=CC=CC=C9)C([H])[O]1)[C:20]1([NH:21]C6=CC=CC=C6)[NH]CC.[Cl-]>>[Cl-].[H][O:10]C(C9=CC=CC=C9)C([H])[O][C:20]([NH]CC)=[NH+:21]C6=CC=CC=C6 21=20;20,10=10"
"[H][O:10]C(C)C(C)C(C8=CC=CC=C8)[S][C:20]([S]C7=CC=CC=C7)=[O+:21][H].[Cl-]>>[Cl-].[H][O+:10](C(C)C(C)C(C8=CC=CC=C8)[S]1)[C:20]1([O:21][H])[S]C7=CC=CC=C7 10=20;20,21=21"
"C9=CC=CC=C9[NH+:10]([H])[C:20]([NH:21][H])([O]CC)[NH][H].[Cl-]>>[Cl-].C9=CC=CC=C9[NH:10][H].[H][NH+:21]=[C:20]([O]CC)[NH][H] 21=20;20,10=10"
"[H][S:10]C(CC)C([H])C(C8=CC=CC=C8)[O][C:20]([O]CC)=[O+:21][H].[Cl-]>>[Cl-].[H][S+:10](C(CC)C([H])C(C8=CC=CC=C8)[O]1)[C:20]1([O:21][H])[O]CC 10=20;20,21=21"
"CC[S:10][H].[H][O+:21]=[C:20]([S][H])[O]CC.[Cl-]>>[Cl-].CC[S+:10]([H])[C:20]([O:21][H])([S][H])[O]CC 10=20;20,21=21"
"CCCCCCC1C(C(O[C:20](N1CCCCCC)([O-:10])[O:21][H])CCCCCC)CCCCCC>>CCCCCCC1C(C(O[C:20](=[O:10])N1CCCCCC)CCCCCC)CCCCCC.[O-:21][H] 10=20;20,21=21"
"[H][S+:10]([H])[C:20]1([O:21][Si](C)(C)(C))[S]C([H])C([H])[S]1.[Cl-]>>[Cl-].[Si](C)(C)(C)[O+:21]=[C:20]2[S]C([H])C([H])[S]2.[H][S:10][H] 21=20;20,10=10"
"[H][S:10]C(C)C(C)C([H])[O][C:20]([O]C7=CC=CC=C7)=[O+:21]C.[Cl-]>>[Cl-].[H][S+:10](C(C)C(C)C([H])[O]1)[C:20]1([O:21]C)[O]C7=CC=CC=C7 10=20;20,21=21"
"[H][O+:10](C([H])C([H])C([H])[O]1)[C:20]1([NH:21]C)[NH][H].[Cl-]>>[Cl-].[H][O:10]C([H])C([H])C([H])[O][C:20]([NH][H])=[NH+:21]C 21=20;20,10=10"
"[H][S+:10]([H])[C:20]1([O:21][H])[S][CH](C7=CC=CC=C7)C([H])[CH](CC)[S]1.[Cl-]>>[Cl-].[H][O+:21]=[C:20]2[S][CH](C7=CC=CC=C7)[CH]([H])C(CC)[S]2.[H][S:10][H] 21=20;20,10=10"
"[H][NH+:10]([H])[C:20]([NH:21]C)([O]CC)[NH][H].[Cl-]>>[Cl-].[H][NH:10][H].C[NH+:21]=[C:20]([O]CC)[NH][H] 21=20;20,10=10"
"C9=CC=CC=C9[O+:10]([H])[C:20]([NH:21][H])([O]C)[NH]C7=CC=CC=C7.[Cl-]>>[Cl-].C9=CC=CC=C9[O:10][H].[H][NH+:21]=[C:20]([O]C)[NH]C7=CC=CC=C7 21=20;20,10=10"
"CC[O+:10]([H])[C:20]1([O:21]C)[O]C(C)C(CC)[O]1.[Cl-]>>[Cl-].C[O+:21]=[C:20]2[O]C(C)C(CC)[O]2.CC[O:10][H] 21=20;20,10=10"
"[H][O:10]C(C)C(C)C(C)[NH][C:20]([O]C)=[NH+:21]CC.[Cl-]>>[Cl-].[H][O+:10](C(C)C(C)C(C)[NH]1)[C:20]1([NH:21]CC)[O]C 10=20;20,21=21"
"[H][NH+:10]([H])[C:20]1([NH:21][H])[NH][CH](C)C([H])[CH](CC)[O]1.[Cl-]>>[Cl-].[H][NH+:21]=[C:20]2[NH][CH](C)[CH]([H])C(CC)[O]2.[H][NH:10][H] 21=20;20,10=10"
"C[O+:21]=[C:20]2[O]C(C7=CC=CC=C7)C(C8=CC=CC=C8)[S]2.[H][O:10][H].[Cl-]>>[Cl-].[H][O+:10]([H])[C:20]1([O:21]C)[O]C(C7=CC=CC=C7)C(C8=CC=CC=C8)[S]1 10=20;20,21=21"
"[H][NH+:21]=[C:20]2[O][CH](C7=CC=CC=C7)[CH]([H])C(C)[NH]2.[H][NH:10][H].[Cl-]>>[Cl-].[H][NH+:10]([H])[C:20]1([NH:21][H])[O][CH](C7=CC=CC=C7)C([H])[CH](C)[NH]1 10=20;20,21=21"
"C6=CC=CC=C6[NH+:21]=[C:20]2[O][CH](C)[CH](C)C(CC)[NH]2.[H][NH:10][H].[Cl-]>>[Cl-].[H][NH+:10]([H])[C:20]1([NH:21]C6=CC=CC=C6)[O][CH](C)C(C)[CH](CC)[NH]1 10=20;20,21=21"
"[H][NH:10]C([H])C([H])C(C8=CC=CC=C8)[O][C:20]([NH]C7=CC=CC=C7)=[NH+:21][H].[Cl-]>>[Cl-].[H][NH+:10](C([H])C([H])C(C8=CC=CC=C8)[O]1)[C:20]1([NH:21][H])[NH]C7=CC=CC=C7 10=20;20,21=21"
"C[NH+:21]=[C:20]2[NH][CH](C)[CH](C)C([H])[NH]2.C[O:10][H].[Cl-]>>[Cl-].C[O+:10]([H])[C:20]1([NH:21]C)[NH][CH](C)C(C)[CH]([H])[NH]1 10=20;20,21=21"
"C[S+:10]([H])[C:20]1([O:21][Si](C)(C)(C))[O]C([H])C(CC)[O]1.[Cl-]>>[Cl-].[Si](C)(C)(C)[O+:21]=[C:20]2[O]C([H])C(CC)[O]2.C[S:10][H] 21=20;20,10=10"
"[O-:21][C:20]2([NH+:10](C)C(C7=C2C=CC=C7)C)C>>[NH:10](C)C(C(C=CC=C9)=C9[C:20](C)=[O:21])C 21=20;20,10=10"
"CC[O:10][H].[Si](C)(C)(C)[O+:21]=[C:20]([O]CC)[S]C7=CC=CC=C7.[Cl-]>>[Cl-].CC[O+:10]([H])[C:20]([O:21][Si](C)(C)(C))([O]CC)[S]C7=CC=CC=C7 10=20;20,21=21"
"C1(C(O[C:20]([O-:10])([O:21]C1[H])OCC)CCCCCC)CCCCCC>>C(C([O-:21])[H])(C(O[C:20](=[O:10])OCC)CCCCCC)CCCCCC 10=20;20,21=21"
"C9=CC=CC=C9[S+:10]([H])[C:20]1([O:21][Si](C)(C)(C))[O]C(CC)C([H])[S]1.[Cl-]>>[Cl-].[Si](C)(C)(C)[O+:21]=[C:20]2[O]C(CC)C([H])[S]2.C9=CC=CC=C9[S:10][H] 21=20;20,10=10"
"C9=CC=CC=C9[NH:10][H].C6=CC=CC=C6[NH+:21]=[C:20]([O]C8=CC=CC=C8)[O]CC.[Cl-]>>[Cl-].C9=CC=CC=C9[NH+:10]([H])[C:20]([NH:21]C6=CC=CC=C6)([O]C8=CC=CC=C8)[O]CC 10=20;20,21=21"
"[H][O:10]C(C9=CC=CC=C9)C([H])C(CC)[NH][C:20]([NH]CC)=[NH+:21]CC.[Cl-]>>[Cl-].[H][O+:10](C(C9=CC=CC=C9)C([H])C(CC)[NH]1)[C:20]1([NH:21]CC)[NH]CC 10=20;20,21=21"
"C1=CC=CC=C1N([C:20]1(OC(C(C([O:21]1)C)CC)CCCCCC)[O-:10])[H]>>C1=CC=CC=C1N([C:20](=[O:10])OC(C(C([O-:21])C)CC)CCCCCC)[H] 10=20;20,21=21"
"[H][O:10]C(CC)C(C)[O][C:20]([O]C)=[NH+:21]C.[Cl-]>>[Cl-].[H][O+:10](C(CC)C(C)[O]1)[C:20]1([NH:21]C)[O]C 10=20;20,21=21"
"CN([C:20]([O-:10])([O:21]N1C(=O)CCC1=O)CCCCCC)[H]>>CN([C:20](=[O:10])CCCCCC)[H].C1CC(=O)N(C1=O)[O-:21] 10=20;20,21=21"
"[H][O+:10](C(C)C([H])C(C8=CC=CC=C8)[O]1)[C:20]1([NH:21]C)[NH]CC.[Cl-]>>[Cl-].[H][O:10]C(C)C([H])C(C8=CC=CC=C8)[O][C:20]([NH]CC)=[NH+:21]C 21=20;20,10=10"
"[H][NH+:10](C(CC)C(C)C(C8=CC=CC=C8)[NH]1)[C:20]1([NH:21]CC)[O]C7=CC=CC=C7.[Cl-]>>[Cl-].[H][NH:10]C(CC)C(C)C(C8=CC=CC=C8)[NH][C:20]([O]C7=CC=CC=C7)=[NH+:21]CC 21=20;20,10=10"
"CCC1C(O[C:20](=[O:10])N1C)[H].[O-:21]CC>>CCC1C(O[C:20](N1C)([O-:10])[O:21]CC)[H] 21=20;20,10=10"
"C6=CC=CC=C6[NH+:21]=[C:20]2[O]C(C)C(C8=CC=CC=C8)[O]2.C[O:10][H].[Cl-]>>[Cl-].C[O+:10]([H])[C:20]1([NH:21]C6=CC=CC=C6)[O]C(C)C(C8=CC=CC=C8)[O]1 10=20;20,21=21"
"[H][O+:10](C([H])C(C)C(CC)[O]1)[C:20]1([NH:21]C6=CC=CC=C6)[O][H].[Cl-]>>[Cl-].[H][O:10]C([H])C(C)C(CC)[O][C:20]([O][H])=[NH+:21]C6=CC=CC=C6 21=20;20,10=10"
"[H][O+:10]([H])[C:20]1([O:21][H])[S]C([H])C(CC)[S]1.[Cl-]>>[Cl-].[H][O+:21]=[C:20]2[S]C([H])C(CC)[S]2.[H][O:10][H] 21=20;20,10=10"
"[O-:21][C:20]1(C)C(O)C([H])C(C)C(CC)[NH+:10]1([H])>>[NH:10]([H])C(CC)C(C)C([H])C(O)[C:20](C)=[O:21] 21=20;20,10=10"
"[H][NH+:21]=[C:20]2[O]C(C)C(C)[O]2.CC[O:10][H].[Cl-]>>[Cl-].CC[O+:10]([H])[C:20]1([NH:21][H])[O]C(C)C(C)[O]1 10=20;20,21=21"
"C6=CC=CC=C6[NH+:21]=[C:20]2[NH][CH](CC)[CH]([H])C(C)[O]2.C9=CC=CC=C9[NH:10][H].[Cl-]>>[Cl-].C9=CC=CC=C9[NH+:10]([H])[C:20]1([NH:21]C6=CC=CC=C6)[NH][CH](CC)C([H])[CH](C)[O]1 10=20;20,21=21"
"CCN([C:20]1(OC(C([O:21]1)CCCCCC)[H])[O-:10])CCCCCC>>CCN([C:20](=[O:10])OC(C([O-:21])CCCCCC)[H])CCCCCC 10=20;20,21=21"
"[H]C1C(C(O[C:20](=[O:10])N1CC)CC)CCCCCC.[O-:21]CCCCCC>>[H]C1C(C(O[C:20](N1CC)([O-:10])[O:21]CCCCCC)CC)CCCCCC 21=20;20,10=10"
"CCCCCCC1C(C(O[C:20](N1CCCCCC)([O-:10])[O:21][H])CC)C>>CCCCCCC1C(C(O[C:20](=[O:10])N1CCCCCC)CC)C.[O-:21][H] 10=20;20,21=21"
"CC[NH+:21]=[C:20]2[NH][CH](CC)[CH]([H])C(C)[O]2.C9=CC=CC=C9[NH:10][H].[Cl-]>>[Cl-].C9=CC=CC=C9[NH+:10]([H])[C:20]1([NH:21]CC)[NH][CH](CC)C([H])[CH](C)[O]1 10=20;20,21=21"
"CCN([C:20]([O-:10])(O[H])[O:21][H])C>>CCN([C:20](=[O:10])O[H])C.[O-:21][H] 10=20;20,21=21"
"C[NH+:10]([H])[C:20]1([NH:21]CC)[O][CH](C)C(C)[CH](CC)[NH]1.[Cl-]>>[Cl-].CC[NH+:21]=[C:20]2[O][CH](C)[CH](C)C(CC)[NH]2.C[NH:10][H] 21=20;20,10=10"
"[H][O:10][H].[H][O+:21]=[C:20]([S][H])[S]C7=CC=CC=C7.[Cl-]>>[Cl-].[H][O+:10]([H])[C:20]([O:21][H])([S][H])[S]C7=CC=CC=C7 10=20;20,21=21"
"CCCCCCC1C(C(O[C:20](N1CCCCCC)([O-:10])[O:21]C1=CC=CC=C1)[H])CCCCCC>>CCCCCCC1C(C(O[C:20](=[O:10])N1CCCCCC)[H])CCCCCC.[O-:21]C1=CC=CC=C1 10=20;20,21=21"
"CCCCCCN([C:20](=[O:10])OC(C([O-:21])C1=CC=CC=C1)C1=CC=CC=C1)CCCCCC>>CCCCCCN([C:20]1(OC(C([O:21]1)C1=CC=CC=C1)C1=CC=CC=C1)[O-:10])CCCCCC 21=20;20,10=10"
"[H][O+:10](C([H])C(CC)[O]1)[C:20]1([NH:21]C)[O][H].[Cl-]>>[Cl-].[H][O:10]C([H])C(CC)[O][C:20]([O][H])=[NH+:21]C 21=20;20,10=10"
"CC1C(C(O[C:20](=[O:10])N1CCCCCC)C)CCCCCC.[O-:21]CC>>CC1C(C(O[C:20](N1CCCCCC)([O-:10])[O:21]CC)C)CCCCCC 21=20;20,10=10"
"[H][NH+:10](C(C9=CC=CC=C9)C([H])C([H])[O]1)[C:20]1([NH:21]CC)[O]C7=CC=CC=C7.[Cl-]>>[Cl-].[H][NH:10]C(C9=CC=CC=C9)C([H])C([H])[O][C:20]([O]C7=CC=CC=C7)=[NH+:21]CC 21=20;20,10=10"
"C[O+:10]([H])[C:20]([NH:21]CC)([NH][H])[O][H].[Cl-]>>[Cl-].C[O:10][H].CC[NH+:21]=[C:20]([NH][H])[O][H] 21=20;20,10=10"
"[O-:21][C:20]1(OC)C(C)C([H])C(O)C([H])[NH+:10]1([H])>>[NH:10]([H])C([H])C(O)C([H])C(C)[C:20](OC)=[O:21] 21=20;20,10=10"
"CCC1C(C(O[C:20](N1C1=CC=CC=C1)([O-:10])[O:21]CC)CCCCCC)CC>>CCC1C(C(O[C:20](=[O:10])N1C1=CC=CC=C1)CCCCCC)CC.[O-:21]CC 10=20;20,21=21"
"C1(C(O[C:20]([O-:10])([O:21]C1C)OCC)C1=CC=CC=C1)CC>>C(C([O-:21])C)(C(O[C:20](=[O:10])OCC)C1=CC=CC=C1)CC 10=20;20,21=21"
"[NH:10](C)C(CC)C(C)/C([H])=C([H])\[C:20](OC)=[O:21]>>[O-:21][C:20]1(OC)C([H])=C([H])C(C)C(CC)[NH+:10]1(C) 10=20;20,21=21"
"C9=CC=CC=C9[S+:10]([H])[C:20]([O:21][H])([O]CC)[O]C7=CC=CC=C7.[Cl-]>>[Cl-].C9=CC=CC=C9[S:10][H].[H][O+:21]=[C:20]([O]CC)[O]C7=CC=CC=C7 21=20;20,10=10"
"[H][NH+:21]=[C:20]2[NH][CH](C7=CC=CC=C7)[CH]([H])C(C)[O]2.[H][O:10][H].[Cl-]>>[Cl-].[H][O+:10]([H])[C:20]1([NH:21][H])[NH][CH](C7=CC=CC=C7)C([H])[CH](C)[O]1 10=20;20,21=21"
"C1=CC=CC=C1C1C(C(O[C:20](=[O:10])N1C)C1=CC=CC=C1)[H].[O-:21]C1=CC=CC=C1>>C1=CC=CC=C1C1C(C(O[C:20](N1C)([O-:10])[O:21]C1=CC=CC=C1)C1=CC=CC=C1)[H] 21=20;20,10=10"
"CCC1C(C(O[C:20](=[O:10])N1C1=CC=CC=C1)C1=CC=CC=C1)C.[O-:21]C1=CC=CC=C1>>CCC1C(C(O[C:20](N1C1=CC=CC=C1)([O-:10])[O:21]C1=CC=CC=C1)C1=CC=CC=C1)C 21=20;20,10=10"
"CC1C(C(O[C:20](N1CCCCCC)([O-:10])[O:21][H])C1=CC=CC=C1)CCCCCC>>CC1C(C(O[C:20](=[O:10])N1CCCCCC)C1=CC=CC=C1)CCCCCC.[O-:21][H] 10=20;20,21=21"
"[CH:20]([OH:10])([I:21])C1=CC=CC=C1>>[CH:20](=[OH+:10])C1=CC=CC=C1.[I-:21] 10=20;20,21=21"
"C1=CC=CC=C1C1C(C(O[C:20](N1C)([O-:10])[O:21]C)C)[H]>>C1=CC=CC=C1C1C(C(O[C:20](=[O:10])N1C)C)[H].[O-:21]C 10=20;20,21=21"
"[H][O+:21]=[C:20]2[O]C([H])C([H])[S]2.C[S:10][H].[Cl-]>>[Cl-].C[S+:10]([H])[C:20]1([O:21][H])[O]C([H])C([H])[S]1 10=20;20,21=21"
"[H][O:10]C(CC)C(C)C(C8=CC=CC=C8)[O][C:20]([O][H])=[NH+:21]C.[Cl-]>>[Cl-].[H][O+:10](C(CC)C(C)C(C8=CC=CC=C8)[O]1)[C:20]1([NH:21]C)[O][H] 10=20;20,21=21"
"C9=CC=CC=C9[O+:10]([H])[C:20]1([NH:21]C)[NH][CH]([H])C(C)[CH](CC)[O]1.[Cl-]>>[Cl-].C[NH+:21]=[C:20]2[NH][CH]([H])[CH](C)C(CC)[O]2.C9=CC=CC=C9[O:10][H] 21=20;20,10=10"
"[H][NH+:21]=[C:20]2[NH][CH](C)[CH]([H])C(C)[NH]2.C[NH:10][H].[Cl-]>>[Cl-].C[NH+:10]([H])[C:20]1([NH:21][H])[NH][CH](C)C([H])[CH](C)[NH]1 10=20;20,21=21"
"[H][NH+:21]=[C:20]2[O][CH](C)[CH](C)C(CC)[NH]2.C9=CC=CC=C9[NH:10][H].[Cl-]>>[Cl-].C9=CC=CC=C9[NH+:10]([H])[C:20]1([NH:21][H])[O][CH](C)C(C)[CH](CC)[NH]1 10=20;20,21=21"
"[H][S+:10](C(C)C(C8=CC=CC=C8)[O]1)[C:20]1([O:21][Si](C)(C)(C))[S]CC.[Cl-]>>[Cl-].[H][S:10]C(C)C(C8=CC=CC=C8)[O][C:20]([S]CC)=[O+:21][Si](C)(C)(C) 21=20;20,10=10"
"C[S+:10]([H])[C:20]1([O:21]C)[S]C(C7=CC=CC=C7)C([H])[O]1.[Cl-]>>[Cl-].C[O+:21]=[C:20]2[S]C(C7=CC=CC=C7)C([H])[O]2.C[S:10][H] 21=20;20,10=10"
"C1=CC=CC=C1N([C:20]1(OC(C(C([O:21]1)C1=CC=CC=C1)CC)C1=CC=CC=C1)[O-:10])C1=CC=CC=C1>>C1=CC=CC=C1N([C:20](=[O:10])OC(C(C([O-:21])C1=CC=CC=C1)CC)C1=CC=CC=C1)C1=CC=CC=C1 10=20;20,21=21"
"[H][NH+:10](C([H])C(C)[O]1)[C:20]1([NH:21]CC)[NH]C.[Cl-]>>[Cl-].[H][NH:10]C([H])C(C)[O][C:20]([NH]C)=[NH+:21]CC 21=20;20,10=10"
"C[O:10][H].CC[NH+:21]=[C:20]([NH][H])[NH][H].[Cl-]>>[Cl-].C[O+:10]([H])[C:20]([NH:21]CC)([NH][H])[NH][H] 10=20;20,21=21"
"C(C([O-:21])C1=CC=CC=C1)(C(O[C:20](=[O:10])OCCCCCC)CC)[H]>>C1(C(O[C:20]([O-:10])([O:21]C1C1=CC=CC=C1)OCCCCCC)CC)[H] 21=20;20,10=10"
"C[O+:21]=[C:20]2[S][CH](C)[CH](C)C(CC)[O]2.C[S:10][H].[Cl-]>>[Cl-].C[S+:10]([H])[C:20]1([O:21]C)[S][CH](C)C(C)[CH](CC)[O]1 10=20;20,21=21"
"C(C(O[C:20](=[O:10])OC1=CC=CC=C1)C)([O-:21])[H]>>C1(C([O:21][C:20](O1)([O-:10])OC1=CC=CC=C1)[H])C 21=20;20,10=10"
"CCCCCCN([C:20](=[O:10])OC(C(C([O-:21])CC)CC)C)CC>>CCCCCCN([C:20]1(OC(C(C([O:21]1)CC)CC)C)[O-:10])CC 21=20;20,10=10"
"C9=CC=CC=C9[NH+:10]([H])[C:20]1([NH:21]CC)[NH]C(C7=CC=CC=C7)C([H])[NH]1.[Cl-]>>[Cl-].CC[NH+:21]=[C:20]2[NH]C(C7=CC=CC=C7)C([H])[NH]2.C9=CC=CC=C9[NH:10][H] 21=20;20,10=10"
"CCCCCCN([C:20]([O-:10])([O:21]N1C(=O)CCC1=O)O[H])[H]>>CCCCCCN([C:20](=[O:10])O[H])[H].C1CC(=O)N(C1=O)[O-:21] 10=20;20,21=21"
"[Li][O:21]CCCCCC.[C:20](=[O:10])(OC)OCC>>[Li][O+:21]([C:20]([O-:10])(OC)OCC)CCCCCC 21=20;20,10=10"
"CC[O+:10]([H])[C:20]([NH:21]CC)([NH]C8=CC=CC=C8)[O]C7=CC=CC=C7.[Cl-]>>[Cl-].CC[O:10][H].CC[NH+:21]=[C:20]([NH]C8=CC=CC=C8)[O]C7=CC=CC=C7 21=20;20,10=10"
"CCCCCCN([C:20]1(OC(C(C([O:21]1)CCCCCC)C)[H])[O-:10])C1=CC=CC=C1>>CCCCCCN([C:20](=[O:10])OC(C(C([O-:21])CCCCCC)C)[H])C1=CC=CC=C1 10=20;20,21=21"
"[H][O:10]C(C9=CC=CC=C9)C(C)[S][C:20]([O]C)=[O+:21]C.[Cl-]>>[Cl-].[H][O+:10](C(C9=CC=CC=C9)C(C)[S]1)[C:20]1([O:21]C)[O]C 10=20;20,21=21"
"C6=CC=CC=C6[NH+:21]=[C:20]2[NH][CH]([H])[CH]([H])C(CC)[NH]2.C[NH:10][H].[Cl-]>>[Cl-].C[NH+:10]([H])[C:20]1([NH:21]C6=CC=CC=C6)[NH][CH]([H])C([H])[CH](CC)[NH]1 10=20;20,21=21"
"CCN([C:20]1(OC(C(C([O:21]1)CCCCCC)CCCCCC)CCCCCC)[O-:10])C>>CCN([C:20](=[O:10])OC(C(C([O-:21])CCCCCC)CCCCCC)CCCCCC)C 10=20;20,21=21"
"[O:10]([K])C(CC)/C([H])=C([H])\C(C)[C:20](OCC)=[O:21]>>[O-:21][C:20]1(OCC)C(C)C([H])=C([H])C(CC)[O+:10]1([K]) 10=20;20,21=21"
"C[O+:10]([H])[C:20]([O:21][Si](C)(C)(C))([O]C)[S]C.[Cl-]>>[Cl-].C[O:10][H].[Si](C)(C)(C)[O+:21]=[C:20]([O]C)[S]C 21=20;20,10=10"
"[H][NH:10]C(CC)C([H])C(CC)[O][C:20]([O]C7=CC=CC=C7)=[NH+:21]C.[Cl-]>>[Cl-].[H][NH+:10](C(CC)C([H])C(CC)[O]1)[C:20]1([NH:21]C)[O]C7=CC=CC=C7 10=20;20,21=21"
"[H][O+:21]=[C:20]2[S][CH](CC)[CH](C)C(CC)[S]2.CC[O:10][H].[Cl-]>>[Cl-].CC[O+:10]([H])[C:20]1([O:21][H])[S][CH](CC)C(C)[CH](CC)[S]1 10=20;20,21=21"
"C1=CC=CC=C1N([C:20](=[O:10])OC(C(C([O-:21])CC)CCCCCC)CCCCCC)C>>C1=CC=CC=C1N([C:20]1(OC(C(C([O:21]1)CC)CCCCCC)CCCCCC)[O-:10])C 21=20;20,10=10"
"[NH:10](C)C(CC)C(O)C([H])C(C)[C:20](C)=[O:21]>>[O-:21][C:20]1(C)C(C)C([H])C(O)C(CC)[NH+:10]1(C) 10=20;20,21=21"
"[K][O+:21]([C:20]([O-:10])(OCCCCCC)OCCCCCC)C1=CC=CC=C1>>[K][O:21]C1=CC=CC=C1.[C:20](=[O:10])(OCCCCCC)OCCCCCC 10=20;20,21=21"
"CCCCCCN([C:20]1(OC(C(C([O:21]1)CC)C)C1=CC=CC=C1)[O-:10])CCCCCC>>CCCCCCN([C:20](=[O:10])OC(C(C([O-:21])CC)C)C1=CC=CC=C1)CCCCCC 10=20;20,21=21"
"C1=CC=CC=C1C1C(O[C:20](=[O:10])N1CC)CC.[O-:21]C>>C1=CC=CC=C1C1C(O[C:20](N1CC)([O-:10])[O:21]C)CC 21=20;20,10=10"
"[Si](C)(C)(C)[O+:21]=[C:20]2[S]C([H])C(CC)[S]2.C[S:10][H].[Cl-]>>[Cl-].C[S+:10]([H])[C:20]1([O:21][Si](C)(C)(C))[S]C([H])C(CC)[S]1 10=20;20,21=21"
"CC1C(C(O[C:20](N1C)([O-:10])[Cl:21])[H])C1=CC=CC=C1>>CC1C(C(O[C:20](=[O:10])N1C)[H])C1=CC=CC=C1.[Cl-:21] 10=20;20,21=21"
"[O-:21][C:20]1([H])C(O)C(C)C([H])C([H])[O:10]1>>[O-:10]C([H])C([H])C(C)C(O)[C:20]([H])=[O:21] 21=20;20,10=10"
"[H][NH+:10](C(CC)C(C)C(C8=CC=CC=C8)[O]1)[C:20]1([NH:21]C)[O][H].[Cl-]>>[Cl-].[H][NH:10]C(CC)C(C)C(C8=CC=CC=C8)[O][C:20]([O][H])=[NH+:21]C 21=20;20,10=10"
"CC[O:10][H].[H][O+:21]=[C:20]([S]C8=CC=CC=C8)[S]C7=CC=CC=C7.[Cl-]>>[Cl-].CC[O+:10]([H])[C:20]([O:21][H])([S]C8=CC=CC=C8)[S]C7=CC=CC=C7 10=20;20,21=21"
"[O-:21][C:20]1(OC)[O+:10]([K])C(CCC)C(C)C1O>>[O:10]([K])C(CCC)C(C)C([C:20](OC)=[O:21])O 21=20;20,10=10"
"[H][O+:10](C(C)C([H])[O]1)[C:20]1([NH:21]C)[NH]C.[Cl-]>>[Cl-].[H][O:10]C(C)C([H])[O][C:20]([NH]C)=[NH+:21]C 21=20;20,10=10"
"[H][O+:10]([H])[C:20]1([NH:21]C)[O][CH](C)C([H])[CH](C8=CC=CC=C8)[O]1.[Cl-]>>[Cl-].C[NH+:21]=[C:20]2[O][CH](C)[CH]([H])C(C8=CC=CC=C8)[O]2.[H][O:10][H] 21=20;20,10=10"
"[H][O:10]C(C)C([H])C(CC)[S][C:20]([O]CC)=[O+:21][H].[Cl-]>>[Cl-].[H][O+:10](C(C)C([H])C(CC)[S]1)[C:20]1([O:21][H])[O]CC 10=20;20,21=21"
"[Si](C)(C)(C)[O+:21]=[C:20]2[O]C(C)C(C8=CC=CC=C8)[S]2.[H][O:10][H].[Cl-]>>[Cl-].[H][O+:10]([H])[C:20]1([O:21][Si](C)(C)(C))[O]C(C)C(C8=CC=CC=C8)[S]1 10=20;20,21=21"
"[H][S:10]C(C)C([H])C(C)[O][C:20]([O][H])=[O+:21]C.[Cl-]>>[Cl-].[H][S+:10](C(C)C([H])C(C)[O]1)[C:20]1([O:21]C)[O][H] 10=20;20,21=21"
"[O-:21][C:20]1(C)C([H])=C([H])C([H])C(CC)[NH+:10]1(C)>>[NH:10](C)C(CC)C([H])/C([H])=C([H])\[C:20](C)=[O:21] 21=20;20,10=10"
"[H]C1C(C(O[C:20](=[O:10])N1C)CC)CC.[O-:21][H]>>[H]C1C(C(O[C:20](N1C)([O-:10])[O:21][H])CC)CC 21=20;20,10=10"
"CCCCCCC1C(C(O[C:20](=[O:10])N1C1=CC=CC=C1)CC)[H].[O-:21]CCCCCC>>CCCCCCC1C(C(O[C:20](N1C1=CC=CC=C1)([O-:10])[O:21]CCCCCC)CC)[H] 21=20;20,10=10"
"CCCCCCC1C(C(O[C:20](N1C1=CC=CC=C1)([O-:10])[O:21]C)C1=CC=CC=C1)CC>>CCCCCCC1C(C(O[C:20](=[O:10])N1C1=CC=CC=C1)C1=CC=CC=C1)CC.[O-:21]C 10=20;20,21=21"
"C1=CC=CC=C1N([C:20]1(OC(C(C([O:21]1)C1=CC=CC=C1)CC)C)[O-:10])CC>>C1=CC=CC=C1N([C:20](=[O:10])OC(C(C([O-:21])C1=CC=CC=C1)CC)C)CC 10=20;20,21=21"
"C1=CC=CC=C1N([C:20](=[O:10])OC(C(C([O-:21])CC)CC)CC)[H]>>C1=CC=CC=C1N([C:20]1(OC(C(C([O:21]1)CC)CC)CC)[O-:10])[H] 21=20;20,10=10"
"C1=CC=CC=C1N([C:20](=[O:10])OC(C(C([O-:21])C1=CC=CC=C1)[H])C1=CC=CC=C1)C1=CC=CC=C1>>C1=CC=CC=C1N([C:20]1(OC(C(C([O:21]1)C1=CC=CC=C1)[H])C1=CC=CC=C1)[O-:10])C1=CC=CC=C1 21=20;20,10=10"
"[H][S:10]C(CC)C(C)C(C)[S][C:20]([O]CC)=[O+:21][H].[Cl-]>>[Cl-].[H][S+:10](C(CC)C(C)C(C)[S]1)[C:20]1([O:21][H])[O]CC 10=20;20,21=21"
"C[NH+:21]=[C:20]2[O][CH](CC)[CH](C)C(C)[O]2.CC[NH:10][H].[Cl-]>>[Cl-].CC[NH+:10]([H])[C:20]1([NH:21]C)[O][CH](CC)C(C)[CH](C)[O]1 10=20;20,21=21"
"[H][NH:10]C(C9=CC=CC=C9)C([H])C(C)[NH][C:20]([O]C7=CC=CC=C7)=[NH+:21]C.[Cl-]>>[Cl-].[H][NH+:10](C(C9=CC=CC=C9)C([H])C(C)[NH]1)[C:20]1([NH:21]C)[O]C7=CC=CC=C7 10=20;20,21=21"
"[H][O:10]C([H])C(C)[NH][C:20]([NH]C7=CC=CC=C7)=[NH+:21]C6=CC=CC=C6.[Cl-]>>[Cl-].[H][O+:10](C([H])C(C)[NH]1)[C:20]1([NH:21]C6=CC=CC=C6)[NH]C7=CC=CC=C7 10=20;20,21=21"
"C1=CC=CC=C1N([C:20](=[O:10])OC(C(C([O-:21])CC)CC)[H])CC>>C1=CC=CC=C1N([C:20]1(OC(C(C([O:21]1)CC)CC)[H])[O-:10])CC 21=20;20,10=10"
"[Li][O+:21]([C:20]([O-:10])(OC1=CC=CC=C1)OC)[H]>>[Li][O:21][H].[C:20](=[O:10])(OC1=CC=CC=C1)OC 10=20;20,21=21"
"C1=CC=CC=C1N([C:20]1(OC(C([O:21]1)CCCCCC)[H])[O-:10])C>>C1=CC=CC=C1N([C:20](=[O:10])OC(C([O-:21])CCCCCC)[H])C 10=20;20,21=21"
"C6=CC=CC=C6[NH+:21]=[C:20]2[O]C(C)C(CC)[NH]2.CC[NH:10][H].[Cl-]>>[Cl-].CC[NH+:10]([H])[C:20]1([NH:21]C6=CC=CC=C6)[O]C(C)C(CC)[NH]1 10=20;20,21=21"
"[O-:21][C:20]1(OC)C(O)C([H])C(C)C([H])[NH+:10]1(C)>>[NH:10](C)C([H])C(C)C([H])C(O)[C:20](OC)=[O:21] 21=20;20,10=10"
"[H][NH:10]C(CC)C([H])C(CC)[O][C:20]([NH]C7=CC=CC=C7)=[NH+:21]C.[Cl-]>>[Cl-].[H][NH+:10](C(CC)C([H])C(CC)[O]1)[C:20]1([NH:21]C)[NH]C7=CC=CC=C7 10=20;20,21=21"
"[O-:21][C:20]1(C)C(C)C([H])=C(C)C([H])[O+:10]1([Na])>>[O:10]([Na])C([H])/C(C)=C([H])\C(C)[C:20](C)=[O:21] 21=20;20,10=10"
"CC[NH+:21]=[C:20]2[NH]C([H])C(CC)[NH]2.C9=CC=CC=C9[O:10][H].[Cl-]>>[Cl-].C9=CC=CC=C9[O+:10]([H])[C:20]1([NH:21]CC)[NH]C([H])C(CC)[NH]1 10=20;20,21=21"
"CCC1C(C(O[C:20](N1[H])([O-:10])[O:21][H])C)C>>CCC1C(C(O[C:20](=[O:10])N1[H])C)C.[O-:21][H] 10=20;20,21=21"
"CC[S+:10]([H])[C:20]([O:21][Si](C)(C)(C))([O][H])[O]C.[Cl-]>>[Cl-].CC[S:10][H].[Si](C)(C)(C)[O+:21]=[C:20]([O][H])[O]C 21=20;20,10=10"
"C9=CC=CC=C9[O+:10]([H])[C:20]1([NH:21]C)[O][CH](CC)C([H])[CH](C8=CC=CC=C8)[O]1.[Cl-]>>[Cl-].C[NH+:21]=[C:20]2[O][CH](CC)[CH]([H])C(C8=CC=CC=C8)[O]2.C9=CC=CC=C9[O:10][H] 21=20;20,10=10"
"[H][NH:10]C(C)C([H])[O][C:20]([NH]C)=[NH+:21]C6=CC=CC=C6.[Cl-]>>[Cl-].[H][NH+:10](C(C)C([H])[O]1)[C:20]1([NH:21]C6=CC=CC=C6)[NH]C 10=20;20,21=21"
"[H][S+:10](C([H])C([H])[S]1)[C:20]1([O:21][Si](C)(C)(C))[O][H].[Cl-]>>[Cl-].[H][S:10]C([H])C([H])[S][C:20]([O][H])=[O+:21][Si](C)(C)(C) 21=20;20,10=10"
"CCN([C:20]1(OC(C(C([O:21]1)CCCCCC)CC)CCCCCC)[O-:10])C1=CC=CC=C1>>CCN([C:20](=[O:10])OC(C(C([O-:21])CCCCCC)CC)CCCCCC)C1=CC=CC=C1 10=20;20,21=21"
"[H][NH:10]C(CC)C(C)C([H])[NH][C:20]([O]CC)=[NH+:21]C6=CC=CC=C6.[Cl-]>>[Cl-].[H][NH+:10](C(CC)C(C)C([H])[NH]1)[C:20]1([NH:21]C6=CC=CC=C6)[O]CC 10=20;20,21=21"
"[H][NH+:10](C(C9=CC=CC=C9)C(C)C(C)[NH]1)[C:20]1([NH:21]CC)[NH]C.[Cl-]>>[Cl-].[H][NH:10]C(C9=CC=CC=C9)C(C)C(C)[NH][C:20]([NH]C)=[NH+:21]CC 21=20;20,10=10"
"[H]N([C:20](=[O:10])OC(C(C([O-:21])C1=CC=CC=C1)CCCCCC)CC)C1=CC=CC=C1>>[H]N([C:20]1(OC(C(C([O:21]1)C1=CC=CC=C1)CCCCCC)CC)[O-:10])C1=CC=CC=C1 21=20;20,10=10"
"[H][O+:10]([H])[C:20]1([NH:21]C)[NH][CH]([H])C([H])[CH](C)[NH]1.[Cl-]>>[Cl-].C[NH+:21]=[C:20]2[NH][CH]([H])[CH]([H])C(C)[NH]2.[H][O:10][H] 21=20;20,10=10"
"[H][NH:10]C([H])C([H])[NH][C:20]([O]C)=[NH+:21]C.[Cl-]>>[Cl-].[H][NH+:10](C([H])C([H])[NH]1)[C:20]1([NH:21]C)[O]C 10=20;20,21=21"
"C1=CC=CC=C1N([C:20](=[O:10])O[H])CCCCCC.[O-:21]CCCCCC>>C1=CC=CC=C1N([C:20]([O-:10])(O[H])[O:21]CCCCCC)CCCCCC 21=20;20,10=10"
"[H][NH+:10](C(C9=CC=CC=C9)C([H])C(C8=CC=CC=C8)[NH]1)[C:20]1([NH:21]C6=CC=CC=C6)[NH]C.[Cl-]>>[Cl-].[H][NH:10]C(C9=CC=CC=C9)C([H])C(C8=CC=CC=C8)[NH][C:20]([NH]C)=[NH+:21]C6=CC=CC=C6 21=20;20,10=10"
"CC[S+:10]([H])[C:20]1([O:21][H])[O]C(C7=CC=CC=C7)C(C)[O]1.[Cl-]>>[Cl-].[H][O+:21]=[C:20]2[O]C(C7=CC=CC=C7)C(C)[O]2.CC[S:10][H] 21=20;20,10=10"
"[H][NH+:10](C(CC)C([H])C(C8=CC=CC=C8)[O]1)[C:20]1([NH:21]C)[O]C.[Cl-]>>[Cl-].[H][NH:10]C(CC)C([H])C(C8=CC=CC=C8)[O][C:20]([O]C)=[NH+:21]C 21=20;20,10=10"
"[H]C1C(C(O[C:20](N1CC)([O-:10])[O:21][H])CCCCCC)C>>[H]C1C(C(O[C:20](=[O:10])N1CC)CCCCCC)C.[O-:21][H] 10=20;20,21=21"
"CC[O+:10]([H])[C:20]([O:21][Si](C)(C)(C))([O][H])[S]CC.[Cl-]>>[Cl-].CC[O:10][H].[Si](C)(C)(C)[O+:21]=[C:20]([O][H])[S]CC 21=20;20,10=10"
"[H][NH:10]C(C9=CC=CC=C9)C([H])C(C)[O][C:20]([NH][H])=[NH+:21]C.[Cl-]>>[Cl-].[H][NH+:10](C(C9=CC=CC=C9)C([H])C(C)[O]1)[C:20]1([NH:21]C)[NH][H] 10=20;20,21=21"
"CC1C(C(O[C:20](N1[H])([O-:10])[O:21][H])[H])C>>CC1C(C(O[C:20](=[O:10])N1[H])[H])C.[O-:21][H] 10=20;20,21=21"
"[H][NH:10]C([H])C(CC)[O][C:20]([O]CC)=[NH+:21][H].[Cl-]>>[Cl-].[H][NH+:10](C([H])C(CC)[O]1)[C:20]1([NH:21][H])[O]CC 10=20;20,21=21"
"[H][S:10][H].[Si](C)(C)(C)[O+:21]=[C:20]([O]C8=CC=CC=C8)[S]C7=CC=CC=C7.[Cl-]>>[Cl-].[H][S+:10]([H])[C:20]([O:21][Si](C)(C)(C))([O]C8=CC=CC=C8)[S]C7=CC=CC=C7 10=20;20,21=21"
"CCC1C(O[C:20](N1C1=CC=CC=C1)([O-:10])[O:21]C1=CC=CC=C1)C1=CC=CC=C1>>CCC1C(O[C:20](=[O:10])N1C1=CC=CC=C1)C1=CC=CC=C1.[O-:21]C1=CC=CC=C1 10=20;20,21=21"
"[O:10]([K])C(C)C(C)C(O)C(O)[C:20](OC)=[O:21]>>[O-:21][C:20]1(OC)C(O)C(O)C(C)C(C)[O+:10]1([K]) 10=20;20,21=21"
"[H][O:10]C(C9=CC=CC=C9)C([H])C(CC)[O][C:20]([S]C7=CC=CC=C7)=[O+:21]C.[Cl-]>>[Cl-].[H][O+:10](C(C9=CC=CC=C9)C([H])C(CC)[O]1)[C:20]1([O:21]C)[S]C7=CC=CC=C7 10=20;20,21=21"
"C9=CC=CC=C9[NH+:10]([H])[C:20]1([NH:21][H])[O]C(C7=CC=CC=C7)C(C8=CC=CC=C8)[NH]1.[Cl-]>>[Cl-].[H][NH+:21]=[C:20]2[O]C(C7=CC=CC=C7)C(C8=CC=CC=C8)[NH]2.C9=CC=CC=C9[NH:10][H] 21=20;20,10=10"
"[H][S+:10](C(C9=CC=CC=C9)C([H])[S]1)[C:20]1([O:21][H])[S]CC.[Cl-]>>[Cl-].[H][S:10]C(C9=CC=CC=C9)C([H])[S][C:20]([S]CC)=[O+:21][H] 21=20;20,10=10"
"[H][O+:10](C(C)C([H])C(C)[O]1)[C:20]1([NH:21]C6=CC=CC=C6)[O]C.[Cl-]>>[Cl-].[H][O:10]C(C)C([H])C(C)[O][C:20]([O]C)=[NH+:21]C6=CC=CC=C6 21=20;20,10=10"
"C6=CC=CC=C6[NH+:21]=[C:20]2[O][CH]([H])[CH]([H])C(CC)[O]2.C[O:10][H].[Cl-]>>[Cl-].C[O+:10]([H])[C:20]1([NH:21]C6=CC=CC=C6)[O][CH]([H])C([H])[CH](CC)[O]1 10=20;20,21=21"
"C6=CC=CC=C6[NH+:21]=[C:20]2[O][CH](CC)[CH]([H])C(CC)[NH]2.[H][O:10][H].[Cl-]>>[Cl-].[H][O+:10]([H])[C:20]1([NH:21]C6=CC=CC=C6)[O][CH](CC)C([H])[CH](CC)[NH]1 10=20;20,21=21"
"C9=CC=CC=C9[O+:10]([H])[C:20]1([NH:21]C)[NH][CH](C7=CC=CC=C7)C(C)[CH](CC)[NH]1.[Cl-]>>[Cl-].C[NH+:21]=[C:20]2[NH][CH](C7=CC=CC=C7)[CH](C)C(CC)[NH]2.C9=CC=CC=C9[O:10][H] 21=20;20,10=10"
"CC[NH+:21]=[C:20]2[O][CH](C7=CC=CC=C7)[CH](C)C([H])[NH]2.C9=CC=CC=C9[NH:10][H].[Cl-]>>[Cl-].C9=CC=CC=C9[NH+:10]([H])[C:20]1([NH:21]CC)[O][CH](C7=CC=CC=C7)C(C)[CH]([H])[NH]1 10=20;20,21=21"
"C1=CC=CC=C1C1C(C(O[C:20](N1[H])([O-:10])[Cl:21])CCCCCC)CC>>C1=CC=CC=C1C1C(C(O[C:20](=[O:10])N1[H])CCCCCC)CC.[Cl-:21] 10=20;20,21=21"
"C[O+:10]([H])[C:20]1([NH:21][H])[NH][CH](C7=CC=CC=C7)C([H])[CH](CC)[O]1.[Cl-]>>[Cl-].[H][NH+:21]=[C:20]2[NH][CH](C7=CC=CC=C7)[CH]([H])C(CC)[O]2.C[O:10][H] 21=20;20,10=10"
"[H][S+:10]([H])[C:20]1([O:21][Si](C)(C)(C))[O]C(CC)C(C8=CC=CC=C8)[S]1.[Cl-]>>[Cl-].[Si](C)(C)(C)[O+:21]=[C:20]2[O]C(CC)C(C8=CC=CC=C8)[S]2.[H][S:10][H] 21=20;20,10=10"
"C[O+:21]=[C:20]2[O][CH](C7=CC=CC=C7)[CH](C)C([H])[S]2.CC[O:10][H].[Cl-]>>[Cl-].CC[O+:10]([H])[C:20]1([O:21]C)[O][CH](C7=CC=CC=C7)C(C)[CH]([H])[S]1 10=20;20,21=21"
"[OH:10]C([H])C([H])C(C)C([H])[C:20](C)=[OH+:21]>>[OH:21][C:20]1(C)C([H])C(C)C([H])C([H])[OH+:10]1 10=20;20,21=21"
"C[NH+:21]=[C:20]2[O][CH](C)[CH]([H])C(C)[NH]2.C[O:10][H].[Cl-]>>[Cl-].C[O+:10]([H])[C:20]1([NH:21]C)[O][CH](C)C([H])[CH](C)[NH]1 10=20;20,21=21"
"[O-:21][C:20]1(OCC)C([H])C(O)C(O)C([H])[NH+:10]1(C)>>[NH:10](C)C([H])C(O)C(O)C([H])[C:20](OCC)=[O:21] 21=20;20,10=10"
"CC[NH+:10]([H])[C:20]1([NH:21][H])[O][CH](C7=CC=CC=C7)C(C)[CH](C8=CC=CC=C8)[NH]1.[Cl-]>>[Cl-].[H][NH+:21]=[C:20]2[O][CH](C7=CC=CC=C7)[CH](C)C(C8=CC=CC=C8)[NH]2.CC[NH:10][H] 21=20;20,10=10"
"C[O+:10]([H])[C:20]1([NH:21]C)[NH]C([H])C([H])[NH]1.[Cl-]>>[Cl-].C[NH+:21]=[C:20]2[NH]C([H])C([H])[NH]2.C[O:10][H] 21=20;20,10=10"
"C1(C(O[C:20]([O-:10])([O:21]C1CCCCCC)OCC)C1=CC=CC=C1)C>>C(C([O-:21])CCCCCC)(C(O[C:20](=[O:10])OCC)C1=CC=CC=C1)C 10=20;20,21=21"
"CCC1C(C(O[C:20](=[O:10])N1C)CCCCCC)C.[O-:21][H]>>CCC1C(C(O[C:20](N1C)([O-:10])[O:21][H])CCCCCC)C 21=20;20,10=10"
"C[S+:10]([H])[C:20]1([O:21][H])[S]C([H])C([H])[S]1.[Cl-]>>[Cl-].[H][O+:21]=[C:20]2[S]C([H])C([H])[S]2.C[S:10][H] 21=20;20,10=10"
"CCCCCCN([C:20](=[O:10])OC(C(C([O-:21])CCCCCC)[H])CCCCCC)C1=CC=CC=C1>>CCCCCCN([C:20]1(OC(C(C([O:21]1)CCCCCC)[H])CCCCCC)[O-:10])C1=CC=CC=C1 21=20;20,10=10"
"[H][O+:10](C(C9=CC=CC=C9)C([H])C(C8=CC=CC=C8)[O]1)[C:20]1([NH:21]C)[O]CC.[Cl-]>>[Cl-].[H][O:10]C(C9=CC=CC=C9)C([H])C(C8=CC=CC=C8)[O][C:20]([O]CC)=[NH+:21]C 21=20;20,10=10"
"C[NH+:10]([H])[C:20]1([NH:21]C6=CC=CC=C6)[O]C(C7=CC=CC=C7)C(C8=CC=CC=C8)[NH]1.[Cl-]>>[Cl-].C6=CC=CC=C6[NH+:21]=[C:20]2[O]C(C7=CC=CC=C7)C(C8=CC=CC=C8)[NH]2.C[NH:10][H] 21=20;20,10=10"
"[H][O+:10](C(C9=CC=CC=C9)C(C)[NH]1)[C:20]1([NH:21]CC)[NH]C.[Cl-]>>[Cl-].[H][O:10]C(C9=CC=CC=C9)C(C)[NH][C:20]([NH]C)=[NH+:21]CC 21=20;20,10=10"
"[H][S+:10]([H])[C:20]1([O:21][Si](C)(C)(C))[S]C(CC)C([H])[O]1.[Cl-]>>[Cl-].[Si](C)(C)(C)[O+:21]=[C:20]2[S]C(CC)C([H])[O]2.[H][S:10][H] 21=20;20,10=10"
"[O-:21][C:20]1(OCC)[NH+:10]([H])C([H])C([H])=C1C>>[NH:10]([H])C([H])/C([H])=C([C:20](OCC)=[O:21])/C 21=20;20,10=10"
"C[O:10][H].[H][O+:21]=[C:20]([S]C)[O]C7=CC=CC=C7.[Cl-]>>[Cl-].C[O+:10]([H])[C:20]([O:21][H])([S]C)[O]C7=CC=CC=C7 10=20;20,21=21"
"[NH:10]([H])C(C)/C(C)=C(C)\C([H])[C:20]([H])=[O:21]>>[O-:21][C:20]1([H])C([H])C(C)=C(C)C(C)[NH+:10]1([H]) 10=20;20,21=21"
"CCN([C:20](=[O:10])OC(C([O-:21])C)CC)CCCCCC>>CCN([C:20]1(OC(C([O:21]1)C)CC)[O-:10])CCCCCC 21=20;20,10=10"
"C9=CC=CC=C9[O+:10]([H])[C:20]1([O:21]C)[S]C(CC)C([H])[O]1.[Cl-]>>[Cl-].C[O+:21]=[C:20]2[S]C(CC)C([H])[O]2.C9=CC=CC=C9[O:10][H] 21=20;20,10=10"
"[H][S:10]C(C9=CC=CC=C9)C(C)[S][C:20]([S][H])=[O+:21]C.[Cl-]>>[Cl-].[H][S+:10](C(C9=CC=CC=C9)C(C)[S]1)[C:20]1([O:21]C)[S][H] 10=20;20,21=21"
"[H][S+:10]([H])[C:20]1([O:21]C)[S]C(CC)C(CC)[S]1.[Cl-]>>[Cl-].C[O+:21]=[C:20]2[S]C(CC)C(CC)[S]2.[H][S:10][H] 21=20;20,10=10"
"C9=CC=CC=C9[O+:10]([H])[C:20]1([NH:21][H])[NH][CH]([H])C(C)[CH](C8=CC=CC=C8)[O]1.[Cl-]>>[Cl-].[H][NH+:21]=[C:20]2[NH][CH]([H])[CH](C)C(C8=CC=CC=C8)[O]2.C9=CC=CC=C9[O:10][H] 21=20;20,10=10"
"[Si](C)(C)(C)[O+:21]=[C:20]2[S]C(CC)C(C)[S]2.C[S:10][H].[Cl-]>>[Cl-].C[S+:10]([H])[C:20]1([O:21][Si](C)(C)(C))[S]C(CC)C(C)[S]1 10=20;20,21=21"
"[O-:21][C:20]1(OC)C([H])=C([H])C(C)C(C)[O+:10]1([K])>>[O:10]([K])C(C)C(C)/C([H])=C([H])\[C:20](OC)=[O:21] 21=20;20,10=10"
"CCCCCCC1C(C(O[C:20](N1CC)([O-:10])[O:21]C1=CC=CC=C1)[H])CCCCCC>>CCCCCCC1C(C(O[C:20](=[O:10])N1CC)[H])CCCCCC.[O-:21]C1=CC=CC=C1 10=20;20,21=21"
"CC[O:10][H].C[NH+:21]=[C:20]([NH]C8=CC=CC=C8)[NH]CC.[Cl-]>>[Cl-].CC[O+:10]([H])[C:20]([NH:21]C)([NH]C8=CC=CC=C8)[NH]CC 10=20;20,21=21"
"[H][NH+:10]([H])[C:20]1([NH:21]C)[NH]C(CC)C([H])[O]1.[Cl-]>>[Cl-].C[NH+:21]=[C:20]2[NH]C(CC)C([H])[O]2.[H][NH:10][H] 21=20;20,10=10"
"[H][O+:21]=[C:20]2[O][CH]([H])[CH]([H])C(C8=CC=CC=C8)[O]2.[H][O:10][H].[Cl-]>>[Cl-].[H][O+:10]([H])[C:20]1([O:21][H])[O][CH]([H])C([H])[CH](C8=CC=CC=C8)[O]1 10=20;20,21=21"
"[H]C1C(C(O[C:20](=[O:10])N1C)C1=CC=CC=C1)CCCCCC.[O-:21]CCCCCC>>[H]C1C(C(O[C:20](N1C)([O-:10])[O:21]CCCCCC)C1=CC=CC=C1)CCCCCC 21=20;20,10=10"
"[H][S:10]C([H])C(C)C(C)[O][C:20]([S]C7=CC=CC=C7)=[O+:21][H].[Cl-]>>[Cl-].[H][S+:10](C([H])C(C)C(C)[O]1)[C:20]1([O:21][H])[S]C7=CC=CC=C7 10=20;20,21=21"
"CC1C(O[C:20](=[O:10])N1C)CCCCCC.[O-:21]C1=CC=CC=C1>>CC1C(O[C:20](N1C)([O-:10])[O:21]C1=CC=CC=C1)CCCCCC 21=20;20,10=10"
"[H][S:10][H].C[O+:21]=[C:20]([S]C)[O]C.[Cl-]>>[Cl-].[H][S+:10]([H])[C:20]([O:21]C)([S]C)[O]C 10=20;20,21=21"
"CC[NH+:21]=[C:20]2[O][CH](C7=CC=CC=C7)[CH](C)C([H])[O]2.CC[NH:10][H].[Cl-]>>[Cl-].CC[NH+:10]([H])[C:20]1([NH:21]CC)[O][CH](C7=CC=CC=C7)C(C)[CH]([H])[O]1 10=20;20,21=21"
"[H][O+:10](C([H])C([H])C(C)[O]1)[C:20]1([NH:21]CC)[O]CC.[Cl-]>>[Cl-].[H][O:10]C([H])C([H])C(C)[O][C:20]([O]CC)=[NH+:21]CC 21=20;20,10=10"
"C9=CC=CC=C9[O:10][H].[H][NH+:21]=[C:20]([NH][H])[O]C.[Cl-]>>[Cl-].C9=CC=CC=C9[O+:10]([H])[C:20]([NH:21][H])([NH][H])[O]C 10=20;20,21=21"
"CC[NH+:10]([H])[C:20]1([NH:21]C)[NH]C([H])C(C)[O]1.[Cl-]>>[Cl-].C[NH+:21]=[C:20]2[NH]C([H])C(C)[O]2.CC[NH:10][H] 21=20;20,10=10"
"[O:10]([K])C(CCC)C([H])/C([H])=C(C)\[C:20](OCC)=[O:21]>>[O-:21][C:20]1(OCC)C(C)=C([H])C([H])C(CCC)[O+:10]1([K]) 10=20;20,21=21"
"[O-:21][C:20]1(OCC)C([H])C([H])=C([H])C(CC)[NH+:10]1(C)>>[NH:10](C)C(CC)/C([H])=C([H])\C([H])[C:20](OCC)=[O:21] 21=20;20,10=10"
"[H][O+:21]=[C:20]2[S][CH](C)[CH]([H])C(C8=CC=CC=C8)[O]2.CC[O:10][H].[Cl-]>>[Cl-].CC[O+:10]([H])[C:20]1([O:21][H])[S][CH](C)C([H])[CH](C8=CC=CC=C8)[O]1 10=20;20,21=21"
"[H][O+:10](C([H])C(C8=CC=CC=C8)[O]1)[C:20]1([O:21]C)[O]C7=CC=CC=C7.[Cl-]>>[Cl-].[H][O:10]C([H])C(C8=CC=CC=C8)[O][C:20]([O]C7=CC=CC=C7)=[O+:21]C 21=20;20,10=10"
"C[O+:10]([H])[C:20]1([NH:21]CC)[O][CH](CC)C([H])[CH](CC)[NH]1.[Cl-]>>[Cl-].CC[NH+:21]=[C:20]2[O][CH](CC)[CH]([H])C(CC)[NH]2.C[O:10][H] 21=20;20,10=10"
"CC[O+:10]([H])[C:20]([NH:21]CC)([NH]C8=CC=CC=C8)[NH]CC.[Cl-]>>[Cl-].CC[O:10][H].CC[NH+:21]=[C:20]([NH]C8=CC=CC=C8)[NH]CC 21=20;20,10=10"
"[H][O+:10](C(C9=CC=CC=C9)C(C)C(C)[NH]1)[C:20]1([NH:21][H])[NH]C7=CC=CC=C7.[Cl-]>>[Cl-].[H][O:10]C(C9=CC=CC=C9)C(C)C(C)[NH][C:20]([NH]C7=CC=CC=C7)=[NH+:21][H] 21=20;20,10=10"
"[O-:21][C:20]1(C)C([H])C(C)=C(C)C(C)[O+:10]1([Na])>>[O:10]([Na])C(C)/C(C)=C(C)\C([H])[C:20](C)=[O:21] 21=20;20,10=10"
"[O-:21][C:20]1([H])C(C)C([H])=C(C)C(CCC)[O+:10]1([K])>>[O:10]([K])C(CCC)/C(C)=C([H])\C(C)[C:20]([H])=[O:21] 21=20;20,10=10"
"[OH:10]C(CCC)C([H])C([H])C(C)[C:20]([H])=[OH+:21]>>[OH:21][C:20]1([H])C(C)C([H])C([H])C(CCC)[OH+:10]1 10=20;20,21=21"
"[H]C1C(C(O[C:20](N1CC)([O-:10])[O:21][H])C1=CC=CC=C1)C>>[H]C1C(C(O[C:20](=[O:10])N1CC)C1=CC=CC=C1)C.[O-:21][H] 10=20;20,21=21"
"[O-:21][C:20]1(OCC)C([H])C(C)=C(C)C(C)[O:10]1>>[O-:10]C(C)/C(C)=C(C)\C([H])[C:20](OCC)=[O:21] 21=20;20,10=10"
"CC[S+:10]([H])[C:20]1([O:21]C)[S][CH](C7=CC=CC=C7)C(C)[CH](C)[O]1.[Cl-]>>[Cl-].C[O+:21]=[C:20]2[S][CH](C7=CC=CC=C7)[CH](C)C(C)[O]2.CC[S:10][H] 21=20;20,10=10"
"[O-:10]C([H])C([H])C(C)C(O)[C:20](OCC)=[O:21]>>[O-:21][C:20]1(OCC)C(O)C(C)C([H])C([H])[O:10]1 10=20;20,21=21"
"CN([C:20]1(OC(C(C([O:21]1)CCCCCC)C)CCCCCC)[O-:10])CCCCCC>>CN([C:20](=[O:10])OC(C(C([O-:21])CCCCCC)C)CCCCCC)CCCCCC 10=20;20,21=21"
"[NH:10](C)C(C)C(O)C([H])C(C)[C:20]([H])=[O:21]>>[O-:21][C:20]1([H])C(C)C([H])C(O)C(C)[NH+:10]1(C) 10=20;20,21=21"
"CCC1C(C(O[C:20](=[O:10])N1CC)[H])CC.[O-:21]C1=CC=CC=C1>>CCC1C(C(O[C:20](N1CC)([O-:10])[O:21]C1=CC=CC=C1)[H])CC 21=20;20,10=10"
"C[O+:21]=[C:20]2[O][CH](C7=CC=CC=C7)[CH](C)C(C8=CC=CC=C8)[S]2.[H][O:10][H].[Cl-]>>[Cl-].[H][O+:10]([H])[C:20]1([O:21]C)[O][CH](C7=CC=CC=C7)C(C)[CH](C8=CC=CC=C8)[S]1 10=20;20,21=21"
"CC[S+:10]([H])[C:20]1([O:21]C)[S][CH]([H])C([H])[CH](C)[S]1.[Cl-]>>[Cl-].C[O+:21]=[C:20]2[S][CH]([H])[CH]([H])C(C)[S]2.CC[S:10][H] 21=20;20,10=10"
"[H][NH+:10]([H])[C:20]1([NH:21]CC)[NH]C(C7=CC=CC=C7)C(C)[O]1.[Cl-]>>[Cl-].CC[NH+:21]=[C:20]2[NH]C(C7=CC=CC=C7)C(C)[O]2.[H][NH:10][H] 21=20;20,10=10"
"[H][NH:10]C(CC)C([H])C(C8=CC=CC=C8)[NH][C:20]([NH]C7=CC=CC=C7)=[NH+:21]C6=CC=CC=C6.[Cl-]>>[Cl-].[H][NH+:10](C(CC)C([H])C(C8=CC=CC=C8)[NH]1)[C:20]1([NH:21]C6=CC=CC=C6)[NH]C7=CC=CC=C7 10=20;20,21=21"
"[H][O+:10]([H])[C:20]1([NH:21]CC)[O][CH](CC)C(C)[CH]([H])[NH]1.[Cl-]>>[Cl-].CC[NH+:21]=[C:20]2[O][CH](CC)[CH](C)C([H])[NH]2.[H][O:10][H] 21=20;20,10=10"
"[O-:21][C:20]1(OC)[NH+:10]([H])C([H])C(C)C1O>>[NH:10]([H])C([H])C(C)C([C:20](OC)=[O:21])O 21=20;20,10=10"
"[H][O+:10](C(C9=CC=CC=C9)C([H])C(CC)[S]1)[C:20]1([O:21][H])[O][H].[Cl-]>>[Cl-].[H][O:10]C(C9=CC=CC=C9)C([H])C(CC)[S][C:20]([O][H])=[O+:21][H] 21=20;20,10=10"
"[O-:21][C:20]1(OCC)C(O)C(O)C([H])C(CCC)[O+:10]1([K])>>[O:10]([K])C(CCC)C([H])C(O)C(O)[C:20](OCC)=[O:21] 21=20;20,10=10"
"CCCCCCC1C(C(O[C:20](=[O:10])N1CCCCCC)CCCCCC)C.[O-:21]CCCCCC>>CCCCCCC1C(C(O[C:20](N1CCCCCC)([O-:10])[O:21]CCCCCC)CCCCCC)C 21=20;20,10=10"
"CC[NH+:21]=[C:20]2[NH][CH](C)[CH]([H])C(C8=CC=CC=C8)[NH]2.C9=CC=CC=C9[NH:10][H].[Cl-]>>[Cl-].C9=CC=CC=C9[NH+:10]([H])[C:20]1([NH:21]CC)[NH][CH](C)C([H])[CH](C8=CC=CC=C8)[NH]1 10=20;20,21=21"
"[H][NH+:10](C(C)C(C8=CC=CC=C8)[O]1)[C:20]1([NH:21]CC)[O]C7=CC=CC=C7.[Cl-]>>[Cl-].[H][NH:10]C(C)C(C8=CC=CC=C8)[O][C:20]([O]C7=CC=CC=C7)=[NH+:21]CC 21=20;20,10=10"
"[H][NH+:10](C([H])C([H])C(CC)[NH]1)[C:20]1([NH:21]C)[O]C.[Cl-]>>[Cl-].[H][NH:10]C([H])C([H])C(CC)[NH][C:20]([O]C)=[NH+:21]C 21=20;20,10=10"
"C1(C(O[C:20]([O-:10])([O:21]C1CC)OCC)C1=CC=CC=C1)CCCCCC>>C(C([O-:21])CC)(C(O[C:20](=[O:10])OCC)C1=CC=CC=C1)CCCCCC 10=20;20,21=21"
"[OH:10]C(CCC)C(O)C([C:20](C)=[OH+:21])[H]>>[OH:21][C:20]1(C)[OH+:10]C(CCC)C(O)C1[H] 10=20;20,21=21"
"CCCCCCN([C:20](=[O:10])OC(C(C([O-:21])CCCCCC)CCCCCC)C)CCCCCC>>CCCCCCN([C:20]1(OC(C(C([O:21]1)CCCCCC)CCCCCC)C)[O-:10])CCCCCC 21=20;20,10=10"
"[H][S+:10](C(C)C([H])[O]1)[C:20]1([O:21][Si](C)(C)(C))[S]CC.[Cl-]>>[Cl-].[H][S:10]C(C)C([H])[O][C:20]([S]CC)=[O+:21][Si](C)(C)(C) 21=20;20,10=10"
"[O-:21][C:20]1(C)C(C)=C([H])C([H])C(CC)[NH+:10]1([H])>>[NH:10]([H])C(CC)C([H])/C([H])=C(C)\[C:20](C)=[O:21] 21=20;20,10=10"
"[H][O+:21]=[C:20]2[S][CH](C)[CH]([H])C(C)[O]2.C[S:10][H].[Cl-]>>[Cl-].C[S+:10]([H])[C:20]1([O:21][H])[S][CH](C)C([H])[CH](C)[O]1 10=20;20,21=21"
"[H]C1C(C(O[C:20](N1CC)([O-:10])[Cl:21])CCCCCC)CC>>[H]C1C(C(O[C:20](=[O:10])N1CC)CCCCCC)CC.[Cl-:21] 10=20;20,21=21"
"CC[S+:10]([H])[C:20]([O:21]C)([O]CC)[O]CC.[Cl-]>>[Cl-].CC[S:10][H].C[O+:21]=[C:20]([O]CC)[O]CC 21=20;20,10=10"
"[H][O+:10]([H])[C:20]([O:21][H])([O][H])[S]C.[Cl-]>>[Cl-].[H][O:10][H].[H][O+:21]=[C:20]([O][H])[S]C 21=20;20,10=10"
"[H][NH:10]C(C9=CC=CC=C9)C(C)C(C)[O][C:20]([O]C7=CC=CC=C7)=[NH+:21]C6=CC=CC=C6.[Cl-]>>[Cl-].[H][NH+:10](C(C9=CC=CC=C9)C(C)C(C)[O]1)[C:20]1([NH:21]C6=CC=CC=C6)[O]C7=CC=CC=C7 10=20;20,21=21"
"[H][S+:10]([H])[C:20]1([O:21]C)[O][CH](C7=CC=CC=C7)C([H])[CH]([H])[S]1.[Cl-]>>[Cl-].C[O+:21]=[C:20]2[O][CH](C7=CC=CC=C7)[CH]([H])C([H])[S]2.[H][S:10][H] 21=20;20,10=10"
"C1=CC=CC=C1C1C(C(O[C:20](N1C)([O-:10])[O:21]C1=CC=CC=C1)C1=CC=CC=C1)CC>>C1=CC=CC=C1C1C(C(O[C:20](=[O:10])N1C)C1=CC=CC=C1)CC.[O-:21]C1=CC=CC=C1 10=20;20,21=21"
"CC[O:10][H].[H][O+:21]=[C:20]([S]C)[O]C7=CC=CC=C7.[Cl-]>>[Cl-].CC[O+:10]([H])[C:20]([O:21][H])([S]C)[O]C7=CC=CC=C7 10=20;20,21=21"
"[H][S+:10](C([H])C(C)C(CC)[S]1)[C:20]1([O:21]C)[O]C7=CC=CC=C7.[Cl-]>>[Cl-].[H][S:10]C([H])C(C)C(CC)[S][C:20]([O]C7=CC=CC=C7)=[O+:21]C 21=20;20,10=10"
"CN([C:20]1(OC(C(C([O:21]1)C1=CC=CC=C1)[H])C1=CC=CC=C1)[O-:10])C1=CC=CC=C1>>CN([C:20](=[O:10])OC(C(C([O-:21])C1=CC=CC=C1)[H])C1=CC=CC=C1)C1=CC=CC=C1 10=20;20,21=21"
"[OH:21][C:20]1(C)[OH+:10]C([H])C(O)C1C>>[OH:10]C([H])C(O)C([C:20](C)=[OH+:21])C 21=20;20,10=10"
"CN([C:20]1(OC(C([O:21]1)C1=CC=CC=C1)C)[O-:10])C>>CN([C:20](=[O:10])OC(C([O-:21])C1=CC=CC=C1)C)C 10=20;20,21=21"
"CCCCCCN([C:20]1(OC(C(C([O:21]1)C)CC)[H])[O-:10])CC>>CCCCCCN([C:20](=[O:10])OC(C(C([O-:21])C)CC)[H])CC 10=20;20,21=21"
"CC[S+:10]([H])[C:20]([O:21][Si](C)(C)(C))([O][H])[S]C.[Cl-]>>[Cl-].CC[S:10][H].[Si](C)(C)(C)[O+:21]=[C:20]([O][H])[S]C 21=20;20,10=10"
"C9=CC=CC=C9[NH:10][H].C6=CC=CC=C6[NH+:21]=[C:20]([NH]CC)[O]C7=CC=CC=C7.[Cl-]>>[Cl-].C9=CC=CC=C9[NH+:10]([H])[C:20]([NH:21]C6=CC=CC=C6)([NH]CC)[O]C7=CC=CC=C7 10=20;20,21=21"
"CCCCCCN([C:20](=[O:10])OC(C(C([O-:21])[H])[H])CC)C1=CC=CC=C1>>CCCCCCN([C:20]1(OC(C(C([O:21]1)[H])[H])CC)[O-:10])C1=CC=CC=C1 21=20;20,10=10"
"[H][S+:10](C(C)C(C)C([H])[O]1)[C:20]1([O:21]C)[S]C7=CC=CC=C7.[Cl-]>>[Cl-].[H][S:10]C(C)C(C)C([H])[O][C:20]([S]C7=CC=CC=C7)=[O+:21]C 21=20;20,10=10"
"[O-:10]C([H])/C(C)=C([C:20](C)=[O:21])/O>>[O-:21][C:20]1(C)[O:10]C([H])C(C)=C1O 10=20;20,21=21"
"[OH:10]C(C)C(C)C([H])C(O)[C:20](OC)=[OH+:21]>>[OH:21][C:20]1(OC)C(O)C([H])C(C)C(C)[OH+:10]1 10=20;20,21=21"
"[H][S:10]C([H])C([H])C(CC)[O][C:20]([S]C7=CC=CC=C7)=[O+:21][H].[Cl-]>>[Cl-].[H][S+:10](C([H])C([H])C(CC)[O]1)[C:20]1([O:21][H])[S]C7=CC=CC=C7 10=20;20,21=21"
"C[S+:10]([H])[C:20]([O:21][H])([O]CC)[S]CC.[Cl-]>>[Cl-].C[S:10][H].[H][O+:21]=[C:20]([O]CC)[S]CC 21=20;20,10=10"
"C[O+:21]=[C:20]2[S]C([H])C(CC)[O]2.C9=CC=CC=C9[S:10][H].[Cl-]>>[Cl-].C9=CC=CC=C9[S+:10]([H])[C:20]1([O:21]C)[S]C([H])C(CC)[O]1 10=20;20,21=21"
"[H][NH:10]C(C)C([H])C(C8=CC=CC=C8)[O][C:20]([O]C)=[NH+:21]C.[Cl-]>>[Cl-].[H][NH+:10](C(C)C([H])C(C8=CC=CC=C8)[O]1)[C:20]1([NH:21]C)[O]C 10=20;20,21=21"
"C9=CC=CC=C9[O+:10]([H])[C:20]1([O:21]C)[S][CH](C)C([H])[CH](CC)[S]1.[Cl-]>>[Cl-].C[O+:21]=[C:20]2[S][CH](C)[CH]([H])C(CC)[S]2.C9=CC=CC=C9[O:10][H] 21=20;20,10=10"
"CN([C:20]1(OC(C(C([O:21]1)[H])CCCCCC)C1=CC=CC=C1)[O-:10])CC>>CN([C:20](=[O:10])OC(C(C([O-:21])[H])CCCCCC)C1=CC=CC=C1)CC 10=20;20,21=21"
"CC[NH+:21]=[C:20]2[O]C(C7=CC=CC=C7)C(CC)[NH]2.CC[NH:10][H].[Cl-]>>[Cl-].CC[NH+:10]([H])[C:20]1([NH:21]CC)[O]C(C7=CC=CC=C7)C(CC)[NH]1 10=20;20,21=21"
"[H][NH:10]C(C9=CC=CC=C9)C(C)C(CC)[O][C:20]([NH]C7=CC=CC=C7)=[NH+:21]CC.[Cl-]>>[Cl-].[H][NH+:10](C(C9=CC=CC=C9)C(C)C(CC)[O]1)[C:20]1([NH:21]CC)[NH]C7=CC=CC=C7 10=20;20,21=21"
"[H][S:10]C(CC)C(C)C(C8=CC=CC=C8)[O][C:20]([S]C7=CC=CC=C7)=[O+:21][H].[Cl-]>>[Cl-].[H][S+:10](C(CC)C(C)C(C8=CC=CC=C8)[O]1)[C:20]1([O:21][H])[S]C7=CC=CC=C7 10=20;20,21=21"
"[H][NH:10]C(C)C([H])[NH][C:20]([NH][H])=[NH+:21]C.[Cl-]>>[Cl-].[H][NH+:10](C(C)C([H])[NH]1)[C:20]1([NH:21]C)[NH][H] 10=20;20,21=21"
"[H]N([C:20](=[O:10])OC(C([O-:21])CCCCCC)CCCCCC)C1=CC=CC=C1>>[H]N([C:20]1(OC(C([O:21]1)CCCCCC)CCCCCC)[O-:10])C1=CC=CC=C1 21=20;20,10=10"
"C[NH+:10]([H])[C:20]1([NH:21]C)[O][CH](C)C([H])[CH](CC)[O]1.[Cl-]>>[Cl-].C[NH+:21]=[C:20]2[O][CH](C)[CH]([H])C(CC)[O]2.C[NH:10][H] 21=20;20,10=10"
"[H][NH:10]C(CC)C(C)C([H])[NH][C:20]([O]C)=[NH+:21]CC.[Cl-]>>[Cl-].[H][NH+:10](C(CC)C(C)C([H])[NH]1)[C:20]1([NH:21]CC)[O]C 10=20;20,21=21"
"C9=CC=CC=C9[NH+:10]([H])[C:20]([NH:21][H])([NH]C8=CC=CC=C8)[O][H].[Cl-]>>[Cl-].C9=CC=CC=C9[NH:10][H].[H][NH+:21]=[C:20]([NH]C8=CC=CC=C8)[O][H] 21=20;20,10=10"
"CCCCCCC1C(C(O[C:20](N1[H])([O-:10])[O:21]C)CC)CC>>CCCCCCC1C(C(O[C:20](=[O:10])N1[H])CC)CC.[O-:21]C 10=20;20,21=21"
"[H][O:10]C([H])C(C)C(C)[O][C:20]([O]C)=[NH+:21][H].[Cl-]>>[Cl-].[H][O+:10](C([H])C(C)C(C)[O]1)[C:20]1([NH:21][H])[O]C 10=20;20,21=21"
"C6=CC=CC=C6[NH+:21]=[C:20]2[NH][CH](CC)[CH](C)C(C8=CC=CC=C8)[O]2.CC[NH:10][H].[Cl-]>>[Cl-].CC[NH+:10]([H])[C:20]1([NH:21]C6=CC=CC=C6)[NH][CH](CC)C(C)[CH](C8=CC=CC=C8)[O]1 10=20;20,21=21"
"C[O+:10]([H])[C:20]([O:21][H])([S]CC)[S]CC.[Cl-]>>[Cl-].C[O:10][H].[H][O+:21]=[C:20]([S]CC)[S]CC 21=20;20,10=10"
"C[O+:21]=[C:20]2[O]C(C7=CC=CC=C7)C(C)[O]2.CC[O:10][H].[Cl-]>>[Cl-].CC[O+:10]([H])[C:20]1([O:21]C)[O]C(C7=CC=CC=C7)C(C)[O]1 10=20;20,21=21"
"C[O+:21]=[C:20]2[S][CH](CC)[CH](C)C(C8=CC=CC=C8)[S]2.CC[O:10][H].[Cl-]>>[Cl-].CC[O+:10]([H])[C:20]1([O:21]C)[S][CH](CC)C(C)[CH](C8=CC=CC=C8)[S]1 10=20;20,21=21"
"[O-:21][C:20]1(OC)[O:10]C(CCC)C([H])=C1[H]>>[O-:10]C(CCC)/C([H])=C([C:20](OC)=[O:21])/[H] 21=20;20,10=10"
"C9=CC=CC=C9[NH+:10]([H])[C:20]1([NH:21]C)[O][CH](CC)C([H])[CH](C)[NH]1.[Cl-]>>[Cl-].C[NH+:21]=[C:20]2[O][CH](CC)[CH]([H])C(C)[NH]2.C9=CC=CC=C9[NH:10][H] 21=20;20,10=10"
"[H][NH:10]C(C)C(C)C(CC)[NH][C:20]([NH]C7=CC=CC=C7)=[NH+:21]C.[Cl-]>>[Cl-].[H][NH+:10](C(C)C(C)C(CC)[NH]1)[C:20]1([NH:21]C)[NH]C7=CC=CC=C7 10=20;20,21=21"
"CCCCCCN([C:20](=[O:10])O[H])CC.[O-:21]CCCCCC>>CCCCCCN([C:20]([O-:10])(O[H])[O:21]CCCCCC)CC 21=20;20,10=10"
"CN([C:20](=[O:10])OCC)CCCCCC.[O-:21]C1=CC=CC=C1>>CN([C:20]([O-:10])(OCC)[O:21]C1=CC=CC=C1)CCCCCC 21=20;20,10=10"
"C[O+:10]([H])[C:20]([NH:21]C6=CC=CC=C6)([NH]C8=CC=CC=C8)[O][H].[Cl-]>>[Cl-].C[O:10][H].C6=CC=CC=C6[NH+:21]=[C:20]([NH]C8=CC=CC=C8)[O][H] 21=20;20,10=10"
"[H][O+:10](C([H])C([H])[O]1)[C:20]1([O:21]C)[S][H].[Cl-]>>[Cl-].[H][O:10]C([H])C([H])[O][C:20]([S][H])=[O+:21]C 21=20;20,10=10"
"[H][O:10]C(C)C(C)[S][C:20]([O]C)=[O+:21]C.[Cl-]>>[Cl-].[H][O+:10](C(C)C(C)[S]1)[C:20]1([O:21]C)[O]C 10=20;20,21=21"
"C1=CC=CC=C1C1C(C(O[C:20](N1CCCCCC)([O-:10])[O:21]C)C)CC>>C1=CC=CC=C1C1C(C(O[C:20](=[O:10])N1CCCCCC)C)CC.[O-:21]C 10=20;20,21=21"
"[NH:10](C)C(C)C([H])N([C:20](C)=[O:21])[H]>>[O-:21][C:20]1(C)[NH+:10](C)C(C)C([H])N1[H] 10=20;20,21=21"
"[O-:21][C:20]1(OCC)C([H])C([H])C(C)C([H])[NH+:10]1([H])>>[NH:10]([H])C([H])C(C)C([H])C([H])[C:20](OCC)=[O:21] 21=20;20,10=10"
"[O-:21][C:20]1([H])[O:10]C(CCC)C(O)C1O>>[O-:10]C(CCC)C(O)C([C:20]([H])=[O:21])O 21=20;20,10=10"
"[H][O+:10]([H])[C:20]1([NH:21][H])[O]C(C7=CC=CC=C7)C(CC)[NH]1.[Cl-]>>[Cl-].[H][NH+:21]=[C:20]2[O]C(C7=CC=CC=C7)C(CC)[NH]2.[H][O:10][H] 21=20;20,10=10"
"[H][O:10]C(C)C(C)C(C8=CC=CC=C8)[O][C:20]([O][H])=[NH+:21]C6=CC=CC=C6.[Cl-]>>[Cl-].[H][O+:10](C(C)C(C)C(C8=CC=CC=C8)[O]1)[C:20]1([NH:21]C6=CC=CC=C6)[O][H] 10=20;20,21=21"
"[O:20]=[C:21](OC)OC1=CC=CC=C1.[H][O:10][Li]>>[H][O+:10]([Li])[C:21]([O-:20])(OC)OC1=CC=CC=C1 10=21;21,20=20"
"C9=CC=CC=C9[O+:10]([H])[C:20]([NH:21]C6=CC=CC=C6)([NH][H])[NH][H].[Cl-]>>[Cl-].C9=CC=CC=C9[O:10][H].C6=CC=CC=C6[NH+:21]=[C:20]([NH][H])[NH][H] 21=20;20,10=10"
"[H]C1C(C(O[C:20](N1C1=CC=CC=C1)([O-:10])[O:21]CC)CC)[H]>>[H]C1C(C(O[C:20](=[O:10])N1C1=CC=CC=C1)CC)[H].[O-:21]CC 10=20;20,21=21"
"C(C([O-:21])[H])(C(O[C:20](=[O:10])OC1=CC=CC=C1)C1=CC=CC=C1)CCCCCC>>C1(C(O[C:20]([O-:10])([O:21]C1[H])OC1=CC=CC=C1)C1=CC=CC=C1)CCCCCC 21=20;20,10=10"
"[O-:21][C:20]1(OCC)[NH+:10]([H])C([H])C(O)C1[H]>>[NH:10]([H])C([H])C(O)C([C:20](OCC)=[O:21])[H] 21=20;20,10=10"
"[H][O:10]C(CC)C(C)C(C)[NH][C:20]([NH]C)=[NH+:21]C.[Cl-]>>[Cl-].[H][O+:10](C(CC)C(C)C(C)[NH]1)[C:20]1([NH:21]C)[NH]C 10=20;20,21=21"
"CC[NH+:21]=[C:20]2[NH][CH]([H])[CH](C)C([H])[NH]2.C9=CC=CC=C9[O:10][H].[Cl-]>>[Cl-].C9=CC=CC=C9[O+:10]([H])[C:20]1([NH:21]CC)[NH][CH]([H])C(C)[CH]([H])[NH]1 10=20;20,21=21"
"CCCCCCN([C:20](=[O:10])OCC)CC.[O-:21]C>>CCCCCCN([C:20]([O-:10])(OCC)[O:21]C)CC 21=20;20,10=10"
"[K][O+:21]([C:20]([O-:10])(OCC)OCC)CCCCCC>>[K][O:21]CCCCCC.[C:20](=[O:10])(OCC)OCC 10=20;20,21=21"
"[H]C1C(C(O[C:20](=[O:10])N1CCCCCC)CC)CCCCCC.[O-:21]CC>>[H]C1C(C(O[C:20](N1CCCCCC)([O-:10])[O:21]CC)CC)CCCCCC 21=20;20,10=10"
"[O-:21][C:20]1(OCC)C(C)C([H])=C([H])C(C)[O+:10]1([Na])>>[O:10]([Na])C(C)/C([H])=C([H])\C(C)[C:20](OCC)=[O:21] 21=20;20,10=10"
"[H][NH:10]C(C9=CC=CC=C9)C(C)[NH][C:20]([O]C)=[NH+:21]C6=CC=CC=C6.[Cl-]>>[Cl-].[H][NH+:10](C(C9=CC=CC=C9)C(C)[NH]1)[C:20]1([NH:21]C6=CC=CC=C6)[O]C 10=20;20,21=21"
"[O-:21][C:20]1(C)[O+:10]([Na])C(C)C(O)C1O>>[O:10]([Na])C(C)C(O)C([C:20](C)=[O:21])O 21=20;20,10=10"
"[H][O+:10](C(C)C([H])[S]1)[C:20]1([O:21][Si](C)(C)(C))[S]C.[Cl-]>>[Cl-].[H][O:10]C(C)C([H])[S][C:20]([S]C)=[O+:21][Si](C)(C)(C) 21=20;20,10=10"
"[NH:10](C)C(C)C(O)C(C)C([H])[C:20]([H])=[O:21]>>[O-:21][C:20]1([H])C([H])C(C)C(O)C(C)[NH+:10]1(C) 10=20;20,21=21"
"[H][NH+:10](C(C)C(C)C(C8=CC=CC=C8)[NH]1)[C:20]1([NH:21]CC)[O][H].[Cl-]>>[Cl-].[H][NH:10]C(C)C(C)C(C8=CC=CC=C8)[NH][C:20]([O][H])=[NH+:21]CC 21=20;20,10=10"
"CC[O+:10]([H])[C:20]1([NH:21]C6=CC=CC=C6)[O][CH](C)C(C)[CH](CC)[NH]1.[Cl-]>>[Cl-].C6=CC=CC=C6[NH+:21]=[C:20]2[O][CH](C)[CH](C)C(CC)[NH]2.CC[O:10][H] 21=20;20,10=10"
"CN([C:20]1(OC(C(C([O:21]1)C)C)CCCCCC)[O-:10])C1=CC=CC=C1>>CN([C:20](=[O:10])OC(C(C([O-:21])C)C)CCCCCC)C1=CC=CC=C1 10=20;20,21=21"
"C1=CC=CC=C1N([C:20](=[O:10])OC(C(C([O-:21])C)CCCCCC)C1=CC=CC=C1)CCCCCC>>C1=CC=CC=C1N([C:20]1(OC(C(C([O:21]1)C)CCCCCC)C1=CC=CC=C1)[O-:10])CCCCCC 21=20;20,10=10"
"[H][NH:10]C(C)C(C8=CC=CC=C8)[O][C:20]([NH][H])=[NH+:21]C.[Cl-]>>[Cl-].[H][NH+:10](C(C)C(C8=CC=CC=C8)[O]1)[C:20]1([NH:21]C)[NH][H] 10=20;20,21=21"
"CN([C:20]([O-:10])(OCCCCCC)[Cl:21])C>>CN([C:20](=[O:10])OCCCCCC)C.[Cl-:21] 10=20;20,21=21"
"[NH:10]([H])C(C)C(C)C(O)C(C)[C:20](OCC)=[O:21]>>[O-:21][C:20]1(OCC)C(C)C(O)C(C)C(C)[NH+:10]1([H]) 10=20;20,21=21"
"C[NH:10][H].[H][NH+:21]=[C:20]([NH]C)[NH]CC.[Cl-]>>[Cl-].C[NH+:10]([H])[C:20]([NH:21][H])([NH]C)[NH]CC 10=20;20,21=21"
"C1=CC=CC=C1N([C:20]1(OC(C([O:21]1)CCCCCC)CCCCCC)[O-:10])[H]>>C1=CC=CC=C1N([C:20](=[O:10])OC(C([O-:21])CCCCCC)CCCCCC)[H] 10=20;20,21=21"
"C1(C(O[C:20]([O-:10])([O:21]C1C)OC1=CC=CC=C1)C)C>>C(C([O-:21])C)(C(O[C:20](=[O:10])OC1=CC=CC=C1)C)C 10=20;20,21=21"
"CC1C(C(O[C:20](N1[H])([O-:10])[Cl:21])[H])CCCCCC>>CC1C(C(O[C:20](=[O:10])N1[H])[H])CCCCCC.[Cl-:21] 10=20;20,21=21"
"[H][O:10]C([H])C(C)C(C8=CC=CC=C8)[NH][C:20]([NH]CC)=[NH+:21]CC.[Cl-]>>[Cl-].[H][O+:10](C([H])C(C)C(C8=CC=CC=C8)[NH]1)[C:20]1([NH:21]CC)[NH]CC 10=20;20,21=21"
"[O:21]=[C:20](OC1=CC=CC=C1)OC1=CC=CC=C1.[O-:10][H]>>[H][O:10][C:20]([O-:21])(OC1=CC=CC=C1)OC1=CC=CC=C1 10=20;20,21=21"
"[H][O:10]C(C)C([H])[S][C:20]([O]C7=CC=CC=C7)=[O+:21][H].[Cl-]>>[Cl-].[H][O+:10](C(C)C([H])[S]1)[C:20]1([O:21][H])[O]C7=CC=CC=C7 10=20;20,21=21"
"CCCCCCC1C(C(O[C:20](N1C)([O-:10])[O:21]CCCCCC)CCCCCC)[H]>>CCCCCCC1C(C(O[C:20](=[O:10])N1C)CCCCCC)[H].[O-:21]CCCCCC 10=20;20,21=21"
"[H][NH+:10](C(CC)C([H])C([H])[O]1)[C:20]1([NH:21]C)[NH][H].[Cl-]>>[Cl-].[H][NH:10]C(CC)C([H])C([H])[O][C:20]([NH][H])=[NH+:21]C 21=20;20,10=10"
"[O-:21][C:20]1([H])[O:10]C(C)C(O)=C1[H]>>[O-:10]C(C)/C(O)=C([C:20]([H])=[O:21])/[H] 21=20;20,10=10"
"[H][NH+:21]=[C:20]2[NH]C(C)C(C8=CC=CC=C8)[NH]2.[H][O:10][H].[Cl-]>>[Cl-].[H][O+:10]([H])[C:20]1([NH:21][H])[NH]C(C)C(C8=CC=CC=C8)[NH]1 10=20;20,21=21"
"C(C([O-:21])C)(C(O[C:20](=[O:10])OC1=CC=CC=C1)[H])CCCCCC>>C1(C(O[C:20]([O-:10])([O:21]C1C)OC1=CC=CC=C1)[H])CCCCCC 21=20;20,10=10"
"[H][NH:10]C(C9=CC=CC=C9)C([H])C([H])[O][C:20]([NH][H])=[NH+:21]C6=CC=CC=C6.[Cl-]>>[Cl-].[H][NH+:10](C(C9=CC=CC=C9)C([H])C([H])[O]1)[C:20]1([NH:21]C6=CC=CC=C6)[NH][H] 10=20;20,21=21"
"[H][O+:21]=[C:20]2[S][CH](C7=CC=CC=C7)[CH](C)C([H])[S]2.C[O:10][H].[Cl-]>>[Cl-].C[O+:10]([H])[C:20]1([O:21][H])[S][CH](C7=CC=CC=C7)C(C)[CH]([H])[S]1 10=20;20,21=21"
"[H][NH+:10]([H])[C:20]1([NH:21]C)[O][CH](CC)C([H])[CH]([H])[NH]1.[Cl-]>>[Cl-].C[NH+:21]=[C:20]2[O][CH](CC)[CH]([H])C([H])[NH]2.[H][NH:10][H] 21=20;20,10=10"
"[H][S+:10](C(C9=CC=CC=C9)C([H])C(C8=CC=CC=C8)[O]1)[C:20]1([O:21]C)[O]CC.[Cl-]>>[Cl-].[H][S:10]C(C9=CC=CC=C9)C([H])C(C8=CC=CC=C8)[O][C:20]([O]CC)=[O+:21]C 21=20;20,10=10"
"[H][O:10]C(C9=CC=CC=C9)C([H])C(C8=CC=CC=C8)[NH][C:20]([O]C7=CC=CC=C7)=[NH+:21]C.[Cl-]>>[Cl-].[H][O+:10](C(C9=CC=CC=C9)C([H])C(C8=CC=CC=C8)[NH]1)[C:20]1([NH:21]C)[O]C7=CC=CC=C7 10=20;20,21=21"
"C[O+:10]([H])[C:20]([O:21][H])([O]C)[S]CC.[Cl-]>>[Cl-].C[O:10][H].[H][O+:21]=[C:20]([O]C)[S]CC 21=20;20,10=10"
"[H][O:10]C([H])C([H])C([H])[O][C:20]([O]C)=[NH+:21]C6=CC=CC=C6.[Cl-]>>[Cl-].[H][O+:10](C([H])C([H])C([H])[O]1)[C:20]1([NH:21]C6=CC=CC=C6)[O]C 10=20;20,21=21"
"[Si](C)(C)(C)[O+:21]=[C:20]2[O]C(CC)C([H])[O]2.C9=CC=CC=C9[O:10][H].[Cl-]>>[Cl-].C9=CC=CC=C9[O+:10]([H])[C:20]1([O:21][Si](C)(C)(C))[O]C(CC)C([H])[O]1 10=20;20,21=21"
"C[NH+:10]([H])[C:20]([NH:21][H])([O][H])[O][H].[Cl-]>>[Cl-].C[NH:10][H].[H][NH+:21]=[C:20]([O][H])[O][H] 21=20;20,10=10"
"[O-:21][C:20]1([H])C([H])C(C)C(C)C(CC)[O:10]1>>[O-:10]C(CC)C(C)C(C)C([H])[C:20]([H])=[O:21] 21=20;20,10=10"
"[NH:10](C)C([H])/C(C)=C([C:20](OC)=[O:21])/C>>[O-:21][C:20]1(OC)[NH+:10](C)C([H])C(C)=C1C 10=20;20,21=21"
"CCN([C:20](=[O:10])OC(C(C([O-:21])C1=CC=CC=C1)C)C1=CC=CC=C1)[H]>>CCN([C:20]1(OC(C(C([O:21]1)C1=CC=CC=C1)C)C1=CC=CC=C1)[O-:10])[H] 21=20;20,10=10"
"[H][S+:10]([H])[C:20]1([O:21][H])[O][CH](C7=CC=CC=C7)C(C)[CH](C8=CC=CC=C8)[S]1.[Cl-]>>[Cl-].[H][O+:21]=[C:20]2[O][CH](C7=CC=CC=C7)[CH](C)C(C8=CC=CC=C8)[S]2.[H][S:10][H] 21=20;20,10=10"
"C[O+:10]([H])[C:20]1([O:21][H])[O][CH](C)C(C)[CH](CC)[S]1.[Cl-]>>[Cl-].[H][O+:21]=[C:20]2[O][CH](C)[CH](C)C(CC)[S]2.C[O:10][H] 21=20;20,10=10"
"[O-:21][C:20]1([H])C(O)C([H])C([H])C(C)[O:10]1>>[O-:10]C(C)C([H])C([H])C(O)[C:20]([H])=[O:21] 21=20;20,10=10"
"C[NH+:10]([H])[C:20]1([NH:21][H])[NH]C(C)C(CC)[O]1.[Cl-]>>[Cl-].[H][NH+:21]=[C:20]2[NH]C(C)C(CC)[O]2.C[NH:10][H] 21=20;20,10=10"
"CN([C:20](=[O:10])OC(C(C([O-:21])CC)C)CC)CC>>CN([C:20]1(OC(C(C([O:21]1)CC)C)CC)[O-:10])CC 21=20;20,10=10"
"C9=CC=CC=C9[O+:10]([H])[C:20]1([NH:21]CC)[NH][CH](C)C([H])[CH]([H])[O]1.[Cl-]>>[Cl-].CC[NH+:21]=[C:20]2[NH][CH](C)[CH]([H])C([H])[O]2.C9=CC=CC=C9[O:10][H] 21=20;20,10=10"
"C6=CC=CC=C6[NH+:21]=[C:20]2[NH]C(CC)C(C)[O]2.C[NH:10][H].[Cl-]>>[Cl-].C[NH+:10]([H])[C:20]1([NH:21]C6=CC=CC=C6)[NH]C(CC)C(C)[O]1 10=20;20,21=21"
"[O:20]=[C:21](O[H])OC1=CC=CC=C1.CC[O:10][Li]>>CC[O+:10]([Li])[C:21]([O-:20])(O[H])OC1=CC=CC=C1 10=21;21,20=20"
"[H][O+:21]=[C:20]2[S]C(C)C(C)[S]2.C[S:10][H].[Cl-]>>[Cl-].C[S+:10]([H])[C:20]1([O:21][H])[S]C(C)C(C)[S]1 10=20;20,21=21"
"[H][NH+:10](C(CC)C([H])C(C)[NH]1)[C:20]1([NH:21]CC)[NH][H].[Cl-]>>[Cl-].[H][NH:10]C(CC)C([H])C(C)[NH][C:20]([NH][H])=[NH+:21]CC 21=20;20,10=10"
"[H][O+:10]([H])[C:20]1([NH:21][H])[O][CH](C)C([H])[CH](C8=CC=CC=C8)[O]1.[Cl-]>>[Cl-].[H][NH+:21]=[C:20]2[O][CH](C)[CH]([H])C(C8=CC=CC=C8)[O]2.[H][O:10][H] 21=20;20,10=10"
"C1=CC=CC=C1N([C:20](=[O:10])OC(C([O-:21])C)C1=CC=CC=C1)CC>>C1=CC=CC=C1N([C:20]1(OC(C([O:21]1)C)C1=CC=CC=C1)[O-:10])CC 21=20;20,10=10"
"[H][O+:10](C(C)C([H])C([H])[NH]1)[C:20]1([NH:21][H])[NH]CC.[Cl-]>>[Cl-].[H][O:10]C(C)C([H])C([H])[NH][C:20]([NH]CC)=[NH+:21][H] 21=20;20,10=10"
"CCCCCCN([C:20]([O-:10])(OCC)[O:21][H])[H]>>CCCCCCN([C:20](=[O:10])OCC)[H].[O-:21][H] 10=20;20,21=21"
"C[NH+:21]=[C:20]2[O]C(C)C(CC)[NH]2.C9=CC=CC=C9[NH:10][H].[Cl-]>>[Cl-].C9=CC=CC=C9[NH+:10]([H])[C:20]1([NH:21]C)[O]C(C)C(CC)[NH]1 10=20;20,21=21"
"[H][O+:10](C(C)C([H])C(C)[O]1)[C:20]1([NH:21]CC)[O]C.[Cl-]>>[Cl-].[H][O:10]C(C)C([H])C(C)[O][C:20]([O]C)=[NH+:21]CC 21=20;20,10=10"
"[H]N([C:20]([O-:10])(OC)[O:21][H])[H]>>[H]N([C:20](=[O:10])OC)[H].[O-:21][H] 10=20;20,21=21"
"[H][NH+:10]([H])[C:20]([NH:21]C6=CC=CC=C6)([NH]C8=CC=CC=C8)[NH]CC.[Cl-]>>[Cl-].[H][NH:10][H].C6=CC=CC=C6[NH+:21]=[C:20]([NH]C8=CC=CC=C8)[NH]CC 21=20;20,10=10"
"CC[O+:10]([H])[C:20]([NH:21]C)([O]C8=CC=CC=C8)[O]C7=CC=CC=C7.[Cl-]>>[Cl-].CC[O:10][H].C[NH+:21]=[C:20]([O]C8=CC=CC=C8)[O]C7=CC=CC=C7 21=20;20,10=10"
"[OH:10]C([H])C(C)C(O)C(C)[C:20]([H])=[OH+:21]>>[OH:21][C:20]1([H])C(C)C(O)C(C)C([H])[OH+:10]1 10=20;20,21=21"
"[H][NH:10]C([H])C([H])C([H])[NH][C:20]([NH]C)=[NH+:21]C6=CC=CC=C6.[Cl-]>>[Cl-].[H][NH+:10](C([H])C([H])C([H])[NH]1)[C:20]1([NH:21]C6=CC=CC=C6)[NH]C 10=20;20,21=21"
"[H]N([C:20](=[O:10])OC(C(C([O-:21])C1=CC=CC=C1)[H])C1=CC=CC=C1)C>>[H]N([C:20]1(OC(C(C([O:21]1)C1=CC=CC=C1)[H])C1=CC=CC=C1)[O-:10])C 21=20;20,10=10"
"C9=CC=CC=C9[O+:10]([H])[C:20]1([O:21][H])[S][CH]([H])C([H])[CH](CC)[O]1.[Cl-]>>[Cl-].[H][O+:21]=[C:20]2[S][CH]([H])[CH]([H])C(CC)[O]2.C9=CC=CC=C9[O:10][H] 21=20;20,10=10"
"CC[NH+:10]([H])[C:20]([NH:21]CC)([NH][H])[O]C7=CC=CC=C7.[Cl-]>>[Cl-].CC[NH:10][H].CC[NH+:21]=[C:20]([NH][H])[O]C7=CC=CC=C7 21=20;20,10=10"
"C[NH+:10]([H])[C:20]1([NH:21][H])[NH][CH](C7=CC=CC=C7)C([H])[CH](C8=CC=CC=C8)[O]1.[Cl-]>>[Cl-].[H][NH+:21]=[C:20]2[NH][CH](C7=CC=CC=C7)[CH]([H])C(C8=CC=CC=C8)[O]2.C[NH:10][H] 21=20;20,10=10"
"C9=CC=CC=C9[NH+:10]([H])[C:20]1([NH:21]CC)[O][CH](C)C(C)[CH]([H])[O]1.[Cl-]>>[Cl-].CC[NH+:21]=[C:20]2[O][CH](C)[CH](C)C([H])[O]2.C9=CC=CC=C9[NH:10][H] 21=20;20,10=10"
"[H][NH+:10]([H])[C:20]([NH:21][H])([NH]C8=CC=CC=C8)[O]C7=CC=CC=C7.[Cl-]>>[Cl-].[H][NH:10][H].[H][NH+:21]=[C:20]([NH]C8=CC=CC=C8)[O]C7=CC=CC=C7 21=20;20,10=10"
"[H][O+:10]([H])[C:20]1([O:21][H])[O]C([H])C(CC)[S]1.[Cl-]>>[Cl-].[H][O+:21]=[C:20]2[O]C([H])C(CC)[S]2.[H][O:10][H] 21=20;20,10=10"
"[O:10]([K])C(CC)C([H])/C(C)=C(C)\[C:20](OC)=[O:21]>>[O-:21][C:20]1(OC)C(C)=C(C)C([H])C(CC)[O+:10]1([K]) 10=20;20,21=21"
"C[C:20]([O:10]C)([Cl:21])CCCCCC>>C[C:20](=[O+:10]C)CCCCCC.[Cl-:21] 10=20;20,21=21"
"CC[NH+:10]([H])[C:20]([NH:21]C)([O]C)[NH]CC.[Cl-]>>[Cl-].CC[NH:10][H].C[NH+:21]=[C:20]([O]C)[NH]CC 21=20;20,10=10"
"C[O+:10]([H])[C:20]1([O:21][H])[O]C(C7=CC=CC=C7)C([H])[S]1.[Cl-]>>[Cl-].[H][O+:21]=[C:20]2[O]C(C7=CC=CC=C7)C([H])[S]2.C[O:10][H] 21=20;20,10=10"
"[H][O+:10]([H])[C:20]1([NH:21]CC)[NH][CH]([H])C(C)[CH](C8=CC=CC=C8)[O]1.[Cl-]>>[Cl-].CC[NH+:21]=[C:20]2[NH][CH]([H])[CH](C)C(C8=CC=CC=C8)[O]2.[H][O:10][H] 21=20;20,10=10"
"[H]N([C:20]1(OC(C(C([O:21]1)C)CC)CC)[O-:10])[H]>>[H]N([C:20](=[O:10])OC(C(C([O-:21])C)CC)CC)[H] 10=20;20,21=21"
"[OH:10]C(CC)C(C)C([C:20](OCC)=[OH+:21])[H]>>[OH:21][C:20]1(OCC)[OH+:10]C(CC)C(C)C1[H] 10=20;20,21=21"
"[H][O+:10](C([H])C(CC)[NH]1)[C:20]1([NH:21]C6=CC=CC=C6)[O][H].[Cl-]>>[Cl-].[H][O:10]C([H])C(CC)[NH][C:20]([O][H])=[NH+:21]C6=CC=CC=C6 21=20;20,10=10"
"[H][O+:10](C(C)C([H])C([H])[O]1)[C:20]1([NH:21]C6=CC=CC=C6)[NH]C7=CC=CC=C7.[Cl-]>>[Cl-].[H][O:10]C(C)C([H])C([H])[O][C:20]([NH]C7=CC=CC=C7)=[NH+:21]C6=CC=CC=C6 21=20;20,10=10"
"[OH:21][C:20]1([H])C([H])C(O)C([H])C(CCC)[OH+:10]1>>[OH:10]C(CCC)C([H])C(O)C([H])[C:20]([H])=[OH+:21] 21=20;20,10=10"
"[OH:21][C:20]1([H])C(O)C([H])C([H])C(CC)[OH+:10]1>>[OH:10]C(CC)C([H])C([H])C(O)[C:20]([H])=[OH+:21] 21=20;20,10=10"
"[H][O:10]C([H])C([H])C([H])[S][C:20]([O]C7=CC=CC=C7)=[O+:21][H].[Cl-]>>[Cl-].[H][O+:10](C([H])C([H])C([H])[S]1)[C:20]1([O:21][H])[O]C7=CC=CC=C7 10=20;20,21=21"
"CC[NH+:21]=[C:20]2[NH][CH]([H])[CH]([H])C([H])[O]2.C[O:10][H].[Cl-]>>[Cl-].C[O+:10]([H])[C:20]1([NH:21]CC)[NH][CH]([H])C([H])[CH]([H])[O]1 10=20;20,21=21"
"[H][S+:10](C(C)C(CC)[S]1)[C:20]1([O:21]C)[S]C.[Cl-]>>[Cl-].[H][S:10]C(C)C(CC)[S][C:20]([S]C)=[O+:21]C 21=20;20,10=10"
"C[NH+:21]=[C:20]2[O][CH](CC)[CH](C)C([H])[O]2.CC[NH:10][H].[Cl-]>>[Cl-].CC[NH+:10]([H])[C:20]1([NH:21]C)[O][CH](CC)C(C)[CH]([H])[O]1 10=20;20,21=21"
"[H][O+:10](C([H])C(CC)[O]1)[C:20]1([O:21][Si](C)(C)(C))[S]CC.[Cl-]>>[Cl-].[H][O:10]C([H])C(CC)[O][C:20]([S]CC)=[O+:21][Si](C)(C)(C) 21=20;20,10=10"
"[H][O+:10]([H])[C:20]([NH:21]CC)([NH]C8=CC=CC=C8)[NH]CC.[Cl-]>>[Cl-].[H][O:10][H].CC[NH+:21]=[C:20]([NH]C8=CC=CC=C8)[NH]CC 21=20;20,10=10"
"[O-:21][CH:20]2(OC)C3=C(C(C([NH+:10]2(C))C)[H])C=CC=C3>>[NH:10](C)C(C(C1=C(C=CC=C1)[CH:20](OC)=[O:21])[H])C  21=20;20,10=10"
"[H]N([C:20](=[O:10])OC(C([O-:21])C)C1=CC=CC=C1)[H]>>[H]N([C:20]1(OC(C([O:21]1)C)C1=CC=CC=C1)[O-:10])[H] 21=20;20,10=10"
"[O-:21][C:20]1(C)C(O)C([H])C(O)C(CC)[NH+:10]1([H])>>[NH:10]([H])C(CC)C(O)C([H])C(O)[C:20](C)=[O:21] 21=20;20,10=10"
"[OH:21][C:20]1(C)C(C)C(C)C(C)C([H])[OH+:10]1>>[OH:10]C([H])C(C)C(C)C(C)[C:20](C)=[OH+:21] 21=20;20,10=10"
"C[NH:10][H].CC[NH+:21]=[C:20]([NH]CC)[NH]CC.[Cl-]>>[Cl-].C[NH+:10]([H])[C:20]([NH:21]CC)([NH]CC)[NH]CC 10=20;20,21=21"
"[H][S+:10](C(C)C(C)C(C8=CC=CC=C8)[S]1)[C:20]1([O:21]C)[O][H].[Cl-]>>[Cl-].[H][S:10]C(C)C(C)C(C8=CC=CC=C8)[S][C:20]([O][H])=[O+:21]C 21=20;20,10=10"
"[O-:21][C:20]1(OCC)C([H])C(O)C([H])C(CC)[O+:10]1([K])>>[O:10]([K])C(CC)C([H])C(O)C([H])[C:20](OCC)=[O:21] 21=20;20,10=10"
"[O-:10]C(CCC)/C([H])=C(C)\C([H])[C:20]([H])=[O:21]>>[O-:21][C:20]1([H])C([H])C(C)=C([H])C(CCC)[O:10]1 10=20;20,21=21"
"[H][O+:10](C(C9=CC=CC=C9)C(C)C(C)[O]1)[C:20]1([NH:21]CC)[O]C.[Cl-]>>[Cl-].[H][O:10]C(C9=CC=CC=C9)C(C)C(C)[O][C:20]([O]C)=[NH+:21]CC 21=20;20,10=10"
"[H][NH:10]C([H])C([H])[O][C:20]([NH]C7=CC=CC=C7)=[NH+:21]C6=CC=CC=C6.[Cl-]>>[Cl-].[H][NH+:10](C([H])C([H])[O]1)[C:20]1([NH:21]C6=CC=CC=C6)[NH]C7=CC=CC=C7 10=20;20,21=21"
"[NH:10](C)C(CC)C(C)C(O)C([H])[C:20](C)=[O:21]>>[O-:21][C:20]1(C)C([H])C(O)C(C)C(CC)[NH+:10]1(C) 10=20;20,21=21"
"CCCCCCN([C:20]1(OC(C(C([O:21]1)[H])[H])CC)[O-:10])CC>>CCCCCCN([C:20](=[O:10])OC(C(C([O-:21])[H])[H])CC)CC 10=20;20,21=21"
"[NH:10](C)C(C)C([H])C([H])C(O)[C:20]([H])=[O:21]>>[O-:21][C:20]1([H])C(O)C([H])C([H])C(C)[NH+:10]1(C) 10=20;20,21=21"
"C[NH+:10]([H])[C:20]1([NH:21][H])[O]C(CC)C(C8=CC=CC=C8)[O]1.[Cl-]>>[Cl-].[H][NH+:21]=[C:20]2[O]C(CC)C(C8=CC=CC=C8)[O]2.C[NH:10][H] 21=20;20,10=10"
"[NH:10](C)C([H])C(C)N([C:20](C)=[O:21])C>>[O-:21][C:20]1(C)[NH+:10](C)C([H])C(C)N1C 10=20;20,21=21"
"[OH:10]C(CC)C(C)C(C)C(C)[C:20](OCC)=[OH+:21]>>[OH:21][C:20]1(OCC)C(C)C(C)C(C)C(CC)[OH+:10]1 10=20;20,21=21"
"[CH:20]([NH2:10])([F:21])C>>[CH:20](=[NH2+:10])C.[F-:21] 10=20;20,21=21"
"C1=CC=CC=C1N([C:20](=[O:10])OC(C(C([O-:21])C)C)CC)CCCCCC>>C1=CC=CC=C1N([C:20]1(OC(C(C([O:21]1)C)C)CC)[O-:10])CCCCCC 21=20;20,10=10"
"[H][O+:10](C(C9=CC=CC=C9)C(CC)[NH]1)[C:20]1([NH:21]CC)[O][H].[Cl-]>>[Cl-].[H][O:10]C(C9=CC=CC=C9)C(CC)[NH][C:20]([O][H])=[NH+:21]CC 21=20;20,10=10"
"[H][O+:21]=[C:20]2[O]C(C)C(C)[S]2.[H][O:10][H].[Cl-]>>[Cl-].[H][O+:10]([H])[C:20]1([O:21][H])[O]C(C)C(C)[S]1 10=20;20,21=21"
"[K][O+:21]([C:20]([O-:10])(OC1=CC=CC=C1)OC)CC>>[K][O:21]CC.[C:20](=[O:10])(OC1=CC=CC=C1)OC 10=20;20,21=21"
"[H][NH+:10](C(C)C([H])C(C)[NH]1)[C:20]1([NH:21][H])[O][H].[Cl-]>>[Cl-].[H][NH:10]C(C)C([H])C(C)[NH][C:20]([O][H])=[NH+:21][H] 21=20;20,10=10"
"CC[NH+:21]=[C:20]2[NH][CH]([H])[CH]([H])C(C)[NH]2.[H][O:10][H].[Cl-]>>[Cl-].[H][O+:10]([H])[C:20]1([NH:21]CC)[NH][CH]([H])C([H])[CH](C)[NH]1 10=20;20,21=21"
"[H][O:10]C(C)C(C)C(C)[O][C:20]([O][H])=[O+:21][H].[Cl-]>>[Cl-].[H][O+:10](C(C)C(C)C(C)[O]1)[C:20]1([O:21][H])[O][H] 10=20;20,21=21"
"[H][NH+:21]=[C:20]2[NH][CH](C)[CH](C)C(C)[O]2.C[NH:10][H].[Cl-]>>[Cl-].C[NH+:10]([H])[C:20]1([NH:21][H])[NH][CH](C)C(C)[CH](C)[O]1 10=20;20,21=21"
"CCCCCCN([C:20]1(OC(C(C([O:21]1)[H])CCCCCC)[H])[O-:10])CCCCCC>>CCCCCCN([C:20](=[O:10])OC(C(C([O-:21])[H])CCCCCC)[H])CCCCCC 10=20;20,21=21"
"[H][S:10]C([H])C(C)C(C8=CC=CC=C8)[O][C:20]([S]CC)=[O+:21][H].[Cl-]>>[Cl-].[H][S+:10](C([H])C(C)C(C8=CC=CC=C8)[O]1)[C:20]1([O:21][H])[S]CC 10=20;20,21=21"
"CC[NH+:21]=[C:20]2[NH]C(C7=CC=CC=C7)C(C8=CC=CC=C8)[O]2.C[NH:10][H].[Cl-]>>[Cl-].C[NH+:10]([H])[C:20]1([NH:21]CC)[NH]C(C7=CC=CC=C7)C(C8=CC=CC=C8)[O]1 10=20;20,21=21"
"C9=CC=CC=C9[S+:10]([H])[C:20]1([O:21][Si](C)(C)(C))[O]C(C)C(C8=CC=CC=C8)[S]1.[Cl-]>>[Cl-].[Si](C)(C)(C)[O+:21]=[C:20]2[O]C(C)C(C8=CC=CC=C8)[S]2.C9=CC=CC=C9[S:10][H] 21=20;20,10=10"
"[H][S:10]C([H])C([H])C([H])[O][C:20]([S]C)=[O+:21][H].[Cl-]>>[Cl-].[H][S+:10](C([H])C([H])C([H])[O]1)[C:20]1([O:21][H])[S]C 10=20;20,21=21"
"[H][NH:10]C(CC)C(C)C(C)[O][C:20]([O]C)=[NH+:21]C6=CC=CC=C6.[Cl-]>>[Cl-].[H][NH+:10](C(CC)C(C)C(C)[O]1)[C:20]1([NH:21]C6=CC=CC=C6)[O]C 10=20;20,21=21"
"C[NH+:21]=[C:20]2[NH][CH](CC)[CH](C)C(CC)[O]2.C9=CC=CC=C9[NH:10][H].[Cl-]>>[Cl-].C9=CC=CC=C9[NH+:10]([H])[C:20]1([NH:21]C)[NH][CH](CC)C(C)[CH](CC)[O]1 10=20;20,21=21"
"CC[O+:10]([H])[C:20]1([NH:21]C)[O]C(C7=CC=CC=C7)C([H])[NH]1.[Cl-]>>[Cl-].C[NH+:21]=[C:20]2[O]C(C7=CC=CC=C7)C([H])[NH]2.CC[O:10][H] 21=20;20,10=10"
"C9=CC=CC=C9[S+:10]([H])[C:20]([O:21]C)([S]C8=CC=CC=C8)[O]CC.[Cl-]>>[Cl-].C9=CC=CC=C9[S:10][H].C[O+:21]=[C:20]([S]C8=CC=CC=C8)[O]CC 21=20;20,10=10"
"[H][S:10]C([H])C([H])[S][C:20]([S][H])=[O+:21][H].[Cl-]>>[Cl-].[H][S+:10](C([H])C([H])[S]1)[C:20]1([O:21][H])[S][H] 10=20;20,21=21"
"[H][S+:10]([H])[C:20]([O:21][H])([O]CC)[S]C7=CC=CC=C7.[Cl-]>>[Cl-].[H][S:10][H].[H][O+:21]=[C:20]([O]CC)[S]C7=CC=CC=C7 21=20;20,10=10"
"C[O+:21]=[C:20]2[S][CH]([H])[CH](C)C([H])[O]2.CC[S:10][H].[Cl-]>>[Cl-].CC[S+:10]([H])[C:20]1([O:21]C)[S][CH]([H])C(C)[CH]([H])[O]1 10=20;20,21=21"
"[H][O:10]C(CC)C(CC)[O][C:20]([NH][H])=[NH+:21]C.[Cl-]>>[Cl-].[H][O+:10](C(CC)C(CC)[O]1)[C:20]1([NH:21]C)[NH][H] 10=20;20,21=21"
"[CH:20](=[OH+:21])CC.[I-:10]>>[CH:20]([OH:21])([I:10])CC 10=20;20,21=21"
"[H][O+:10](C(CC)C(CC)[O]1)[C:20]1([NH:21][H])[NH]C.[Cl-]>>[Cl-].[H][O:10]C(CC)C(CC)[O][C:20]([NH]C)=[NH+:21][H] 21=20;20,10=10"
"[H][NH+:10](C(C9=CC=CC=C9)C([H])C(C)[O]1)[C:20]1([NH:21]C6=CC=CC=C6)[O]C.[Cl-]>>[Cl-].[H][NH:10]C(C9=CC=CC=C9)C([H])C(C)[O][C:20]([O]C)=[NH+:21]C6=CC=CC=C6 21=20;20,10=10"
"[H]C1C(C(O[C:20](=[O:10])N1C1=CC=CC=C1)[H])[H].[O-:21]C>>[H]C1C(C(O[C:20](N1C1=CC=CC=C1)([O-:10])[O:21]C)[H])[H] 21=20;20,10=10"
"[H][NH:10]C([H])C(C)C(CC)[NH][C:20]([NH][H])=[NH+:21][H].[Cl-]>>[Cl-].[H][NH+:10](C([H])C(C)C(CC)[NH]1)[C:20]1([NH:21][H])[NH][H] 10=20;20,21=21"
"[Na][O+:21]([C:20]([O-:10])(O[H])OCC)C>>[Na][O:21]C.[C:20](=[O:10])(O[H])OCC 10=20;20,21=21"
"[OH:10]C(CCC)C(C)/C([H])=C(C)\[C:20](OC)=[OH+:21]>>[OH:21][C:20]1(OC)C(C)=C([H])C(C)C(CCC)[OH+:10]1 10=20;20,21=21"
"[H][NH:10]C(CC)C(C)C(CC)[O][C:20]([NH]CC)=[NH+:21]C.[Cl-]>>[Cl-].[H][NH+:10](C(CC)C(C)C(CC)[O]1)[C:20]1([NH:21]C)[NH]CC 10=20;20,21=21"
"[H][NH+:10]([H])[C:20]1([NH:21]CC)[NH][CH]([H])C([H])[CH](CC)[NH]1.[Cl-]>>[Cl-].CC[NH+:21]=[C:20]2[NH][CH]([H])[CH]([H])C(CC)[NH]2.[H][NH:10][H] 21=20;20,10=10"
"[H][S+:10](C(CC)C(C)C(C)[S]1)[C:20]1([O:21][H])[O]C.[Cl-]>>[Cl-].[H][S:10]C(CC)C(C)C(C)[S][C:20]([O]C)=[O+:21][H] 21=20;20,10=10"
"[H][S:10][H].C[O+:21]=[C:20]([O]C8=CC=CC=C8)[S]CC.[Cl-]>>[Cl-].[H][S+:10]([H])[C:20]([O:21]C)([O]C8=CC=CC=C8)[S]CC 10=20;20,21=21"
"[H][NH+:10]([H])[C:20]1([NH:21]C6=CC=CC=C6)[O][CH](C7=CC=CC=C7)C(C)[CH]([H])[O]1.[Cl-]>>[Cl-].C6=CC=CC=C6[NH+:21]=[C:20]2[O][CH](C7=CC=CC=C7)[CH](C)C([H])[O]2.[H][NH:10][H] 21=20;20,10=10"
"C1=CC=CC=C1C1C(C(O[C:20](N1[H])([O-:10])[O:21]CC)CCCCCC)CCCCCC>>C1=CC=CC=C1C1C(C(O[C:20](=[O:10])N1[H])CCCCCC)CCCCCC.[O-:21]CC 10=20;20,21=21"
"C1=CC=CC=C1N([C:20](=[O:10])OC(C(C([O-:21])C1=CC=CC=C1)CC)CCCCCC)CC>>C1=CC=CC=C1N([C:20]1(OC(C(C([O:21]1)C1=CC=CC=C1)CC)CCCCCC)[O-:10])CC 21=20;20,10=10"
"[O:10]([K])C(CCC)/C(C)=C([C:20]([H])=[O:21])/C>>[O-:21][C:20]1([H])[O+:10]([K])C(CCC)C(C)=C1C 10=20;20,21=21"
"C[CH:20]([N:10](C)C1=C-C=C-C=C1)[I:21]>>C[CH:20]=[N+:10](C)C1=C-C=C-C=C1.[I-:21] 10=20;20,21=21"
"[H][O:10]C(CC)C(C)C([H])[O][C:20]([NH][H])=[NH+:21]CC.[Cl-]>>[Cl-].[H][O+:10](C(CC)C(C)C([H])[O]1)[C:20]1([NH:21]CC)[NH][H] 10=20;20,21=21"
"CC[NH:10][H].[H][NH+:21]=[C:20]([O]C)[NH]C.[Cl-]>>[Cl-].CC[NH+:10]([H])[C:20]([NH:21][H])([O]C)[NH]C 10=20;20,21=21"
"[H][O:10]C(C)C([H])C(CC)[O][C:20]([O]C7=CC=CC=C7)=[O+:21]C.[Cl-]>>[Cl-].[H][O+:10](C(C)C([H])C(CC)[O]1)[C:20]1([O:21]C)[O]C7=CC=CC=C7 10=20;20,21=21"
"CN([C:20](=[O:10])OC(C([O-:21])C)C)CCCCCC>>CN([C:20]1(OC(C([O:21]1)C)C)[O-:10])CCCCCC 21=20;20,10=10"
"[H]N([C:20]1(OC(C(C([O:21]1)CC)C)[H])[O-:10])[H]>>[H]N([C:20](=[O:10])OC(C(C([O-:21])CC)C)[H])[H] 10=20;20,21=21"
"[H][O+:10](C([H])C([H])C([H])[O]1)[C:20]1([NH:21]C)[NH]C.[Cl-]>>[Cl-].[H][O:10]C([H])C([H])C([H])[O][C:20]([NH]C)=[NH+:21]C 21=20;20,10=10"
"[H][NH:10]C(C9=CC=CC=C9)C([H])[O][C:20]([NH]CC)=[NH+:21]CC.[Cl-]>>[Cl-].[H][NH+:10](C(C9=CC=CC=C9)C([H])[O]1)[C:20]1([NH:21]CC)[NH]CC 10=20;20,21=21"
"CC[S:10][H].C[O+:21]=[C:20]([S]CC)[O]CC.[Cl-]>>[Cl-].CC[S+:10]([H])[C:20]([O:21]C)([S]CC)[O]CC 10=20;20,21=21"
"C[NH+:10]([H])[C:20]([NH:21]CC)([O]C8=CC=CC=C8)[NH]CC.[Cl-]>>[Cl-].C[NH:10][H].CC[NH+:21]=[C:20]([O]C8=CC=CC=C8)[NH]CC 21=20;20,10=10"
"[H]C1C(C(O[C:20](=[O:10])N1[H])CCCCCC)[H].[O-:21]C>>[H]C1C(C(O[C:20](N1[H])([O-:10])[O:21]C)CCCCCC)[H] 21=20;20,10=10"
"C1(C([O:21][C:20](O1)([O-:10])OC1=CC=CC=C1)C)C1=CC=CC=C1>>C(C(O[C:20](=[O:10])OC1=CC=CC=C1)C1=CC=CC=C1)([O-:21])C 10=20;20,21=21"
"[O-:21][C:20]1(OCC)C([H])=C([H])C([H])C(C)[O+:10]1([K])>>[O:10]([K])C(C)C([H])/C([H])=C([H])\[C:20](OCC)=[O:21] 21=20;20,10=10"
"[NH:10](C)C(CC)C(C)/C(C)=C([H])\[C:20](OC)=[O:21]>>[O-:21][C:20]1(OC)C([H])=C(C)C(C)C(CC)[NH+:10]1(C) 10=20;20,21=21"
"[OH:21][C:20]1([H])[OH+:10]C(C)C(O)=C1C>>[OH:10]C(C)/C(O)=C([C:20]([H])=[OH+:21])/C 21=20;20,10=10"
"CCCCCCC1C(C(O[C:20](N1C)([O-:10])[O:21]C)C)CCCCCC>>CCCCCCC1C(C(O[C:20](=[O:10])N1C)C)CCCCCC.[O-:21]C 10=20;20,21=21"
"C[O+:10]([H])[C:20]1([NH:21]C6=CC=CC=C6)[NH][CH](C7=CC=CC=C7)C([H])[CH](CC)[O]1.[Cl-]>>[Cl-].C6=CC=CC=C6[NH+:21]=[C:20]2[NH][CH](C7=CC=CC=C7)[CH]([H])C(CC)[O]2.C[O:10][H] 21=20;20,10=10"
"C[O+:10]([H])[C:20]1([O:21][H])[S][CH](C7=CC=CC=C7)C(C)[CH](C)[S]1.[Cl-]>>[Cl-].[H][O+:21]=[C:20]2[S][CH](C7=CC=CC=C7)[CH](C)C(C)[S]2.C[O:10][H] 21=20;20,10=10"
"[H][NH+:10](C(C)C(C8=CC=CC=C8)[O]1)[C:20]1([NH:21][H])[O]C.[Cl-]>>[Cl-].[H][NH:10]C(C)C(C8=CC=CC=C8)[O][C:20]([O]C)=[NH+:21][H] 21=20;20,10=10"
"[H][O:10]C(C9=CC=CC=C9)C(C8=CC=CC=C8)[O][C:20]([O][H])=[O+:21][Si](C)(C)(C).[Cl-]>>[Cl-].[H][O+:10](C(C9=CC=CC=C9)C(C8=CC=CC=C8)[O]1)[C:20]1([O:21][Si](C)(C)(C))[O][H] 10=20;20,21=21"
"CC1C(C(O[C:20](N1[H])([O-:10])[O:21]C)CC)C>>CC1C(C(O[C:20](=[O:10])N1[H])CC)C.[O-:21]C 10=20;20,21=21"
"[H][O:10]C(CC)C(CC)[O][C:20]([O]CC)=[NH+:21]CC.[Cl-]>>[Cl-].[H][O+:10](C(CC)C(CC)[O]1)[C:20]1([NH:21]CC)[O]CC 10=20;20,21=21"
"CC[S+:10]([H])[C:20]1([O:21]C)[O]C([H])C(C)[S]1.[Cl-]>>[Cl-].C[O+:21]=[C:20]2[O]C([H])C(C)[S]2.CC[S:10][H] 21=20;20,10=10"
"CN([C:20]1(OC(C(C([O:21]1)CC)[H])CC)[O-:10])C1=CC=CC=C1>>CN([C:20](=[O:10])OC(C(C([O-:21])CC)[H])CC)C1=CC=CC=C1 10=20;20,21=21"
"[H][O+:10]([H])[C:20]1([NH:21]C)[NH][CH](C)C([H])[CH](C)[NH]1.[Cl-]>>[Cl-].C[NH+:21]=[C:20]2[NH][CH](C)[CH]([H])C(C)[NH]2.[H][O:10][H] 21=20;20,10=10"
"[O:21]=[C:20](O[H])OC.[O-:10]C>>C[O:10][C:20]([O-:21])(O[H])OC 10=20;20,21=21"
"[NH:10]([H])C(C)C(C)C([C:20](OC)=[O:21])O>>[O-:21][C:20]1(OC)[NH+:10]([H])C(C)C(C)C1O 10=20;20,21=21"
"[H][S:10]C(C9=CC=CC=C9)C([H])C(CC)[O][C:20]([S]CC)=[O+:21][H].[Cl-]>>[Cl-].[H][S+:10](C(C9=CC=CC=C9)C([H])C(CC)[O]1)[C:20]1([O:21][H])[S]CC 10=20;20,21=21"
"C9=CC=CC=C9[NH+:10]([H])[C:20]1([NH:21]C6=CC=CC=C6)[NH][CH](CC)C([H])[CH]([H])[NH]1.[Cl-]>>[Cl-].C6=CC=CC=C6[NH+:21]=[C:20]2[NH][CH](CC)[CH]([H])C([H])[NH]2.C9=CC=CC=C9[NH:10][H] 21=20;20,10=10"
"[H][S+:10](C([H])C(C)C(C)[O]1)[C:20]1([O:21][H])[S][H].[Cl-]>>[Cl-].[H][S:10]C([H])C(C)C(C)[O][C:20]([S][H])=[O+:21][H] 21=20;20,10=10"
"[O-:21][C:20]1([H])C([H])=C(C)C([H])C([H])[O+:10]1([K])>>[O:10]([K])C([H])C([H])/C(C)=C([H])\[C:20]([H])=[O:21] 21=20;20,10=10"
"CC1C(C(O[C:20](=[O:10])N1CCCCCC)CCCCCC)C.[O-:21]CCCCCC>>CC1C(C(O[C:20](N1CCCCCC)([O-:10])[O:21]CCCCCC)CCCCCC)C 21=20;20,10=10"
"CC1C(C(O[C:20](=[O:10])N1[H])C)CC.[O-:21]C1=CC=CC=C1>>CC1C(C(O[C:20](N1[H])([O-:10])[O:21]C1=CC=CC=C1)C)CC 21=20;20,10=10"
"[H][O:10]C(C9=CC=CC=C9)C([H])C(C)[S][C:20]([S][H])=[O+:21]C.[Cl-]>>[Cl-].[H][O+:10](C(C9=CC=CC=C9)C([H])C(C)[S]1)[C:20]1([O:21]C)[S][H] 10=20;20,21=21"
"[H][NH:10]C(C9=CC=CC=C9)C(C)C([H])[NH][C:20]([NH]C7=CC=CC=C7)=[NH+:21]CC.[Cl-]>>[Cl-].[H][NH+:10](C(C9=CC=CC=C9)C(C)C([H])[NH]1)[C:20]1([NH:21]CC)[NH]C7=CC=CC=C7 10=20;20,21=21"
"[H][O:10][H].C6=CC=CC=C6[NH+:21]=[C:20]([NH]C)[NH]C7=CC=CC=C7.[Cl-]>>[Cl-].[H][O+:10]([H])[C:20]([NH:21]C6=CC=CC=C6)([NH]C)[NH]C7=CC=CC=C7 10=20;20,21=21"
"CC[NH+:10]([H])[C:20]1([NH:21]C)[O][CH](C)C(C)[CH](C8=CC=CC=C8)[O]1.[Cl-]>>[Cl-].C[NH+:21]=[C:20]2[O][CH](C)[CH](C)C(C8=CC=CC=C8)[O]2.CC[NH:10][H] 21=20;20,10=10"
"[O-:21][C:20]1([H])C(C)=C([H])C([H])C(CC)[O+:10]1([Na])>>[O:10]([Na])C(CC)C([H])/C([H])=C(C)\[C:20]([H])=[O:21] 21=20;20,10=10"
"[H][NH+:10](C(CC)C([H])C(CC)[NH]1)[C:20]1([NH:21]C6=CC=CC=C6)[NH][H].[Cl-]>>[Cl-].[H][NH:10]C(CC)C([H])C(CC)[NH][C:20]([NH][H])=[NH+:21]C6=CC=CC=C6 21=20;20,10=10"
"[O-:10]C([H])C(O)C([C:20](OC)=[O:21])[H]>>[O-:21][C:20]1(OC)[O:10]C([H])C(O)C1[H] 10=20;20,21=21"
"C[S+:10]([H])[C:20]1([O:21]C)[O][CH](C7=CC=CC=C7)C([H])[CH](CC)[O]1.[Cl-]>>[Cl-].C[O+:21]=[C:20]2[O][CH](C7=CC=CC=C7)[CH]([H])C(CC)[O]2.C[S:10][H] 21=20;20,10=10"
"CC1C(C(O[C:20](N1CCCCCC)([O-:10])[O:21]CC)CC)CCCCCC>>CC1C(C(O[C:20](=[O:10])N1CCCCCC)CC)CCCCCC.[O-:21]CC 10=20;20,21=21"
"C[NH+:21]=[C:20]2[NH][CH]([H])[CH](C)C(C)[NH]2.[H][NH:10][H].[Cl-]>>[Cl-].[H][NH+:10]([H])[C:20]1([NH:21]C)[NH][CH]([H])C(C)[CH](C)[NH]1 10=20;20,21=21"
"CC[NH+:21]=[C:20]2[O]C(C)C(C8=CC=CC=C8)[O]2.C[NH:10][H].[Cl-]>>[Cl-].C[NH+:10]([H])[C:20]1([NH:21]CC)[O]C(C)C(C8=CC=CC=C8)[O]1 10=20;20,21=21"
"[H][S:10]C(CC)C(C)C(C)[O][C:20]([O][H])=[O+:21][H].[Cl-]>>[Cl-].[H][S+:10](C(CC)C(C)C(C)[O]1)[C:20]1([O:21][H])[O][H] 10=20;20,21=21"
"CCCCCCC1C(O[C:20](N1CC)([O-:10])[O:21]CCCCCC)C>>CCCCCCC1C(O[C:20](=[O:10])N1CC)C.[O-:21]CCCCCC 10=20;20,21=21"
"[O-:21][C:20]1(C)C(C)C([H])C([H])C(CC)[O:10]1>>[O-:10]C(CC)C([H])C([H])C(C)[C:20](C)=[O:21] 21=20;20,10=10"
"C[S:10][H].[Si](C)(C)(C)[O+:21]=[C:20]([O][H])[S]C.[Cl-]>>[Cl-].C[S+:10]([H])[C:20]([O:21][Si](C)(C)(C))([O][H])[S]C 10=20;20,21=21"
"CN([C:20]([O-:10])(OC)[O:21]C)[H]>>CN([C:20](=[O:10])OC)[H].[O-:21]C 10=20;20,21=21"
"CCCCCCC1C(C(O[C:20](N1[H])([O-:10])[O:21]C)[H])CC>>CCCCCCC1C(C(O[C:20](=[O:10])N1[H])[H])CC.[O-:21]C 10=20;20,21=21"
"[H]N([C:20]1(OC(C([O:21]1)C1=CC=CC=C1)CC)[O-:10])[H]>>[H]N([C:20](=[O:10])OC(C([O-:21])C1=CC=CC=C1)CC)[H] 10=20;20,21=21"
"[H][O+:21]=[C:20]2[S][CH]([H])[CH]([H])C(C8=CC=CC=C8)[S]2.C9=CC=CC=C9[O:10][H].[Cl-]>>[Cl-].C9=CC=CC=C9[O+:10]([H])[C:20]1([O:21][H])[S][CH]([H])C([H])[CH](C8=CC=CC=C8)[S]1 10=20;20,21=21"
"[OH:21][C:20]1([H])C(C)=C([H])C([H])C([H])[OH+:10]1>>[OH:10]C([H])C([H])/C([H])=C(C)\[C:20]([H])=[OH+:21] 21=20;20,10=10"
"C6=CC=CC=C6[NH+:21]=[C:20]2[NH][CH](C)[CH]([H])C([H])[NH]2.C[NH:10][H].[Cl-]>>[Cl-].C[NH+:10]([H])[C:20]1([NH:21]C6=CC=CC=C6)[NH][CH](C)C([H])[CH]([H])[NH]1 10=20;20,21=21"
"CC[O+:10]([H])[C:20]([NH:21]C)([O]C8=CC=CC=C8)[NH][H].[Cl-]>>[Cl-].CC[O:10][H].C[NH+:21]=[C:20]([O]C8=CC=CC=C8)[NH][H] 21=20;20,10=10"
"[H][O+:10](C(C)C(C8=CC=CC=C8)[S]1)[C:20]1([O:21][Si](C)(C)(C))[O]C.[Cl-]>>[Cl-].[H][O:10]C(C)C(C8=CC=CC=C8)[S][C:20]([O]C)=[O+:21][Si](C)(C)(C) 21=20;20,10=10"
"C9=CC=CC=C9[S+:10]([H])[C:20]1([O:21][H])[O]C(CC)C(C)[S]1.[Cl-]>>[Cl-].[H][O+:21]=[C:20]2[O]C(CC)C(C)[S]2.C9=CC=CC=C9[S:10][H] 21=20;20,10=10"
"[OH:21][C:20]1(C)C(C)=C(C)C(C)C([H])[OH+:10]1>>[OH:10]C([H])C(C)/C(C)=C(C)\[C:20](C)=[OH+:21] 21=20;20,10=10"
"[H][O+:10](C(C9=CC=CC=C9)C(C)C(C)[NH]1)[C:20]1([NH:21]CC)[O]C.[Cl-]>>[Cl-].[H][O:10]C(C9=CC=CC=C9)C(C)C(C)[NH][C:20]([O]C)=[NH+:21]CC 21=20;20,10=10"
"CCN([C:20]([O-:10])(O[H])[O:21]C)C1=CC=CC=C1>>CCN([C:20](=[O:10])O[H])C1=CC=CC=C1.[O-:21]C 10=20;20,21=21"
"CC[O+:10]([H])[C:20]1([NH:21]C6=CC=CC=C6)[O][CH](C)C([H])[CH](CC)[NH]1.[Cl-]>>[Cl-].C6=CC=CC=C6[NH+:21]=[C:20]2[O][CH](C)[CH]([H])C(CC)[NH]2.CC[O:10][H] 21=20;20,10=10"
"[H][S:10]C(C9=CC=CC=C9)C(C)C(C)[O][C:20]([S]C7=CC=CC=C7)=[O+:21]C.[Cl-]>>[Cl-].[H][S+:10](C(C9=CC=CC=C9)C(C)C(C)[O]1)[C:20]1([O:21]C)[S]C7=CC=CC=C7 10=20;20,21=21"
"[O-:21][C:20]1([H])C(C)C(C)=C(C)C([H])[O+:10]1([Na])>>[O:10]([Na])C([H])/C(C)=C(C)\C(C)[C:20]([H])=[O:21] 21=20;20,10=10"
"CCN([C:20](=[O:10])OCCCCCC)CC.[O-:21]C>>CCN([C:20]([O-:10])(OCCCCCC)[O:21]C)CC 21=20;20,10=10"
"C1(C(O[C:20]([O-:10])([O:21]C1CCCCCC)OC)C)C1=CC=CC=C1>>C(C([O-:21])CCCCCC)(C(O[C:20](=[O:10])OC)C)C1=CC=CC=C1 10=20;20,21=21"
"CCCCCCC1C(C(O[C:20](=[O:10])N1CC)[H])[H].[O-:21]C>>CCCCCCC1C(C(O[C:20](N1CC)([O-:10])[O:21]C)[H])[H] 21=20;20,10=10"
"C1(C(O[C:20]([O-:10])([O:21]C1CCCCCC)OC1=CC=CC=C1)[H])CCCCCC>>C(C([O-:21])CCCCCC)(C(O[C:20](=[O:10])OC1=CC=CC=C1)[H])CCCCCC 10=20;20,21=21"
"[H][O:10]C([H])C(C8=CC=CC=C8)[O][C:20]([S]C)=[O+:21][H].[Cl-]>>[Cl-].[H][O+:10](C([H])C(C8=CC=CC=C8)[O]1)[C:20]1([O:21][H])[S]C 10=20;20,21=21"
"CC1C(C(O[C:20](=[O:10])N1CC)C)C.[O-:21]C>>CC1C(C(O[C:20](N1CC)([O-:10])[O:21]C)C)C 21=20;20,10=10"
"[H][NH:10]C(C9=CC=CC=C9)C([H])[NH][C:20]([NH][H])=[NH+:21]C.[Cl-]>>[Cl-].[H][NH+:10](C(C9=CC=CC=C9)C([H])[NH]1)[C:20]1([NH:21]C)[NH][H] 10=20;20,21=21"
"[OH:21][C:20]1([H])C(C)=C(C)C(C)C([H])[OH+:10]1>>[OH:10]C([H])C(C)/C(C)=C(C)\[C:20]([H])=[OH+:21] 21=20;20,10=10"
"[H][O+:10](C([H])C(C)C(CC)[NH]1)[C:20]1([NH:21]C)[NH]C7=CC=CC=C7.[Cl-]>>[Cl-].[H][O:10]C([H])C(C)C(CC)[NH][C:20]([NH]C7=CC=CC=C7)=[NH+:21]C 21=20;20,10=10"
"[H][NH+:21]=[C:20]2[O][CH]([H])[CH]([H])C(C8=CC=CC=C8)[O]2.CC[NH:10][H].[Cl-]>>[Cl-].CC[NH+:10]([H])[C:20]1([NH:21][H])[O][CH]([H])C([H])[CH](C8=CC=CC=C8)[O]1 10=20;20,21=21"
"C(C([O-:21])C1=CC=CC=C1)(C(O[C:20](=[O:10])OC)[H])CCCCCC>>C1(C(O[C:20]([O-:10])([O:21]C1C1=CC=CC=C1)OC)[H])CCCCCC 21=20;20,10=10"
"C9=CC=CC=C9[NH+:10]([H])[C:20]([NH:21]C6=CC=CC=C6)([NH]C8=CC=CC=C8)[O][H].[Cl-]>>[Cl-].C9=CC=CC=C9[NH:10][H].C6=CC=CC=C6[NH+:21]=[C:20]([NH]C8=CC=CC=C8)[O][H] 21=20;20,10=10"
"[H][O+:10](C(C9=CC=CC=C9)C([H])C(CC)[O]1)[C:20]1([NH:21]C6=CC=CC=C6)[NH]CC.[Cl-]>>[Cl-].[H][O:10]C(C9=CC=CC=C9)C([H])C(CC)[O][C:20]([NH]CC)=[NH+:21]C6=CC=CC=C6 21=20;20,10=10"
"C[O+:21]=[C:20]2[S]C([H])C(CC)[S]2.C9=CC=CC=C9[O:10][H].[Cl-]>>[Cl-].C9=CC=CC=C9[O+:10]([H])[C:20]1([O:21]C)[S]C([H])C(CC)[S]1 10=20;20,21=21"
"[H][NH:10]C(C9=CC=CC=C9)C(C)[NH][C:20]([O][H])=[NH+:21]CC.[Cl-]>>[Cl-].[H][NH+:10](C(C9=CC=CC=C9)C(C)[NH]1)[C:20]1([NH:21]CC)[O][H] 10=20;20,21=21"
"C[NH+:21]=[C:20]2[NH]C([H])C(C8=CC=CC=C8)[O]2.[H][NH:10][H].[Cl-]>>[Cl-].[H][NH+:10]([H])[C:20]1([NH:21]C)[NH]C([H])C(C8=CC=CC=C8)[O]1 10=20;20,21=21"
"[O-:21][C:20]1(OCC)[O:10]C([H])C(O)C1O>>[O-:10]C([H])C(O)C([C:20](OCC)=[O:21])O 21=20;20,10=10"
"[H][O+:21]=[C:20]2[O][CH](C)[CH](C)C(C8=CC=CC=C8)[O]2.C9=CC=CC=C9[O:10][H].[Cl-]>>[Cl-].C9=CC=CC=C9[O+:10]([H])[C:20]1([O:21][H])[O][CH](C)C(C)[CH](C8=CC=CC=C8)[O]1 10=20;20,21=21"
"[H][O+:10](C(CC)C([H])[NH]1)[C:20]1([NH:21]C6=CC=CC=C6)[O]CC.[Cl-]>>[Cl-].[H][O:10]C(CC)C([H])[NH][C:20]([O]CC)=[NH+:21]C6=CC=CC=C6 21=20;20,10=10"
"[H][NH+:10](C(C9=CC=CC=C9)C(CC)[NH]1)[C:20]1([NH:21]CC)[O]C.[Cl-]>>[Cl-].[H][NH:10]C(C9=CC=CC=C9)C(CC)[NH][C:20]([O]C)=[NH+:21]CC 21=20;20,10=10"
"[H][O+:10](C(CC)C(C8=CC=CC=C8)[O]1)[C:20]1([NH:21][H])[NH]C7=CC=CC=C7.[Cl-]>>[Cl-].[H][O:10]C(CC)C(C8=CC=CC=C8)[O][C:20]([NH]C7=CC=CC=C7)=[NH+:21][H] 21=20;20,10=10"
"[H][O+:21]=[C:20]2[S]C(C)C(CC)[S]2.C9=CC=CC=C9[S:10][H].[Cl-]>>[Cl-].C9=CC=CC=C9[S+:10]([H])[C:20]1([O:21][H])[S]C(C)C(CC)[S]1 10=20;20,21=21"
"CC1C(C(O[C:20](=[O:10])N1CCCCCC)CCCCCC)[H].[O-:21][H]>>CC1C(C(O[C:20](N1CCCCCC)([O-:10])[O:21][H])CCCCCC)[H] 21=20;20,10=10"
"[H][S:10]C(CC)C([H])C([H])[S][C:20]([O]C7=CC=CC=C7)=[O+:21]C.[Cl-]>>[Cl-].[H][S+:10](C(CC)C([H])C([H])[S]1)[C:20]1([O:21]C)[O]C7=CC=CC=C7 10=20;20,21=21"
"[NH:10](C)C(CC)C(O)C([H])C(C)[C:20]([H])=[O:21]>>[O-:21][C:20]1([H])C(C)C([H])C(O)C(CC)[NH+:10]1(C) 10=20;20,21=21"
"C[NH+:21]=[C:20]2[O]C([H])C([H])[O]2.CC[O:10][H].[Cl-]>>[Cl-].CC[O+:10]([H])[C:20]1([NH:21]C)[O]C([H])C([H])[O]1 10=20;20,21=21"
"C[O+:10]([H])[C:20]1([O:21]C)[S][CH]([H])C([H])[CH](C8=CC=CC=C8)[S]1.[Cl-]>>[Cl-].C[O+:21]=[C:20]2[S][CH]([H])[CH]([H])C(C8=CC=CC=C8)[S]2.C[O:10][H] 21=20;20,10=10"
"CC[NH:10][H].[H][NH+:21]=[C:20]([NH]CC)[O][H].[Cl-]>>[Cl-].CC[NH+:10]([H])[C:20]([NH:21][H])([NH]CC)[O][H] 10=20;20,21=21"
"[H][O:10]C(C9=CC=CC=C9)C(C)C(C8=CC=CC=C8)[O][C:20]([NH]C)=[NH+:21]CC.[Cl-]>>[Cl-].[H][O+:10](C(C9=CC=CC=C9)C(C)C(C8=CC=CC=C8)[O]1)[C:20]1([NH:21]CC)[NH]C 10=20;20,21=21"
"[H][S:10]C(CC)C(C)[O][C:20]([O][H])=[O+:21]C.[Cl-]>>[Cl-].[H][S+:10](C(CC)C(C)[O]1)[C:20]1([O:21]C)[O][H] 10=20;20,21=21"
"[H][O:10]C(C9=CC=CC=C9)C(C)C(CC)[S][C:20]([S]C)=[O+:21][H].[Cl-]>>[Cl-].[H][O+:10](C(C9=CC=CC=C9)C(C)C(CC)[S]1)[C:20]1([O:21][H])[S]C 10=20;20,21=21"
"[H][O:10]C([H])C(C)C(C)[O][C:20]([O]CC)=[NH+:21]C6=CC=CC=C6.[Cl-]>>[Cl-].[H][O+:10](C([H])C(C)C(C)[O]1)[C:20]1([NH:21]C6=CC=CC=C6)[O]CC 10=20;20,21=21"
"[H][O+:10]([H])[C:20]([NH:21]CC)([NH][H])[O][H].[Cl-]>>[Cl-].[H][O:10][H].CC[NH+:21]=[C:20]([NH][H])[O][H] 21=20;20,10=10"
"[H][NH+:21]=[C:20]2[NH][CH](CC)[CH](C)C(C)[NH]2.[H][O:10][H].[Cl-]>>[Cl-].[H][O+:10]([H])[C:20]1([NH:21][H])[NH][CH](CC)C(C)[CH](C)[NH]1 10=20;20,21=21"
"C9=CC=CC=C9[NH+:10]([H])[C:20]1([NH:21][H])[O][CH](C7=CC=CC=C7)C([H])[CH]([H])[NH]1.[Cl-]>>[Cl-].[H][NH+:21]=[C:20]2[O][CH](C7=CC=CC=C7)[CH]([H])C([H])[NH]2.C9=CC=CC=C9[NH:10][H] 21=20;20,10=10"
"[H][O:10]C(C)C(C8=CC=CC=C8)[O][C:20]([O]C)=[O+:21][Si](C)(C)(C).[Cl-]>>[Cl-].[H][O+:10](C(C)C(C8=CC=CC=C8)[O]1)[C:20]1([O:21][Si](C)(C)(C))[O]C 10=20;20,21=21"
"[H][NH+:21]=[C:20]2[NH]C([H])C([H])[NH]2.[H][O:10][H].[Cl-]>>[Cl-].[H][O+:10]([H])[C:20]1([NH:21][H])[NH]C([H])C([H])[NH]1 10=20;20,21=21"
"[OH:10]C(C1=C(C([CH:20]([H])=[OH+:21])[H])C=CC=C1)C>>[OH:21][CH:20]2([H])C(C3=C(C([OH+:10]2)C)C=CC=C3)[H] 10=20;20,21=21"
"C9=CC=CC=C9[O+:10]([H])[C:20]([NH:21]C)([NH]C8=CC=CC=C8)[NH]C.[Cl-]>>[Cl-].C9=CC=CC=C9[O:10][H].C[NH+:21]=[C:20]([NH]C8=CC=CC=C8)[NH]C 21=20;20,10=10"
"CC[NH+:21]=[C:20]2[NH]C(C7=CC=CC=C7)C(CC)[NH]2.C[O:10][H].[Cl-]>>[Cl-].C[O+:10]([H])[C:20]1([NH:21]CC)[NH]C(C7=CC=CC=C7)C(CC)[NH]1 10=20;20,21=21"
"CC[NH+:21]=[C:20]2[NH]C(CC)C(CC)[NH]2.CC[NH:10][H].[Cl-]>>[Cl-].CC[NH+:10]([H])[C:20]1([NH:21]CC)[NH]C(CC)C(CC)[NH]1 10=20;20,21=21"
"[H]N([C:20]1(OC(C([O:21]1)C1=CC=CC=C1)[H])[O-:10])C1=CC=CC=C1>>[H]N([C:20](=[O:10])OC(C([O-:21])C1=CC=CC=C1)[H])C1=CC=CC=C1 10=20;20,21=21"
"[H][NH+:10]([H])[C:20]1([NH:21]CC)[NH][CH](C)C(C)[CH]([H])[O]1.[Cl-]>>[Cl-].CC[NH+:21]=[C:20]2[NH][CH](C)[CH](C)C([H])[O]2.[H][NH:10][H] 21=20;20,10=10"
"CC[O+:10]([H])[C:20]1([NH:21]C6=CC=CC=C6)[NH]C(CC)C(C8=CC=CC=C8)[NH]1.[Cl-]>>[Cl-].C6=CC=CC=C6[NH+:21]=[C:20]2[NH]C(CC)C(C8=CC=CC=C8)[NH]2.CC[O:10][H] 21=20;20,10=10"
"[H][O+:21]=[C:20]2[O][CH](C7=CC=CC=C7)[CH](C)C([H])[S]2.C[S:10][H].[Cl-]>>[Cl-].C[S+:10]([H])[C:20]1([O:21][H])[O][CH](C7=CC=CC=C7)C(C)[CH]([H])[S]1 10=20;20,21=21"
"[NH:10](C)C(C)/C([H])=C(C)\C(C)[C:20](C)=[O:21]>>[O-:21][C:20]1(C)C(C)C(C)=C([H])C(C)[NH+:10]1(C) 10=20;20,21=21"
"CC[NH+:21]=[C:20]2[O][CH](C)[CH](C)C(C)[O]2.C[O:10][H].[Cl-]>>[Cl-].C[O+:10]([H])[C:20]1([NH:21]CC)[O][CH](C)C(C)[CH](C)[O]1 10=20;20,21=21"
"[H][NH:10]C([H])C(C)[NH][C:20]([NH]C7=CC=CC=C7)=[NH+:21][H].[Cl-]>>[Cl-].[H][NH+:10](C([H])C(C)[NH]1)[C:20]1([NH:21][H])[NH]C7=CC=CC=C7 10=20;20,21=21"
"CN([C:20]1(OC(C(C([O:21]1)C1=CC=CC=C1)CC)C)[O-:10])C>>CN([C:20](=[O:10])OC(C(C([O-:21])C1=CC=CC=C1)CC)C)C 10=20;20,21=21"
"C[S+:10]([H])[C:20]1([O:21]C)[S][CH](C7=CC=CC=C7)C([H])[CH](C8=CC=CC=C8)[O]1.[Cl-]>>[Cl-].C[O+:21]=[C:20]2[S][CH](C7=CC=CC=C7)[CH]([H])C(C8=CC=CC=C8)[O]2.C[S:10][H] 21=20;20,10=10"
"[O-:10]C(C)C([H])C([C:20]([H])=[O:21])O>>[O-:21][C:20]1([H])[O:10]C(C)C([H])C1O 10=20;20,21=21"
"[H]N([C:20](=[O:10])O[H])CCCCCC.[O-:21]C>>[H]N([C:20]([O-:10])(O[H])[O:21]C)CCCCCC 21=20;20,10=10"
"[H][O:10]C(CC)C(C)[O][C:20]([O]C)=[NH+:21]CC.[Cl-]>>[Cl-].[H][O+:10](C(CC)C(C)[O]1)[C:20]1([NH:21]CC)[O]C 10=20;20,21=21"
"[H][S:10][H].[Si](C)(C)(C)[O+:21]=[C:20]([O][H])[O]C.[Cl-]>>[Cl-].[H][S+:10]([H])[C:20]([O:21][Si](C)(C)(C))([O][H])[O]C 10=20;20,21=21"
"[H][S+:10](C(CC)C(C)C([H])[O]1)[C:20]1([O:21]C)[S]CC.[Cl-]>>[Cl-].[H][S:10]C(CC)C(C)C([H])[O][C:20]([S]CC)=[O+:21]C 21=20;20,10=10"
"C9=CC=CC=C9[O+:10]([H])[C:20]([NH:21][H])([NH]CC)[NH]CC.[Cl-]>>[Cl-].C9=CC=CC=C9[O:10][H].[H][NH+:21]=[C:20]([NH]CC)[NH]CC 21=20;20,10=10"
"[H][NH+:10]([H])[C:20]1([NH:21]CC)[O][CH](C7=CC=CC=C7)C(C)[CH]([H])[O]1.[Cl-]>>[Cl-].CC[NH+:21]=[C:20]2[O][CH](C7=CC=CC=C7)[CH](C)C([H])[O]2.[H][NH:10][H] 21=20;20,10=10"
"CC[NH+:10]([H])[C:20]1([NH:21][H])[O]C([H])C(C8=CC=CC=C8)[NH]1.[Cl-]>>[Cl-].[H][NH+:21]=[C:20]2[O]C([H])C(C8=CC=CC=C8)[NH]2.CC[NH:10][H] 21=20;20,10=10"
"[NH:10](C)C(C)C(O)C([H])C(O)[C:20](OC)=[O:21]>>[O-:21][C:20]1(OC)C(O)C([H])C(O)C(C)[NH+:10]1(C) 10=20;20,21=21"
"CC[NH+:10]([H])[C:20]1([NH:21]CC)[O]C(CC)C(CC)[NH]1.[Cl-]>>[Cl-].CC[NH+:21]=[C:20]2[O]C(CC)C(CC)[NH]2.CC[NH:10][H] 21=20;20,10=10"
"[H]C1C(C(O[C:20](=[O:10])N1CC)[H])CCCCCC.[O-:21]CC>>[H]C1C(C(O[C:20](N1CC)([O-:10])[O:21]CC)[H])CCCCCC 21=20;20,10=10"
"[H][NH:10]C(C)C(C8=CC=CC=C8)[O][C:20]([NH]C7=CC=CC=C7)=[NH+:21]C6=CC=CC=C6.[Cl-]>>[Cl-].[H][NH+:10](C(C)C(C8=CC=CC=C8)[O]1)[C:20]1([NH:21]C6=CC=CC=C6)[NH]C7=CC=CC=C7 10=20;20,21=21"
"CCCCCCC1C(C(O[C:20](N1C)([O-:10])[O:21]C)C1=CC=CC=C1)[H]>>CCCCCCC1C(C(O[C:20](=[O:10])N1C)C1=CC=CC=C1)[H].[O-:21]C 10=20;20,21=21"
"C9=CC=CC=C9[O+:10]([H])[C:20]1([NH:21]CC)[NH][CH](CC)C(C)[CH](C8=CC=CC=C8)[O]1.[Cl-]>>[Cl-].CC[NH+:21]=[C:20]2[NH][CH](CC)[CH](C)C(C8=CC=CC=C8)[O]2.C9=CC=CC=C9[O:10][H] 21=20;20,10=10"
"C9=CC=CC=C9[NH+:10]([H])[C:20]1([NH:21]CC)[O][CH](C7=CC=CC=C7)C([H])[CH](C8=CC=CC=C8)[NH]1.[Cl-]>>[Cl-].CC[NH+:21]=[C:20]2[O][CH](C7=CC=CC=C7)[CH]([H])C(C8=CC=CC=C8)[NH]2.C9=CC=CC=C9[NH:10][H] 21=20;20,10=10"
"CCN([C:20](=[O:10])OC(C([O-:21])CCCCCC)CC)CCCCCC>>CCN([C:20]1(OC(C([O:21]1)CCCCCC)CC)[O-:10])CCCCCC 21=20;20,10=10"
"[H][NH:10]C(C9=CC=CC=C9)C(C)C([H])[O][C:20]([NH]C)=[NH+:21]C6=CC=CC=C6.[Cl-]>>[Cl-].[H][NH+:10](C(C9=CC=CC=C9)C(C)C([H])[O]1)[C:20]1([NH:21]C6=CC=CC=C6)[NH]C 10=20;20,21=21"
"[H][O:10]C(C)C([H])C([H])[NH][C:20]([O]C7=CC=CC=C7)=[NH+:21]CC.[Cl-]>>[Cl-].[H][O+:10](C(C)C([H])C([H])[NH]1)[C:20]1([NH:21]CC)[O]C7=CC=CC=C7 10=20;20,21=21"
"[H][NH+:10](C(C)C(CC)[NH]1)[C:20]1([NH:21]C6=CC=CC=C6)[O]C7=CC=CC=C7.[Cl-]>>[Cl-].[H][NH:10]C(C)C(CC)[NH][C:20]([O]C7=CC=CC=C7)=[NH+:21]C6=CC=CC=C6 21=20;20,10=10"
"[H]C1C(O[C:20](=[O:10])N1[H])C.[O-:21]C>>[H]C1C(O[C:20](N1[H])([O-:10])[O:21]C)C 21=20;20,10=10"
"C1=CC=CC=C1N([C:20](=[O:10])OC(C(C([O-:21])CC)CCCCCC)C1=CC=CC=C1)C1=CC=CC=C1>>C1=CC=CC=C1N([C:20]1(OC(C(C([O:21]1)CC)CCCCCC)C1=CC=CC=C1)[O-:10])C1=CC=CC=C1 21=20;20,10=10"
"[H][O:10][H].C[O+:21]=[C:20]([O]C)[S]C7=CC=CC=C7.[Cl-]>>[Cl-].[H][O+:10]([H])[C:20]([O:21]C)([O]C)[S]C7=CC=CC=C7 10=20;20,21=21"
"CN([C:20](=[O:10])OC(C(C([O-:21])C)[H])[H])C>>CN([C:20]1(OC(C(C([O:21]1)C)[H])[H])[O-:10])C 21=20;20,10=10"
"[H][O+:10](C(C)C(C)[S]1)[C:20]1([O:21][Si](C)(C)(C))[O]C.[Cl-]>>[Cl-].[H][O:10]C(C)C(C)[S][C:20]([O]C)=[O+:21][Si](C)(C)(C) 21=20;20,10=10"
"[OH:10]C([H])C([H])C([H])C(C)[C:20](OC)=[OH+:21]>>[OH:21][C:20]1(OC)C(C)C([H])C([H])C([H])[OH+:10]1 10=20;20,21=21"
"[H][NH+:10](C(C)C([H])C(C)[O]1)[C:20]1([NH:21]C)[NH]C.[Cl-]>>[Cl-].[H][NH:10]C(C)C([H])C(C)[O][C:20]([NH]C)=[NH+:21]C 21=20;20,10=10"
"[H][NH+:10]([H])[C:20]1([NH:21]C)[NH][CH](C7=CC=CC=C7)C(C)[CH]([H])[NH]1.[Cl-]>>[Cl-].C[NH+:21]=[C:20]2[NH][CH](C7=CC=CC=C7)[CH](C)C([H])[NH]2.[H][NH:10][H] 21=20;20,10=10"
"C[O+:10]([H])[C:20]1([NH:21]C6=CC=CC=C6)[NH]C(C)C(C8=CC=CC=C8)[NH]1.[Cl-]>>[Cl-].C6=CC=CC=C6[NH+:21]=[C:20]2[NH]C(C)C(C8=CC=CC=C8)[NH]2.C[O:10][H] 21=20;20,10=10"
"CCCCCCN([C:20]([O-:10])(OCCCCCC)[O:21]C)C1=CC=CC=C1>>CCCCCCN([C:20](=[O:10])OCCCCCC)C1=CC=CC=C1.[O-:21]C 10=20;20,21=21"
"[H][NH+:10]([H])[C:20]1([NH:21]CC)[O]C([H])C([H])[O]1.[Cl-]>>[Cl-].CC[NH+:21]=[C:20]2[O]C([H])C([H])[O]2.[H][NH:10][H] 21=20;20,10=10"
"CC[O+:10]([H])[C:20]1([NH:21]C)[O][CH](C)C(C)[CH](C)[O]1.[Cl-]>>[Cl-].C[NH+:21]=[C:20]2[O][CH](C)[CH](C)C(C)[O]2.CC[O:10][H] 21=20;20,10=10"
"CCCCCCN([C:20]1(OC(C(C([O:21]1)C)CC)CC)[O-:10])CCCCCC>>CCCCCCN([C:20](=[O:10])OC(C(C([O-:21])C)CC)CC)CCCCCC 10=20;20,21=21"
"[H][O:10]C(CC)C(C)[O][C:20]([NH]C)=[NH+:21][H].[Cl-]>>[Cl-].[H][O+:10](C(CC)C(C)[O]1)[C:20]1([NH:21][H])[NH]C 10=20;20,21=21"
"C[O+:21]=[C:20]2[O][CH]([H])[CH](C)C(C)[S]2.C[O:10][H].[Cl-]>>[Cl-].C[O+:10]([H])[C:20]1([O:21]C)[O][CH]([H])C(C)[CH](C)[S]1 10=20;20,21=21"
"[NH:10](C)C(CC)C(C)/C(C)=C(C)\[C:20]([H])=[O:21]>>[O-:21][C:20]1([H])C(C)=C(C)C(C)C(CC)[NH+:10]1(C) 10=20;20,21=21"
"[H][S:10]C(CC)C(CC)[O][C:20]([O]CC)=[O+:21][H].[Cl-]>>[Cl-].[H][S+:10](C(CC)C(CC)[O]1)[C:20]1([O:21][H])[O]CC 10=20;20,21=21"
"CCN([C:20]1(OC(C(C([O:21]1)[H])C)[H])[O-:10])C1=CC=CC=C1>>CCN([C:20](=[O:10])OC(C(C([O-:21])[H])C)[H])C1=CC=CC=C1 10=20;20,21=21"
"C1=CC=CC=C1N([C:20](=[O:10])OC(C(C([O-:21])C1=CC=CC=C1)[H])C1=CC=CC=C1)[H]>>C1=CC=CC=C1N([C:20]1(OC(C(C([O:21]1)C1=CC=CC=C1)[H])C1=CC=CC=C1)[O-:10])[H] 21=20;20,10=10"
"[H]C1C(C(O[C:20](N1CC)([O-:10])[O:21]CC)C1=CC=CC=C1)C>>[H]C1C(C(O[C:20](=[O:10])N1CC)C1=CC=CC=C1)C.[O-:21]CC 10=20;20,21=21"
"[H][O+:21]=[C:20]2[O]C(C7=CC=CC=C7)C(C8=CC=CC=C8)[S]2.[H][S:10][H].[Cl-]>>[Cl-].[H][S+:10]([H])[C:20]1([O:21][H])[O]C(C7=CC=CC=C7)C(C8=CC=CC=C8)[S]1 10=20;20,21=21"
"CC[S+:10]([H])[C:20]1([O:21][H])[O]C(C)C(CC)[O]1.[Cl-]>>[Cl-].[H][O+:21]=[C:20]2[O]C(C)C(CC)[O]2.CC[S:10][H] 21=20;20,10=10"
"[H][O:10]C(C9=CC=CC=C9)C(C)C(CC)[O][C:20]([NH]CC)=[NH+:21]C6=CC=CC=C6.[Cl-]>>[Cl-].[H][O+:10](C(C9=CC=CC=C9)C(C)C(CC)[O]1)[C:20]1([NH:21]C6=CC=CC=C6)[NH]CC 10=20;20,21=21"
"[H][O+:10]([H])[C:20]([NH:21]CC)([O][H])[O]C.[Cl-]>>[Cl-].[H][O:10][H].CC[NH+:21]=[C:20]([O][H])[O]C 21=20;20,10=10"
"CN([C:20]1(OC(C(C([O:21]1)C1=CC=CC=C1)[H])CCCCCC)[O-:10])CC>>CN([C:20](=[O:10])OC(C(C([O-:21])C1=CC=CC=C1)[H])CCCCCC)CC 10=20;20,21=21"
"CCCCCCN([C:20](=[O:10])OC(C(C([O-:21])CC)[H])CCCCCC)CCCCCC>>CCCCCCN([C:20]1(OC(C(C([O:21]1)CC)[H])CCCCCC)[O-:10])CCCCCC 21=20;20,10=10"
"[O-:21][C:20]1([H])C(C)C(O)C([H])C(CC)[NH+:10]1(C)>>[NH:10](C)C(CC)C([H])C(O)C(C)[C:20]([H])=[O:21] 21=20;20,10=10"
"[H][O+:10](C(C9=CC=CC=C9)C(C)C(C)[S]1)[C:20]1([O:21]C)[S]C.[Cl-]>>[Cl-].[H][O:10]C(C9=CC=CC=C9)C(C)C(C)[S][C:20]([S]C)=[O+:21]C 21=20;20,10=10"
"C9=CC=CC=C9[NH:10][H].C[NH+:21]=[C:20]([O][H])[NH]CC.[Cl-]>>[Cl-].C9=CC=CC=C9[NH+:10]([H])[C:20]([NH:21]C)([O][H])[NH]CC 10=20;20,21=21"
"[O-:21][C:20]2([O:10]C(C=CC=C3)=C3C2[H])OC>>[O-:10]C1=C(C([H])[C:20](OC)=[O:21])C=CC=C1 21=20;20,10=10"
"C[O+:10]([H])[C:20]1([O:21]C)[S][CH](C)C(C)[CH]([H])[O]1.[Cl-]>>[Cl-].C[O+:21]=[C:20]2[S][CH](C)[CH](C)C([H])[O]2.C[O:10][H] 21=20;20,10=10"
"CC[NH+:21]=[C:20]2[NH]C(C7=CC=CC=C7)C([H])[O]2.C[O:10][H].[Cl-]>>[Cl-].C[O+:10]([H])[C:20]1([NH:21]CC)[NH]C(C7=CC=CC=C7)C([H])[O]1 10=20;20,21=21"
"[O:10]([K])C(CCC)C(O)C([C:20](C)=[O:21])[H]>>[O-:21][C:20]1(C)[O+:10]([K])C(CCC)C(O)C1[H] 10=20;20,21=21"
"[H][NH+:10]([H])[C:20]([NH:21]CC)([O]C)[O]CC.[Cl-]>>[Cl-].[H][NH:10][H].CC[NH+:21]=[C:20]([O]C)[O]CC 21=20;20,10=10"
"C[NH+:10]([H])[C:20]1([NH:21]C6=CC=CC=C6)[NH][CH](CC)C(C)[CH](C8=CC=CC=C8)[O]1.[Cl-]>>[Cl-].C6=CC=CC=C6[NH+:21]=[C:20]2[NH][CH](CC)[CH](C)C(C8=CC=CC=C8)[O]2.C[NH:10][H] 21=20;20,10=10"
"CC1C(C(O[C:20](N1CC)([O-:10])[O:21]C)CC)[H]>>CC1C(C(O[C:20](=[O:10])N1CC)CC)[H].[O-:21]C 10=20;20,21=21"
"C[NH+:21]=[C:20]2[NH][CH](CC)[CH]([H])C(C8=CC=CC=C8)[O]2.C9=CC=CC=C9[NH:10][H].[Cl-]>>[Cl-].C9=CC=CC=C9[NH+:10]([H])[C:20]1([NH:21]C)[NH][CH](CC)C([H])[CH](C8=CC=CC=C8)[O]1 10=20;20,21=21"
"CC[O+:10]([H])[C:20]([NH:21][H])([O]CC)[O]C.[Cl-]>>[Cl-].CC[O:10][H].[H][NH+:21]=[C:20]([O]CC)[O]C 21=20;20,10=10"
"[H][NH+:21]=[C:20]2[O][CH](C)[CH](C)C([H])[O]2.C9=CC=CC=C9[NH:10][H].[Cl-]>>[Cl-].C9=CC=CC=C9[NH+:10]([H])[C:20]1([NH:21][H])[O][CH](C)C(C)[CH]([H])[O]1 10=20;20,21=21"
"[H][NH:10]C(CC)C(C)C([H])[O][C:20]([NH]C)=[NH+:21]CC.[Cl-]>>[Cl-].[H][NH+:10](C(CC)C(C)C([H])[O]1)[C:20]1([NH:21]CC)[NH]C 10=20;20,21=21"
"C1=CC=CC=C1N([C:20]1(OC(C(C([O:21]1)C)[H])[H])[O-:10])[H]>>C1=CC=CC=C1N([C:20](=[O:10])OC(C(C([O-:21])C)[H])[H])[H] 10=20;20,21=21"
"[CH2:11]1CO[CH:20]([CH2:10]1)[F:21]>>[CH2:10]=[CH:20]OC[CH2+:11].[F-:21] 10,11=10,20;20,21=21"
"[O:10]([K])C([H])C(C)C(C)C(C)[C:20](OCC)=[O:21]>>[O-:21][C:20]1(OCC)C(C)C(C)C(C)C([H])[O+:10]1([K]) 10=20;20,21=21"
"[H][NH+:21]=[C:20]2[O][CH](CC)[CH](C)C([H])[NH]2.CC[NH:10][H].[Cl-]>>[Cl-].CC[NH+:10]([H])[C:20]1([NH:21][H])[O][CH](CC)C(C)[CH]([H])[NH]1 10=20;20,21=21"
"[H][S+:10](C(CC)C(CC)[O]1)[C:20]1([O:21][Si](C)(C)(C))[S]C7=CC=CC=C7.[Cl-]>>[Cl-].[H][S:10]C(CC)C(CC)[O][C:20]([S]C7=CC=CC=C7)=[O+:21][Si](C)(C)(C) 21=20;20,10=10"
"C1=CC=CC=C1C1C(C(O[C:20](=[O:10])N1C1=CC=CC=C1)[H])CCCCCC.[O-:21]CC>>C1=CC=CC=C1C1C(C(O[C:20](N1C1=CC=CC=C1)([O-:10])[O:21]CC)[H])CCCCCC 21=20;20,10=10"
"C(C([O-:21])CCCCCC)(C(O[C:20](=[O:10])OCCCCCC)C)CC>>C1(C(O[C:20]([O-:10])([O:21]C1CCCCCC)OCCCCCC)C)CC 21=20;20,10=10"
"CC[NH+:10]([H])[C:20]([NH:21]CC)([NH]CC)[O]CC.[Cl-]>>[Cl-].CC[NH:10][H].CC[NH+:21]=[C:20]([NH]CC)[O]CC 21=20;20,10=10"
"[H][O+:10](C(CC)C(C)C(CC)[O]1)[C:20]1([O:21]C)[O]CC.[Cl-]>>[Cl-].[H][O:10]C(CC)C(C)C(CC)[O][C:20]([O]CC)=[O+:21]C 21=20;20,10=10"
"[H]C1C(C(O[C:20](N1[H])([O-:10])[Cl:21])[H])C1=CC=CC=C1>>[H]C1C(C(O[C:20](=[O:10])N1[H])[H])C1=CC=CC=C1.[Cl-:21] 10=20;20,21=21"
"[H][NH+:21]=[C:20]2[O][CH](CC)[CH]([H])C(CC)[NH]2.C[O:10][H].[Cl-]>>[Cl-].C[O+:10]([H])[C:20]1([NH:21][H])[O][CH](CC)C([H])[CH](CC)[NH]1 10=20;20,21=21"
"[H][O+:10](C([H])C(C)C([H])[O]1)[C:20]1([O:21][H])[S]C7=CC=CC=C7.[Cl-]>>[Cl-].[H][O:10]C([H])C(C)C([H])[O][C:20]([S]C7=CC=CC=C7)=[O+:21][H] 21=20;20,10=10"
"C[S:10][H].[Si](C)(C)(C)[O+:21]=[C:20]([O][H])[O]C.[Cl-]>>[Cl-].C[S+:10]([H])[C:20]([O:21][Si](C)(C)(C))([O][H])[O]C 10=20;20,21=21"
"[H][O:10]C(C9=CC=CC=C9)C(C)C([H])[O][C:20]([S][H])=[O+:21][H].[Cl-]>>[Cl-].[H][O+:10](C(C9=CC=CC=C9)C(C)C([H])[O]1)[C:20]1([O:21][H])[S][H] 10=20;20,21=21"
"[H][O:10][H].CC[NH+:21]=[C:20]([O]C8=CC=CC=C8)[NH]C7=CC=CC=C7.[Cl-]>>[Cl-].[H][O+:10]([H])[C:20]([NH:21]CC)([O]C8=CC=CC=C8)[NH]C7=CC=CC=C7 10=20;20,21=21"
"[H][O:10][H].CC[NH+:21]=[C:20]([O]C8=CC=CC=C8)[NH]CC.[Cl-]>>[Cl-].[H][O+:10]([H])[C:20]([NH:21]CC)([O]C8=CC=CC=C8)[NH]CC 10=20;20,21=21"
"[H][NH+:10](C([H])C([H])C([H])[O]1)[C:20]1([NH:21]C)[NH]CC.[Cl-]>>[Cl-].[H][NH:10]C([H])C([H])C([H])[O][C:20]([NH]CC)=[NH+:21]C 21=20;20,10=10"
"[H][S:10]C([H])C(C)C(C8=CC=CC=C8)[S][C:20]([S]C7=CC=CC=C7)=[O+:21][H].[Cl-]>>[Cl-].[H][S+:10](C([H])C(C)C(C8=CC=CC=C8)[S]1)[C:20]1([O:21][H])[S]C7=CC=CC=C7 10=20;20,21=21"
"[O-:21][C:20]1([H])C(C)C([H])=C(C)C(C)[O+:10]1([K])>>[O:10]([K])C(C)/C(C)=C([H])\C(C)[C:20]([H])=[O:21] 21=20;20,10=10"
"C1(C(O[C:20]([O-:10])([O:21]C1C)OCCCCCC)[H])C>>C(C([O-:21])C)(C(O[C:20](=[O:10])OCCCCCC)[H])C 10=20;20,21=21"
"[O-:21][C:20]1(C)[O+:10]([Na])C(CCC)C([H])=C1O>>[O:10]([Na])C(CCC)/C([H])=C([C:20](C)=[O:21])/O 21=20;20,10=10"
"C[O:10][H].C6=CC=CC=C6[NH+:21]=[C:20]([NH]C)[O][H].[Cl-]>>[Cl-].C[O+:10]([H])[C:20]([NH:21]C6=CC=CC=C6)([NH]C)[O][H] 10=20;20,21=21"
"CC[O+:10]([H])[C:20]1([NH:21]C6=CC=CC=C6)[NH][CH](C7=CC=CC=C7)C([H])[CH](C)[O]1.[Cl-]>>[Cl-].C6=CC=CC=C6[NH+:21]=[C:20]2[NH][CH](C7=CC=CC=C7)[CH]([H])C(C)[O]2.CC[O:10][H] 21=20;20,10=10"
"[H][NH+:21]=[C:20]2[NH][CH](C7=CC=CC=C7)[CH](C)C([H])[O]2.C[O:10][H].[Cl-]>>[Cl-].C[O+:10]([H])[C:20]1([NH:21][H])[NH][CH](C7=CC=CC=C7)C(C)[CH]([H])[O]1 10=20;20,21=21"
"CC[O+:10]([H])[C:20]([NH:21]C6=CC=CC=C6)([O][H])[O]CC.[Cl-]>>[Cl-].CC[O:10][H].C6=CC=CC=C6[NH+:21]=[C:20]([O][H])[O]CC 21=20;20,10=10"
"[H][O:10]C(C)C(C)C(CC)[NH][C:20]([O]CC)=[NH+:21]C.[Cl-]>>[Cl-].[H][O+:10](C(C)C(C)C(CC)[NH]1)[C:20]1([NH:21]C)[O]CC 10=20;20,21=21"
"CC1C(C(O[C:20](N1CC)([O-:10])[O:21]C1=CC=CC=C1)CCCCCC)CC>>CC1C(C(O[C:20](=[O:10])N1CC)CCCCCC)CC.[O-:21]C1=CC=CC=C1 10=20;20,21=21"
"[H][O+:10](C(C)C([H])C(CC)[O]1)[C:20]1([O:21][H])[S]C7=CC=CC=C7.[Cl-]>>[Cl-].[H][O:10]C(C)C([H])C(CC)[O][C:20]([S]C7=CC=CC=C7)=[O+:21][H] 21=20;20,10=10"
"[H][S:10]C(CC)C(C)C(C8=CC=CC=C8)[S][C:20]([S]C7=CC=CC=C7)=[O+:21]C.[Cl-]>>[Cl-].[H][S+:10](C(CC)C(C)C(C8=CC=CC=C8)[S]1)[C:20]1([O:21]C)[S]C7=CC=CC=C7 10=20;20,21=21"
"[H][S:10][H].[H][O+:21]=[C:20]([O]C8=CC=CC=C8)[O]CC.[Cl-]>>[Cl-].[H][S+:10]([H])[C:20]([O:21][H])([O]C8=CC=CC=C8)[O]CC 10=20;20,21=21"
"CC[NH:10][H].C6=CC=CC=C6[NH+:21]=[C:20]([O]C)[O]CC.[Cl-]>>[Cl-].CC[NH+:10]([H])[C:20]([NH:21]C6=CC=CC=C6)([O]C)[O]CC 10=20;20,21=21"
"[H][O+:10](C(CC)C([H])C(C8=CC=CC=C8)[O]1)[C:20]1([NH:21][H])[NH][H].[Cl-]>>[Cl-].[H][O:10]C(CC)C([H])C(C8=CC=CC=C8)[O][C:20]([NH][H])=[NH+:21][H] 21=20;20,10=10"
"C9=CC=CC=C9[NH:10][H].[H][NH+:21]=[C:20]([O]C)[NH]CC.[Cl-]>>[Cl-].C9=CC=CC=C9[NH+:10]([H])[C:20]([NH:21][H])([O]C)[NH]CC 10=20;20,21=21"
"C6=CC=CC=C6[NH+:21]=[C:20]2[O]C(C7=CC=CC=C7)C(CC)[O]2.CC[O:10][H].[Cl-]>>[Cl-].CC[O+:10]([H])[C:20]1([NH:21]C6=CC=CC=C6)[O]C(C7=CC=CC=C7)C(CC)[O]1 10=20;20,21=21"
"C6=CC=CC=C6[NH+:21]=[C:20]2[NH]C([H])C([H])[O]2.[H][O:10][H].[Cl-]>>[Cl-].[H][O+:10]([H])[C:20]1([NH:21]C6=CC=CC=C6)[NH]C([H])C([H])[O]1 10=20;20,21=21"
"CN([C:20](=[O:10])OC(C(C([O-:21])CCCCCC)C)CC)[H]>>CN([C:20]1(OC(C(C([O:21]1)CCCCCC)C)CC)[O-:10])[H] 21=20;20,10=10"
"CC[NH:10][H].CC[NH+:21]=[C:20]([O]CC)[O][H].[Cl-]>>[Cl-].CC[NH+:10]([H])[C:20]([NH:21]CC)([O]CC)[O][H] 10=20;20,21=21"
"C[S+:10]([H])[C:20]([O:21][Si](C)(C)(C))([S]C)[S]C.[Cl-]>>[Cl-].C[S:10][H].[Si](C)(C)(C)[O+:21]=[C:20]([S]C)[S]C 21=20;20,10=10"
"[H][NH+:21]=[C:20]2[NH]C(CC)C([H])[NH]2.C[O:10][H].[Cl-]>>[Cl-].C[O+:10]([H])[C:20]1([NH:21][H])[NH]C(CC)C([H])[NH]1 10=20;20,21=21"
"[H][O+:10](C(CC)C([H])C([H])[O]1)[C:20]1([NH:21]C)[O]C.[Cl-]>>[Cl-].[H][O:10]C(CC)C([H])C([H])[O][C:20]([O]C)=[NH+:21]C 21=20;20,10=10"
"C(C(O[C:20](=[O:10])OC1=CC=CC=C1)CCCCCC)([O-:21])[H]>>C1(C([O:21][C:20](O1)([O-:10])OC1=CC=CC=C1)[H])CCCCCC 21=20;20,10=10"
"CCCCCCN([C:20]1(OC(C(C([O:21]1)CCCCCC)CC)CC)[O-:10])CCCCCC>>CCCCCCN([C:20](=[O:10])OC(C(C([O-:21])CCCCCC)CC)CC)CCCCCC 10=20;20,21=21"
"[H][S+:10](C(C9=CC=CC=C9)C(C)[O]1)[C:20]1([O:21]C)[S]CC.[Cl-]>>[Cl-].[H][S:10]C(C9=CC=CC=C9)C(C)[O][C:20]([S]CC)=[O+:21]C 21=20;20,10=10"
"CC1C(O[C:20](=[O:10])N1CCCCCC)C1=CC=CC=C1.[O-:21]C>>CC1C(O[C:20](N1CCCCCC)([O-:10])[O:21]C)C1=CC=CC=C1 21=20;20,10=10"
"[H][S+:10]([H])[C:20]([O:21][H])([O][H])[S]CC.[Cl-]>>[Cl-].[H][S:10][H].[H][O+:21]=[C:20]([O][H])[S]CC 21=20;20,10=10"
"[OH:10]C(CCC)C([H])C([C:20](OC)=[OH+:21])C>>[OH:21][C:20]1(OC)[OH+:10]C(CCC)C([H])C1C 10=20;20,21=21"
"C9=CC=CC=C9[O+:10]([H])[C:20]1([NH:21]C)[NH]C(C)C(CC)[NH]1.[Cl-]>>[Cl-].C[NH+:21]=[C:20]2[NH]C(C)C(CC)[NH]2.C9=CC=CC=C9[O:10][H] 21=20;20,10=10"
"C9=CC=CC=C9[NH:10][H].C[NH+:21]=[C:20]([O]CC)[NH]C7=CC=CC=C7.[Cl-]>>[Cl-].C9=CC=CC=C9[NH+:10]([H])[C:20]([NH:21]C)([O]CC)[NH]C7=CC=CC=C7 10=20;20,21=21"
"[O:10]([Na])C(CCC)C([H])C([C:20](C)=[O:21])C>>[O-:21][C:20]1(C)[O+:10]([Na])C(CCC)C([H])C1C 10=20;20,21=21"
"[H][O+:10]([H])[C:20]1([NH:21][H])[O][CH]([H])C(C)[CH](CC)[O]1.[Cl-]>>[Cl-].[H][NH+:21]=[C:20]2[O][CH]([H])[CH](C)C(CC)[O]2.[H][O:10][H] 21=20;20,10=10"
"[H][O+:10](C([H])C([H])[NH]1)[C:20]1([NH:21]CC)[NH]CC.[Cl-]>>[Cl-].[H][O:10]C([H])C([H])[NH][C:20]([NH]CC)=[NH+:21]CC 21=20;20,10=10"
"C1=CC=CC=C1N([C:20]1(OC(C(C([O:21]1)CC)[H])[H])[O-:10])CCCCCC>>C1=CC=CC=C1N([C:20](=[O:10])OC(C(C([O-:21])CC)[H])[H])CCCCCC 10=20;20,21=21"
"C9=CC=CC=C9[S+:10]([H])[C:20]([O:21][Si](C)(C)(C))([S]C)[S]C7=CC=CC=C7.[Cl-]>>[Cl-].C9=CC=CC=C9[S:10][H].[Si](C)(C)(C)[O+:21]=[C:20]([S]C)[S]C7=CC=CC=C7 21=20;20,10=10"
"CC1C(O[C:20](N1CC)([O-:10])[O:21]CCCCCC)C1=CC=CC=C1>>CC1C(O[C:20](=[O:10])N1CC)C1=CC=CC=C1.[O-:21]CCCCCC 10=20;20,21=21"
"C(C([O-:21])CCCCCC)(C(O[C:20](=[O:10])OC1=CC=CC=C1)[H])C>>C1(C(O[C:20]([O-:10])([O:21]C1CCCCCC)OC1=CC=CC=C1)[H])C 21=20;20,10=10"
"CCCCCCC1C(C(O[C:20](N1C1=CC=CC=C1)([O-:10])[O:21]C)C)CCCCCC>>CCCCCCC1C(C(O[C:20](=[O:10])N1C1=CC=CC=C1)C)CCCCCC.[O-:21]C 10=20;20,21=21"
"CCCCCCC1C(C(O[C:20](N1C1=CC=CC=C1)([O-:10])[O:21][H])C)CCCCCC>>CCCCCCC1C(C(O[C:20](=[O:10])N1C1=CC=CC=C1)C)CCCCCC.[O-:21][H] 10=20;20,21=21"
"[H][NH:10]C(C9=CC=CC=C9)C(C)C([H])[O][C:20]([O]C)=[NH+:21]C6=CC=CC=C6.[Cl-]>>[Cl-].[H][NH+:10](C(C9=CC=CC=C9)C(C)C([H])[O]1)[C:20]1([NH:21]C6=CC=CC=C6)[O]C 10=20;20,21=21"
"[H][S:10]C(C9=CC=CC=C9)C(C8=CC=CC=C8)[S][C:20]([O]C7=CC=CC=C7)=[O+:21][Si](C)(C)(C).[Cl-]>>[Cl-].[H][S+:10](C(C9=CC=CC=C9)C(C8=CC=CC=C8)[S]1)[C:20]1([O:21][Si](C)(C)(C))[O]C7=CC=CC=C7 10=20;20,21=21"
"[H][O+:10](C(C9=CC=CC=C9)C(C)C(C)[O]1)[C:20]1([NH:21]C6=CC=CC=C6)[O]C7=CC=CC=C7.[Cl-]>>[Cl-].[H][O:10]C(C9=CC=CC=C9)C(C)C(C)[O][C:20]([O]C7=CC=CC=C7)=[NH+:21]C6=CC=CC=C6 21=20;20,10=10"
"[H][S:10]C(C)C(C8=CC=CC=C8)[O][C:20]([O]C7=CC=CC=C7)=[O+:21]C.[Cl-]>>[Cl-].[H][S+:10](C(C)C(C8=CC=CC=C8)[O]1)[C:20]1([O:21]C)[O]C7=CC=CC=C7 10=20;20,21=21"
"CCC1C(C(O[C:20](N1CCCCCC)([O-:10])[O:21]CC)C)CCCCCC>>CCC1C(C(O[C:20](=[O:10])N1CCCCCC)C)CCCCCC.[O-:21]CC 10=20;20,21=21"
"[Na][O+:21]([C:20]([O-:10])(OCCCCCC)O[H])CCCCCC>>[Na][O:21]CCCCCC.[C:20](=[O:10])(OCCCCCC)O[H] 10=20;20,21=21"
"[O-:21][C:20]1(OC)C([H])C(C)=C([H])C(CC)[NH+:10]1(C)>>[NH:10](C)C(CC)/C([H])=C(C)\C([H])[C:20](OC)=[O:21] 21=20;20,10=10"
"[H]N([C:20](=[O:10])OC(C(C([O-:21])[H])CCCCCC)C1=CC=CC=C1)C1=CC=CC=C1>>[H]N([C:20]1(OC(C(C([O:21]1)[H])CCCCCC)C1=CC=CC=C1)[O-:10])C1=CC=CC=C1 21=20;20,10=10"
"[H][O:10]C(CC)C(C)C(C)[O][C:20]([NH]C7=CC=CC=C7)=[NH+:21]C6=CC=CC=C6.[Cl-]>>[Cl-].[H][O+:10](C(CC)C(C)C(C)[O]1)[C:20]1([NH:21]C6=CC=CC=C6)[NH]C7=CC=CC=C7 10=20;20,21=21"
"[H][O+:10](C(C)C([H])C(CC)[NH]1)[C:20]1([NH:21]CC)[O][H].[Cl-]>>[Cl-].[H][O:10]C(C)C([H])C(CC)[NH][C:20]([O][H])=[NH+:21]CC 21=20;20,10=10"
"[H][O+:10](C(CC)C(C8=CC=CC=C8)[NH]1)[C:20]1([NH:21]C)[NH]C.[Cl-]>>[Cl-].[H][O:10]C(CC)C(C8=CC=CC=C8)[NH][C:20]([NH]C)=[NH+:21]C 21=20;20,10=10"
"[H][NH+:10](C(C)C(C)C(C)[NH]1)[C:20]1([NH:21]C)[NH]C7=CC=CC=C7.[Cl-]>>[Cl-].[H][NH:10]C(C)C(C)C(C)[NH][C:20]([NH]C7=CC=CC=C7)=[NH+:21]C 21=20;20,10=10"
"C9=CC=CC=C9[O+:10]([H])[C:20]1([O:21][H])[O][CH](C)C([H])[CH](C)[O]1.[Cl-]>>[Cl-].[H][O+:21]=[C:20]2[O][CH](C)[CH]([H])C(C)[O]2.C9=CC=CC=C9[O:10][H] 21=20;20,10=10"
"[O-:21][C:20]1(OCC)C(O)C([H])C([H])C(C)[NH+:10]1(C)>>[NH:10](C)C(C)C([H])C([H])C(O)[C:20](OCC)=[O:21] 21=20;20,10=10"
"[H][O+:10](C(C9=CC=CC=C9)C([H])C(CC)[O]1)[C:20]1([NH:21]C)[NH]CC.[Cl-]>>[Cl-].[H][O:10]C(C9=CC=CC=C9)C([H])C(CC)[O][C:20]([NH]CC)=[NH+:21]C 21=20;20,10=10"
"C1=CC=CC=C1C1C(C(O[C:20](=[O:10])N1CC)CCCCCC)[H].[O-:21]C1=CC=CC=C1>>C1=CC=CC=C1C1C(C(O[C:20](N1CC)([O-:10])[O:21]C1=CC=CC=C1)CCCCCC)[H] 21=20;20,10=10"
"[H][NH:10]C(CC)C([H])C(CC)[NH][C:20]([O]C7=CC=CC=C7)=[NH+:21][H].[Cl-]>>[Cl-].[H][NH+:10](C(CC)C([H])C(CC)[NH]1)[C:20]1([NH:21][H])[O]C7=CC=CC=C7 10=20;20,21=21"
"C1=CC=CC=C1C1C(C(O[C:20](N1C)([O-:10])[O:21][H])C1=CC=CC=C1)C>>C1=CC=CC=C1C1C(C(O[C:20](=[O:10])N1C)C1=CC=CC=C1)C.[O-:21][H] 10=20;20,21=21"
"C1=CC=CC=C1N([C:20]1(OC(C(C([O:21]1)CC)C)[H])[O-:10])[H]>>C1=CC=CC=C1N([C:20](=[O:10])OC(C(C([O-:21])CC)C)[H])[H] 10=20;20,21=21"
"CCC1C(C(O[C:20](=[O:10])N1CCCCCC)CC)CC.[O-:21]CC>>CCC1C(C(O[C:20](N1CCCCCC)([O-:10])[O:21]CC)CC)CC 21=20;20,10=10"
"[O-:21][C:20]1(C)[NH+:10](C)C([H])C([H])C1C>>[NH:10](C)C([H])C([H])C([C:20](C)=[O:21])C 21=20;20,10=10"
"C9=CC=CC=C9[O:10][H].C[O+:21]=[C:20]([O]C)[O]C7=CC=CC=C7.[Cl-]>>[Cl-].C9=CC=CC=C9[O+:10]([H])[C:20]([O:21]C)([O]C)[O]C7=CC=CC=C7 10=20;20,21=21"
"[H][NH+:21]=[C:20]2[NH][CH]([H])[CH](C)C(CC)[O]2.C[NH:10][H].[Cl-]>>[Cl-].C[NH+:10]([H])[C:20]1([NH:21][H])[NH][CH]([H])C(C)[CH](CC)[O]1 10=20;20,21=21"
"C9=CC=CC=C9[O+:10]([H])[C:20]([O:21]C)([S]C8=CC=CC=C8)[S]CC.[Cl-]>>[Cl-].C9=CC=CC=C9[O:10][H].C[O+:21]=[C:20]([S]C8=CC=CC=C8)[S]CC 21=20;20,10=10"
"C9=CC=CC=C9[S+:10]([H])[C:20]([O:21][H])([O]C8=CC=CC=C8)[S]CC.[Cl-]>>[Cl-].C9=CC=CC=C9[S:10][H].[H][O+:21]=[C:20]([O]C8=CC=CC=C8)[S]CC 21=20;20,10=10"
"C[NH+:21]=[C:20]2[O][CH](C)[CH](C)C([H])[O]2.C[O:10][H].[Cl-]>>[Cl-].C[O+:10]([H])[C:20]1([NH:21]C)[O][CH](C)C(C)[CH]([H])[O]1 10=20;20,21=21"
"[K][O:21][H].[C:20](=[O:10])(OCC)OCC>>[K][O+:21]([C:20]([O-:10])(OCC)OCC)[H] 21=20;20,10=10"
"[H][NH+:10](C([H])C([H])C(C)[NH]1)[C:20]1([NH:21]C)[O]C.[Cl-]>>[Cl-].[H][NH:10]C([H])C([H])C(C)[NH][C:20]([O]C)=[NH+:21]C 21=20;20,10=10"
"C9=CC=CC=C9[O+:10]([H])[C:20]1([O:21]C)[S]C(C7=CC=CC=C7)C([H])[S]1.[Cl-]>>[Cl-].C[O+:21]=[C:20]2[S]C(C7=CC=CC=C7)C([H])[S]2.C9=CC=CC=C9[O:10][H] 21=20;20,10=10"
"[O-:10]C([H])/C(C)=C(C)\C(C)[C:20]([H])=[O:21]>>[O-:21][C:20]1([H])C(C)C(C)=C(C)C([H])[O:10]1 10=20;20,21=21"
"[O-:10]C(C)C(C)C(O)C([H])[C:20]([H])=[O:21]>>[O-:21][C:20]1([H])C([H])C(O)C(C)C(C)[O:10]1 10=20;20,21=21"
"[O:10]([K])C(CCC)C(C)C([C:20](OC)=[O:21])C>>[O-:21][C:20]1(OC)[O+:10]([K])C(CCC)C(C)C1C 10=20;20,21=21"
"CC1C(C(O[C:20](N1C1=CC=CC=C1)([O-:10])[O:21]C)C1=CC=CC=C1)[H]>>CC1C(C(O[C:20](=[O:10])N1C1=CC=CC=C1)C1=CC=CC=C1)[H].[O-:21]C 10=20;20,21=21"
"C[NH+:21]=[C:20]2[NH][CH]([H])[CH](C)C(C8=CC=CC=C8)[O]2.CC[NH:10][H].[Cl-]>>[Cl-].CC[NH+:10]([H])[C:20]1([NH:21]C)[NH][CH]([H])C(C)[CH](C8=CC=CC=C8)[O]1 10=20;20,21=21"
"C1=CC=CC=C1N([C:20]1(OC(C([O:21]1)CCCCCC)CC)[O-:10])C>>C1=CC=CC=C1N([C:20](=[O:10])OC(C([O-:21])CCCCCC)CC)C 10=20;20,21=21"
"CC1C(C(O[C:20](N1[H])([O-:10])[O:21]CCCCCC)C)CC>>CC1C(C(O[C:20](=[O:10])N1[H])C)CC.[O-:21]CCCCCC 10=20;20,21=21"
"[H][O:10]C(C)C(C)C(C)[O][C:20]([NH][H])=[NH+:21]C6=CC=CC=C6.[Cl-]>>[Cl-].[H][O+:10](C(C)C(C)C(C)[O]1)[C:20]1([NH:21]C6=CC=CC=C6)[NH][H] 10=20;20,21=21"
"[OH:10]C(CC)C([H])C(C)C([H])[C:20](OC)=[OH+:21]>>[OH:21][C:20]1(OC)C([H])C(C)C([H])C(CC)[OH+:10]1 10=20;20,21=21"
"[H][O+:10](C(C)C(CC)[O]1)[C:20]1([NH:21]CC)[O]C.[Cl-]>>[Cl-].[H][O:10]C(C)C(CC)[O][C:20]([O]C)=[NH+:21]CC 21=20;20,10=10"
"[O:10]([Na])C(CCC)C([H])C([H])C(C)[C:20](OCC)=[O:21]>>[O-:21][C:20]1(OCC)C(C)C([H])C([H])C(CCC)[O+:10]1([Na]) 10=20;20,21=21"
"[Si](C)(C)(C)[O+:21]=[C:20]2[S]C(C)C(CC)[S]2.[H][S:10][H].[Cl-]>>[Cl-].[H][S+:10]([H])[C:20]1([O:21][Si](C)(C)(C))[S]C(C)C(CC)[S]1 10=20;20,21=21"
"[H][S+:10](C(C9=CC=CC=C9)C(C8=CC=CC=C8)[S]1)[C:20]1([O:21][Si](C)(C)(C))[O]C7=CC=CC=C7.[Cl-]>>[Cl-].[H][S:10]C(C9=CC=CC=C9)C(C8=CC=CC=C8)[S][C:20]([O]C7=CC=CC=C7)=[O+:21][Si](C)(C)(C) 21=20;20,10=10"
"[H][O+:10]([H])[C:20]([O:21][Si](C)(C)(C))([O]C8=CC=CC=C8)[S]C.[Cl-]>>[Cl-].[H][O:10][H].[Si](C)(C)(C)[O+:21]=[C:20]([O]C8=CC=CC=C8)[S]C 21=20;20,10=10"
"[H][O+:21]=[C:20]2[O][CH]([H])[CH](C)C(C8=CC=CC=C8)[S]2.C[O:10][H].[Cl-]>>[Cl-].C[O+:10]([H])[C:20]1([O:21][H])[O][CH]([H])C(C)[CH](C8=CC=CC=C8)[S]1 10=20;20,21=21"
"[H][S:10]C(CC)C([H])C(C)[S][C:20]([S]CC)=[O+:21][H].[Cl-]>>[Cl-].[H][S+:10](C(CC)C([H])C(C)[S]1)[C:20]1([O:21][H])[S]CC 10=20;20,21=21"
"[H][S+:10](C([H])C(C)C([H])[O]1)[C:20]1([O:21]C)[O]CC.[Cl-]>>[Cl-].[H][S:10]C([H])C(C)C([H])[O][C:20]([O]CC)=[O+:21]C 21=20;20,10=10"
"[H][O+:10](C(C9=CC=CC=C9)C([H])C(C8=CC=CC=C8)[O]1)[C:20]1([NH:21]C6=CC=CC=C6)[O]CC.[Cl-]>>[Cl-].[H][O:10]C(C9=CC=CC=C9)C([H])C(C8=CC=CC=C8)[O][C:20]([O]CC)=[NH+:21]C6=CC=CC=C6 21=20;20,10=10"
"[O:21]=[C:20](OCC)OCCCCCC.[O-:10]CCCCCC>>CCCCCC[O:10][C:20]([O-:21])(OCC)OCCCCCC 10=20;20,21=21"
"[H][NH+:10]([H])[C:20]1([NH:21]C6=CC=CC=C6)[NH][CH]([H])C(C)[CH]([H])[NH]1.[Cl-]>>[Cl-].C6=CC=CC=C6[NH+:21]=[C:20]2[NH][CH]([H])[CH](C)C([H])[NH]2.[H][NH:10][H] 21=20;20,10=10"
"C9=CC=CC=C9[S+:10]([H])[C:20]([O:21]C)([S][H])[S]C.[Cl-]>>[Cl-].C9=CC=CC=C9[S:10][H].C[O+:21]=[C:20]([S][H])[S]C 21=20;20,10=10"
"C9=CC=CC=C9[O:10][H].C[O+:21]=[C:20]([S]C8=CC=CC=C8)[S][H].[Cl-]>>[Cl-].C9=CC=CC=C9[O+:10]([H])[C:20]([O:21]C)([S]C8=CC=CC=C8)[S][H] 10=20;20,21=21"
"C[O:10][H].CC[NH+:21]=[C:20]([NH]C)[O]CC.[Cl-]>>[Cl-].C[O+:10]([H])[C:20]([NH:21]CC)([NH]C)[O]CC 10=20;20,21=21"
"C6=CC=CC=C6[NH+:21]=[C:20]2[NH][CH]([H])[CH]([H])C(C)[NH]2.C9=CC=CC=C9[NH:10][H].[Cl-]>>[Cl-].C9=CC=CC=C9[NH+:10]([H])[C:20]1([NH:21]C6=CC=CC=C6)[NH][CH]([H])C([H])[CH](C)[NH]1 10=20;20,21=21"
"[H][O:10]C(CC)C(C)C(C)[O][C:20]([NH]CC)=[NH+:21]CC.[Cl-]>>[Cl-].[H][O+:10](C(CC)C(C)C(C)[O]1)[C:20]1([NH:21]CC)[NH]CC 10=20;20,21=21"
"[H][NH:10]C(C)C(C8=CC=CC=C8)[NH][C:20]([NH]CC)=[NH+:21][H].[Cl-]>>[Cl-].[H][NH+:10](C(C)C(C8=CC=CC=C8)[NH]1)[C:20]1([NH:21][H])[NH]CC 10=20;20,21=21"
"CC[NH+:21]=[C:20]2[NH]C(C7=CC=CC=C7)C(C8=CC=CC=C8)[O]2.C9=CC=CC=C9[NH:10][H].[Cl-]>>[Cl-].C9=CC=CC=C9[NH+:10]([H])[C:20]1([NH:21]CC)[NH]C(C7=CC=CC=C7)C(C8=CC=CC=C8)[O]1 10=20;20,21=21"
"[H][NH+:10]([H])[C:20]1([NH:21]C6=CC=CC=C6)[O][CH]([H])C([H])[CH](C)[NH]1.[Cl-]>>[Cl-].C6=CC=CC=C6[NH+:21]=[C:20]2[O][CH]([H])[CH]([H])C(C)[NH]2.[H][NH:10][H] 21=20;20,10=10"
"[H][NH+:21]=[C:20]2[NH]C(C)C(C)[O]2.[H][O:10][H].[Cl-]>>[Cl-].[H][O+:10]([H])[C:20]1([NH:21][H])[NH]C(C)C(C)[O]1 10=20;20,21=21"
"[H][O+:10](C([H])C([H])C(C8=CC=CC=C8)[O]1)[C:20]1([O:21]C)[O]C7=CC=CC=C7.[Cl-]>>[Cl-].[H][O:10]C([H])C([H])C(C8=CC=CC=C8)[O][C:20]([O]C7=CC=CC=C7)=[O+:21]C 21=20;20,10=10"
"CC[O:10][H].C[NH+:21]=[C:20]([O]CC)[O]CC.[Cl-]>>[Cl-].CC[O+:10]([H])[C:20]([NH:21]C)([O]CC)[O]CC 10=20;20,21=21"
"[H]N([C:20]1(OC(C(C([O:21]1)C1=CC=CC=C1)C)C)[O-:10])CCCCCC>>[H]N([C:20](=[O:10])OC(C(C([O-:21])C1=CC=CC=C1)C)C)CCCCCC 10=20;20,21=21"
"[O-:21][C:20]1(C)C([H])C([H])=C(C)C(CC)[NH+:10]1(C)>>[NH:10](C)C(CC)/C(C)=C([H])\C([H])[C:20](C)=[O:21] 21=20;20,10=10"
"CCN([C:20](=[O:10])OC(C(C([O-:21])C1=CC=CC=C1)[H])C)CC>>CCN([C:20]1(OC(C(C([O:21]1)C1=CC=CC=C1)[H])C)[O-:10])CC 21=20;20,10=10"
"C[O+:10]([H])[C:20]1([O:21][Si](C)(C)(C))[O]C(C7=CC=CC=C7)C(C)[O]1.[Cl-]>>[Cl-].[Si](C)(C)(C)[O+:21]=[C:20]2[O]C(C7=CC=CC=C7)C(C)[O]2.C[O:10][H] 21=20;20,10=10"
"[H][NH+:21]=[C:20]2[NH][CH]([H])[CH]([H])C(C)[O]2.CC[NH:10][H].[Cl-]>>[Cl-].CC[NH+:10]([H])[C:20]1([NH:21][H])[NH][CH]([H])C([H])[CH](C)[O]1 10=20;20,21=21"
"CC[NH+:10]([H])[C:20]1([NH:21]C)[NH][CH](C)C([H])[CH](C)[O]1.[Cl-]>>[Cl-].C[NH+:21]=[C:20]2[NH][CH](C)[CH]([H])C(C)[O]2.CC[NH:10][H] 21=20;20,10=10"
"[H][S:10]C(CC)C(C)C([H])[S][C:20]([S][H])=[O+:21]C.[Cl-]>>[Cl-].[H][S+:10](C(CC)C(C)C([H])[S]1)[C:20]1([O:21]C)[S][H] 10=20;20,21=21"
"C6=CC=CC=C6[NH+:21]=[C:20]2[O][CH](C)[CH](C)C(C)[NH]2.C[NH:10][H].[Cl-]>>[Cl-].C[NH+:10]([H])[C:20]1([NH:21]C6=CC=CC=C6)[O][CH](C)C(C)[CH](C)[NH]1 10=20;20,21=21"
"[H][NH:10]C(C9=CC=CC=C9)C(C)C([H])[O][C:20]([NH]C7=CC=CC=C7)=[NH+:21]CC.[Cl-]>>[Cl-].[H][NH+:10](C(C9=CC=CC=C9)C(C)C([H])[O]1)[C:20]1([NH:21]CC)[NH]C7=CC=CC=C7 10=20;20,21=21"
"C1=CC=CC=C1C1C(O[C:20](=[O:10])N1CC)C1=CC=CC=C1.[O-:21]C>>C1=CC=CC=C1C1C(O[C:20](N1CC)([O-:10])[O:21]C)C1=CC=CC=C1 21=20;20,10=10"
"C(C(O[C:20](=[O:10])OC)C1=CC=CC=C1)([O-:21])C1=CC=CC=C1>>C1(C([O:21][C:20](O1)([O-:10])OC)C1=CC=CC=C1)C1=CC=CC=C1 21=20;20,10=10"
"[O-:21][C:20]1([H])C([H])C([H])C(C)C(CCC)[O+:10]1([Na])>>[O:10]([Na])C(CCC)C(C)C([H])C([H])[C:20]([H])=[O:21] 21=20;20,10=10"
"C[O+:10]([H])[C:20]1([O:21]C)[S][CH](C7=CC=CC=C7)C([H])[CH](C8=CC=CC=C8)[S]1.[Cl-]>>[Cl-].C[O+:21]=[C:20]2[S][CH](C7=CC=CC=C7)[CH]([H])C(C8=CC=CC=C8)[S]2.C[O:10][H] 21=20;20,10=10"
"[H][O:10]C([H])C(C8=CC=CC=C8)[S][C:20]([S]CC)=[O+:21][H].[Cl-]>>[Cl-].[H][O+:10](C([H])C(C8=CC=CC=C8)[S]1)[C:20]1([O:21][H])[S]CC 10=20;20,21=21"
"[H][O:10][H].[Si](C)(C)(C)[O+:21]=[C:20]([S][H])[S]CC.[Cl-]>>[Cl-].[H][O+:10]([H])[C:20]([O:21][Si](C)(C)(C))([S][H])[S]CC 10=20;20,21=21"
"[H][S:10]C([H])C(C)[S][C:20]([S][H])=[O+:21]C.[Cl-]>>[Cl-].[H][S+:10](C([H])C(C)[S]1)[C:20]1([O:21]C)[S][H] 10=20;20,21=21"
"CC1C(O[C:20](N1C)([O-:10])[O:21]C1=CC=CC=C1)C1=CC=CC=C1>>CC1C(O[C:20](=[O:10])N1C)C1=CC=CC=C1.[O-:21]C1=CC=CC=C1 10=20;20,21=21"
"C[S+:10]([H])[C:20]1([O:21]C)[O][CH]([H])C([H])[CH](CC)[O]1.[Cl-]>>[Cl-].C[O+:21]=[C:20]2[O][CH]([H])[CH]([H])C(CC)[O]2.C[S:10][H] 21=20;20,10=10"
"C9=CC=CC=C9[O:10][H].CC[NH+:21]=[C:20]([O]C)[O]CC.[Cl-]>>[Cl-].C9=CC=CC=C9[O+:10]([H])[C:20]([NH:21]CC)([O]C)[O]CC 10=20;20,21=21"
"CCCCCCC1C(C(O[C:20](N1C)([O-:10])[O:21]CC)C)CC>>CCCCCCC1C(C(O[C:20](=[O:10])N1C)C)CC.[O-:21]CC 10=20;20,21=21"
"[H][NH+:10](C([H])C(C)[NH]1)[C:20]1([NH:21][H])[NH]CC.[Cl-]>>[Cl-].[H][NH:10]C([H])C(C)[NH][C:20]([NH]CC)=[NH+:21][H] 21=20;20,10=10"
"[H][O:10]C(C)C(CC)[NH][C:20]([NH]C)=[NH+:21]C.[Cl-]>>[Cl-].[H][O+:10](C(C)C(CC)[NH]1)[C:20]1([NH:21]C)[NH]C 10=20;20,21=21"
"C1=CC=CC=C1N([C:20]([O-:10])(OC1=CC=CC=C1)[O:21]CCCCCC)CC>>C1=CC=CC=C1N([C:20](=[O:10])OC1=CC=CC=C1)CC.[O-:21]CCCCCC 10=20;20,21=21"
"[O-:21][C:20]1(C)C(C)C([H])C(C)C([H])[O+:10]1([Na])>>[O:10]([Na])C([H])C(C)C([H])C(C)[C:20](C)=[O:21] 21=20;20,10=10"
"[H][S+:10](C([H])C([H])C(CC)[S]1)[C:20]1([O:21]C)[O]C.[Cl-]>>[Cl-].[H][S:10]C([H])C([H])C(CC)[S][C:20]([O]C)=[O+:21]C 21=20;20,10=10"
"C[O+:10]([H])[C:20]1([NH:21]CC)[NH][CH]([H])C(C)[CH]([H])[NH]1.[Cl-]>>[Cl-].CC[NH+:21]=[C:20]2[NH][CH]([H])[CH](C)C([H])[NH]2.C[O:10][H] 21=20;20,10=10"
"[O-:21][C:20]1([H])C(C)=C([H])C(C)C(CCC)[O+:10]1([Na])>>[O:10]([Na])C(CCC)C(C)/C([H])=C(C)\[C:20]([H])=[O:21] 21=20;20,10=10"
"CC1C(O[C:20](=[O:10])N1CC)CC.[O-:21]CCCCCC>>CC1C(O[C:20](N1CC)([O-:10])[O:21]CCCCCC)CC 21=20;20,10=10"
"[H][NH+:10](C([H])C(CC)[O]1)[C:20]1([NH:21][H])[O][H].[Cl-]>>[Cl-].[H][NH:10]C([H])C(CC)[O][C:20]([O][H])=[NH+:21][H] 21=20;20,10=10"
"CC[S+:10]([H])[C:20]1([O:21][Si](C)(C)(C))[O]C([H])C(C)[O]1.[Cl-]>>[Cl-].[Si](C)(C)(C)[O+:21]=[C:20]2[O]C([H])C(C)[O]2.CC[S:10][H] 21=20;20,10=10"
"C1(C(O[C:20]([O-:10])([O:21]C1CCCCCC)OC)C1=CC=CC=C1)CCCCCC>>C(C([O-:21])CCCCCC)(C(O[C:20](=[O:10])OC)C1=CC=CC=C1)CCCCCC 10=20;20,21=21"
"[H][S+:10](C(C9=CC=CC=C9)C([H])C([H])[S]1)[C:20]1([O:21]C)[O]C.[Cl-]>>[Cl-].[H][S:10]C(C9=CC=CC=C9)C([H])C([H])[S][C:20]([O]C)=[O+:21]C 21=20;20,10=10"
"[H][O+:10](C([H])C([H])C([H])[O]1)[C:20]1([NH:21][H])[O]C.[Cl-]>>[Cl-].[H][O:10]C([H])C([H])C([H])[O][C:20]([O]C)=[NH+:21][H] 21=20;20,10=10"
"C9=CC=CC=C9[S+:10]([H])[C:20]([O:21][Si](C)(C)(C))([O][H])[O][H].[Cl-]>>[Cl-].C9=CC=CC=C9[S:10][H].[Si](C)(C)(C)[O+:21]=[C:20]([O][H])[O][H] 21=20;20,10=10"
"[H][O:10]C(C9=CC=CC=C9)C(C)[O][C:20]([NH][H])=[NH+:21]CC.[Cl-]>>[Cl-].[H][O+:10](C(C9=CC=CC=C9)C(C)[O]1)[C:20]1([NH:21]CC)[NH][H] 10=20;20,21=21"
"[O:20]=[C:21](O[H])OCCCCCC.CC[O:10][K]>>CC[O+:10]([K])[C:21]([O-:20])(O[H])OCCCCCC 10=21;21,20=20"
"[H][S+:10](C(C9=CC=CC=C9)C(CC)[S]1)[C:20]1([O:21][H])[O]C7=CC=CC=C7.[Cl-]>>[Cl-].[H][S:10]C(C9=CC=CC=C9)C(CC)[S][C:20]([O]C7=CC=CC=C7)=[O+:21][H] 21=20;20,10=10"
"C[NH+:21]=[C:20]2[O][CH](CC)[CH]([H])C([H])[NH]2.[H][O:10][H].[Cl-]>>[Cl-].[H][O+:10]([H])[C:20]1([NH:21]C)[O][CH](CC)C([H])[CH]([H])[NH]1 10=20;20,21=21"
"CC[NH+:21]=[C:20]2[NH][CH]([H])[CH](C)C(CC)[NH]2.[H][O:10][H].[Cl-]>>[Cl-].[H][O+:10]([H])[C:20]1([NH:21]CC)[NH][CH]([H])C(C)[CH](CC)[NH]1 10=20;20,21=21"
"[H][O:10]C([H])C(C)[O][C:20]([S][H])=[O+:21][H].[Cl-]>>[Cl-].[H][O+:10](C([H])C(C)[O]1)[C:20]1([O:21][H])[S][H] 10=20;20,21=21"
"C1(C(O[C:20]([O-:10])([O:21]C1C1=CC=CC=C1)OC1=CC=CC=C1)C)C1=CC=CC=C1>>C(C([O-:21])C1=CC=CC=C1)(C(O[C:20](=[O:10])OC1=CC=CC=C1)C)C1=CC=CC=C1 10=20;20,21=21"
"CN([C:20](=[O:10])OC(C(C([O-:21])CC)C)CC)CCCCCC>>CN([C:20]1(OC(C(C([O:21]1)CC)C)CC)[O-:10])CCCCCC 21=20;20,10=10"
"CC[S+:10]([H])[C:20]([O:21]C)([O]C)[S]C.[Cl-]>>[Cl-].CC[S:10][H].C[O+:21]=[C:20]([O]C)[S]C 21=20;20,10=10"
"C[O+:10]([H])[C:20]1([NH:21]C6=CC=CC=C6)[NH]C([H])C([H])[O]1.[Cl-]>>[Cl-].C6=CC=CC=C6[NH+:21]=[C:20]2[NH]C([H])C([H])[O]2.C[O:10][H] 21=20;20,10=10"
"CC[O+:10]([H])[C:20]1([NH:21]CC)[O][CH](C)C([H])[CH](C8=CC=CC=C8)[NH]1.[Cl-]>>[Cl-].CC[NH+:21]=[C:20]2[O][CH](C)[CH]([H])C(C8=CC=CC=C8)[NH]2.CC[O:10][H] 21=20;20,10=10"
"C[NH+:21]=[C:20]2[NH][CH](CC)[CH]([H])C(CC)[O]2.C[O:10][H].[Cl-]>>[Cl-].C[O+:10]([H])[C:20]1([NH:21]C)[NH][CH](CC)C([H])[CH](CC)[O]1 10=20;20,21=21"
"CC[O+:10]([H])[C:20]1([NH:21]C)[NH]C(CC)C(C8=CC=CC=C8)[O]1.[Cl-]>>[Cl-].C[NH+:21]=[C:20]2[NH]C(CC)C(C8=CC=CC=C8)[O]2.CC[O:10][H] 21=20;20,10=10"
"[H]C1C(C(O[C:20](=[O:10])N1CCCCCC)C)CCCCCC.[O-:21]C1=CC=CC=C1>>[H]C1C(C(O[C:20](N1CCCCCC)([O-:10])[O:21]C1=CC=CC=C1)C)CCCCCC 21=20;20,10=10"
"CCCCCCN([C:20]([O-:10])(OC)[O:21][H])C>>CCCCCCN([C:20](=[O:10])OC)C.[O-:21][H] 10=20;20,21=21"
"C[O+:21]=[C:20]2[S]C(C)C(C8=CC=CC=C8)[O]2.CC[S:10][H].[Cl-]>>[Cl-].CC[S+:10]([H])[C:20]1([O:21]C)[S]C(C)C(C8=CC=CC=C8)[O]1 10=20;20,21=21"
"[OH:21][C:20]1(OC)C(C)C(C)C(C)C(CC)[OH+:10]1>>[OH:10]C(CC)C(C)C(C)C(C)[C:20](OC)=[OH+:21] 21=20;20,10=10"
"[H][O+:10](C(C)C(C)[NH]1)[C:20]1([NH:21]CC)[NH]C7=CC=CC=C7.[Cl-]>>[Cl-].[H][O:10]C(C)C(C)[NH][C:20]([NH]C7=CC=CC=C7)=[NH+:21]CC 21=20;20,10=10"
"[H]C1C(C(O[C:20](=[O:10])N1C)[H])C.[O-:21]C1=CC=CC=C1>>[H]C1C(C(O[C:20](N1C)([O-:10])[O:21]C1=CC=CC=C1)[H])C 21=20;20,10=10"
"C[O+:21]=[C:20]2[S][CH](C7=CC=CC=C7)[CH](C)C(CC)[S]2.CC[S:10][H].[Cl-]>>[Cl-].CC[S+:10]([H])[C:20]1([O:21]C)[S][CH](C7=CC=CC=C7)C(C)[CH](CC)[S]1 10=20;20,21=21"
"C[O+:10]([Li])[C:21]([O-:20])(OCCCCCC)OC1=CC=CC=C1>>[O:20]=[C:21](OCCCCCC)OC1=CC=CC=C1.C[O:10][Li] 20=21;21,10=10"
"[H][NH+:21]=[C:20]2[O]C(C)C(C)[NH]2.CC[NH:10][H].[Cl-]>>[Cl-].CC[NH+:10]([H])[C:20]1([NH:21][H])[O]C(C)C(C)[NH]1 10=20;20,21=21"
"[H][O+:10]([H])[C:20]1([NH:21]C6=CC=CC=C6)[O]C(CC)C(C)[NH]1.[Cl-]>>[Cl-].C6=CC=CC=C6[NH+:21]=[C:20]2[O]C(CC)C(C)[NH]2.[H][O:10][H] 21=20;20,10=10"
"CC[O+:10]([H])[C:20]1([NH:21]CC)[NH]C(CC)C(C8=CC=CC=C8)[O]1.[Cl-]>>[Cl-].CC[NH+:21]=[C:20]2[NH]C(CC)C(C8=CC=CC=C8)[O]2.CC[O:10][H] 21=20;20,10=10"
"CCC1C(O[C:20](=[O:10])N1CC)CC.[O-:21]C>>CCC1C(O[C:20](N1CC)([O-:10])[O:21]C)CC 21=20;20,10=10"
"[H]N([C:20]1(OC(C(C([O:21]1)C1=CC=CC=C1)[H])C1=CC=CC=C1)[O-:10])C>>[H]N([C:20](=[O:10])OC(C(C([O-:21])C1=CC=CC=C1)[H])C1=CC=CC=C1)C 10=20;20,21=21"
"C9=CC=CC=C9[S+:10]([H])[C:20]([O:21][Si](C)(C)(C))([O]C8=CC=CC=C8)[S]C7=CC=CC=C7.[Cl-]>>[Cl-].C9=CC=CC=C9[S:10][H].[Si](C)(C)(C)[O+:21]=[C:20]([O]C8=CC=CC=C8)[S]C7=CC=CC=C7 21=20;20,10=10"
"C1=CC=CC=C1N([C:20](=[O:10])OC(C(C([O-:21])[H])CC)CCCCCC)[H]>>C1=CC=CC=C1N([C:20]1(OC(C(C([O:21]1)[H])CC)CCCCCC)[O-:10])[H] 21=20;20,10=10"
"[H][O:10]C(C9=CC=CC=C9)C(C8=CC=CC=C8)[O][C:20]([S]C)=[O+:21][H].[Cl-]>>[Cl-].[H][O+:10](C(C9=CC=CC=C9)C(C8=CC=CC=C8)[O]1)[C:20]1([O:21][H])[S]C 10=20;20,21=21"
"[H][NH+:21]=[C:20]2[NH][CH](C)[CH](C)C([H])[O]2.C[O:10][H].[Cl-]>>[Cl-].C[O+:10]([H])[C:20]1([NH:21][H])[NH][CH](C)C(C)[CH]([H])[O]1 10=20;20,21=21"
"C[NH+:10]([H])[C:20]1([NH:21][H])[NH]C(C)C([H])[NH]1.[Cl-]>>[Cl-].[H][NH+:21]=[C:20]2[NH]C(C)C([H])[NH]2.C[NH:10][H] 21=20;20,10=10"
"C1=CC=CC=C1C1C(C(O[C:20](=[O:10])N1CC)CCCCCC)CCCCCC.[O-:21]C1=CC=CC=C1>>C1=CC=CC=C1C1C(C(O[C:20](N1CC)([O-:10])[O:21]C1=CC=CC=C1)CCCCCC)CCCCCC 21=20;20,10=10"
"[H][NH:10]C(C)C([H])C([H])[O][C:20]([NH]C)=[NH+:21]C.[Cl-]>>[Cl-].[H][NH+:10](C(C)C([H])C([H])[O]1)[C:20]1([NH:21]C)[NH]C 10=20;20,21=21"
"CC[O+:10]([H])[C:20]1([O:21]C)[O]C(CC)C([H])[O]1.[Cl-]>>[Cl-].C[O+:21]=[C:20]2[O]C(CC)C([H])[O]2.CC[O:10][H] 21=20;20,10=10"
"C[NH+:21]=[C:20]2[NH][CH]([H])[CH]([H])C([H])[O]2.C9=CC=CC=C9[NH:10][H].[Cl-]>>[Cl-].C9=CC=CC=C9[NH+:10]([H])[C:20]1([NH:21]C)[NH][CH]([H])C([H])[CH]([H])[O]1 10=20;20,21=21"
"[H][S+:10](C(CC)C([H])C(C8=CC=CC=C8)[S]1)[C:20]1([O:21][H])[O]C.[Cl-]>>[Cl-].[H][S:10]C(CC)C([H])C(C8=CC=CC=C8)[S][C:20]([O]C)=[O+:21][H] 21=20;20,10=10"
"[H][NH+:10](C(CC)C([H])C(CC)[O]1)[C:20]1([NH:21]C6=CC=CC=C6)[O]C.[Cl-]>>[Cl-].[H][NH:10]C(CC)C([H])C(CC)[O][C:20]([O]C)=[NH+:21]C6=CC=CC=C6 21=20;20,10=10"
"C[O+:10]([H])[C:20]1([O:21][Si](C)(C)(C))[O]C([H])C(CC)[S]1.[Cl-]>>[Cl-].[Si](C)(C)(C)[O+:21]=[C:20]2[O]C([H])C(CC)[S]2.C[O:10][H] 21=20;20,10=10"
"CCCCCCC1C(O[C:20](=[O:10])N1C1=CC=CC=C1)C.[O-:21]C1=CC=CC=C1>>CCCCCCC1C(O[C:20](N1C1=CC=CC=C1)([O-:10])[O:21]C1=CC=CC=C1)C 21=20;20,10=10"
"[O-:21][C:20]1(OC)C(C)C(O)C(O)C(CC)[NH+:10]1([H])>>[NH:10]([H])C(CC)C(O)C(O)C(C)[C:20](OC)=[O:21] 21=20;20,10=10"
"C1=CC=CC=C1N([C:20]1(OC(C([O:21]1)C1=CC=CC=C1)CC)[O-:10])C>>C1=CC=CC=C1N([C:20](=[O:10])OC(C([O-:21])C1=CC=CC=C1)CC)C 10=20;20,21=21"
"[O-:21][C:20]1(OCC)C([H])=C(C)C([H])C(C)[O+:10]1([K])>>[O:10]([K])C(C)C([H])/C(C)=C([H])\[C:20](OCC)=[O:21] 21=20;20,10=10"
"[H][O+:21]=[C:20]2[S][CH](C7=CC=CC=C7)[CH](C)C(CC)[O]2.C[O:10][H].[Cl-]>>[Cl-].C[O+:10]([H])[C:20]1([O:21][H])[S][CH](C7=CC=CC=C7)C(C)[CH](CC)[O]1 10=20;20,21=21"
"[H][O:10]C(C)C(C)[NH][C:20]([NH]C7=CC=CC=C7)=[NH+:21]C.[Cl-]>>[Cl-].[H][O+:10](C(C)C(C)[NH]1)[C:20]1([NH:21]C)[NH]C7=CC=CC=C7 10=20;20,21=21"
"[H][NH+:10](C(C9=CC=CC=C9)C([H])C([H])[O]1)[C:20]1([NH:21]C)[O]CC.[Cl-]>>[Cl-].[H][NH:10]C(C9=CC=CC=C9)C([H])C([H])[O][C:20]([O]CC)=[NH+:21]C 21=20;20,10=10"
"CCN([C:20]([O-:10])(OC1=CC=CC=C1)[O:21]CC)[H]>>CCN([C:20](=[O:10])OC1=CC=CC=C1)[H].[O-:21]CC 10=20;20,21=21"
"[H][NH:10]C(C9=CC=CC=C9)C(C)C([H])[NH][C:20]([NH][H])=[NH+:21]C.[Cl-]>>[Cl-].[H][NH+:10](C(C9=CC=CC=C9)C(C)C([H])[NH]1)[C:20]1([NH:21]C)[NH][H] 10=20;20,21=21"
"C[NH+:21]=[C:20]2[O]C([H])C([H])[O]2.[H][O:10][H].[Cl-]>>[Cl-].[H][O+:10]([H])[C:20]1([NH:21]C)[O]C([H])C([H])[O]1 10=20;20,21=21"
"[O-:21][C:20]1(OC)C(C)C(C)=C(C)C([H])[NH+:10]1([H])>>[NH:10]([H])C([H])/C(C)=C(C)\C(C)[C:20](OC)=[O:21] 21=20;20,10=10"
"[H][S:10][H].[H][O+:21]=[C:20]([O]C)[O]C.[Cl-]>>[Cl-].[H][S+:10]([H])[C:20]([O:21][H])([O]C)[O]C 10=20;20,21=21"
"[H][S+:10]([H])[C:20]1([O:21]C)[S][CH](C7=CC=CC=C7)C([H])[CH](C8=CC=CC=C8)[O]1.[Cl-]>>[Cl-].C[O+:21]=[C:20]2[S][CH](C7=CC=CC=C7)[CH]([H])C(C8=CC=CC=C8)[O]2.[H][S:10][H] 21=20;20,10=10"
"[H][O:10]C(C9=CC=CC=C9)C(C)C(C8=CC=CC=C8)[NH][C:20]([O]CC)=[NH+:21]C.[Cl-]>>[Cl-].[H][O+:10](C(C9=CC=CC=C9)C(C)C(C8=CC=CC=C8)[NH]1)[C:20]1([NH:21]C)[O]CC 10=20;20,21=21"
"[H][NH+:21]=[C:20]2[NH][CH]([H])[CH](C)C(CC)[O]2.C9=CC=CC=C9[NH:10][H].[Cl-]>>[Cl-].C9=CC=CC=C9[NH+:10]([H])[C:20]1([NH:21][H])[NH][CH]([H])C(C)[CH](CC)[O]1 10=20;20,21=21"
"[H][NH+:10]([H])[C:20]1([NH:21][H])[O][CH](C7=CC=CC=C7)C([H])[CH](CC)[O]1.[Cl-]>>[Cl-].[H][NH+:21]=[C:20]2[O][CH](C7=CC=CC=C7)[CH]([H])C(CC)[O]2.[H][NH:10][H] 21=20;20,10=10"
"CCCCCCC1C(C(O[C:20](=[O:10])N1C)CCCCCC)CCCCCC.[O-:21]C1=CC=CC=C1>>CCCCCCC1C(C(O[C:20](N1C)([O-:10])[O:21]C1=CC=CC=C1)CCCCCC)CCCCCC 21=20;20,10=10"
"C6=CC=CC=C6[NH+:21]=[C:20]2[NH]C(CC)C(CC)[NH]2.CC[O:10][H].[Cl-]>>[Cl-].CC[O+:10]([H])[C:20]1([NH:21]C6=CC=CC=C6)[NH]C(CC)C(CC)[NH]1 10=20;20,21=21"
"CC[NH+:21]=[C:20]2[O]C(C7=CC=CC=C7)C(C)[NH]2.C9=CC=CC=C9[O:10][H].[Cl-]>>[Cl-].C9=CC=CC=C9[O+:10]([H])[C:20]1([NH:21]CC)[O]C(C7=CC=CC=C7)C(C)[NH]1 10=20;20,21=21"
"[H][NH:10]C(C9=CC=CC=C9)C([H])C(C8=CC=CC=C8)[O][C:20]([O]C7=CC=CC=C7)=[NH+:21]CC.[Cl-]>>[Cl-].[H][NH+:10](C(C9=CC=CC=C9)C([H])C(C8=CC=CC=C8)[O]1)[C:20]1([NH:21]CC)[O]C7=CC=CC=C7 10=20;20,21=21"
"C1=CC=CC=C1N([C:20]([O-:10])([O:21]N1C(=O)CCC1=O)OC1=CC=CC=C1)C>>C1=CC=CC=C1N([C:20](=[O:10])OC1=CC=CC=C1)C.C1CC(=O)N(C1=O)[O-:21] 10=20;20,21=21"
"[H]N([C:20]1(OC(C(C([O:21]1)CCCCCC)[H])CCCCCC)[O-:10])CCCCCC>>[H]N([C:20](=[O:10])OC(C(C([O-:21])CCCCCC)[H])CCCCCC)CCCCCC 10=20;20,21=21"
"CC[NH+:21]=[C:20]2[NH][CH](CC)[CH](C)C(C8=CC=CC=C8)[NH]2.C[NH:10][H].[Cl-]>>[Cl-].C[NH+:10]([H])[C:20]1([NH:21]CC)[NH][CH](CC)C(C)[CH](C8=CC=CC=C8)[NH]1 10=20;20,21=21"
"[H][NH:10]C(C)C([H])C(CC)[NH][C:20]([O]C)=[NH+:21]C6=CC=CC=C6.[Cl-]>>[Cl-].[H][NH+:10](C(C)C([H])C(CC)[NH]1)[C:20]1([NH:21]C6=CC=CC=C6)[O]C 10=20;20,21=21"
"CN([C:20]1(OC(C(C([O:21]1)CC)C)CCCCCC)[O-:10])CC>>CN([C:20](=[O:10])OC(C(C([O-:21])CC)C)CCCCCC)CC 10=20;20,21=21"
"[H][NH:10]C([H])C(C)[NH][C:20]([NH]CC)=[NH+:21][H].[Cl-]>>[Cl-].[H][NH+:10](C([H])C(C)[NH]1)[C:20]1([NH:21][H])[NH]CC 10=20;20,21=21"
"CC[NH+:21]=[C:20]2[O][CH]([H])[CH](C)C(C)[O]2.CC[NH:10][H].[Cl-]>>[Cl-].CC[NH+:10]([H])[C:20]1([NH:21]CC)[O][CH]([H])C(C)[CH](C)[O]1 10=20;20,21=21"
"[OH:10]C(C(C1=C(C=CC=C1)[CH:20](C)=[OH+:21])[H])[H]>>[OH:21][CH:20]2(C)C3=C(C(C([OH+:10]2)[H])[H])C=CC=C3 10=20;20,21=21"
"CC[O:10][H].[H][NH+:21]=[C:20]([O]C8=CC=CC=C8)[O]C.[Cl-]>>[Cl-].CC[O+:10]([H])[C:20]([NH:21][H])([O]C8=CC=CC=C8)[O]C 10=20;20,21=21"
"C6=CC=CC=C6[NH+:21]=[C:20]2[NH][CH]([H])[CH]([H])C(C8=CC=CC=C8)[NH]2.[H][NH:10][H].[Cl-]>>[Cl-].[H][NH+:10]([H])[C:20]1([NH:21]C6=CC=CC=C6)[NH][CH]([H])C([H])[CH](C8=CC=CC=C8)[NH]1 10=20;20,21=21"
"C[NH+:10]([H])[C:20]1([NH:21]CC)[NH]C(C)C(CC)[NH]1.[Cl-]>>[Cl-].CC[NH+:21]=[C:20]2[NH]C(C)C(CC)[NH]2.C[NH:10][H] 21=20;20,10=10"
"[OH:10]C(CC)C(C)/C([H])=C([H])\[C:20]([H])=[OH+:21]>>[OH:21][C:20]1([H])C([H])=C([H])C(C)C(CC)[OH+:10]1 10=20;20,21=21"
"[O:10]([Na])C(CC)C(C)C(O)C(O)[C:20](C)=[O:21]>>[O-:21][C:20]1(C)C(O)C(O)C(C)C(CC)[O+:10]1([Na]) 10=20;20,21=21"
"CN([C:20]1(OC(C(C([O:21]1)CC)C)CCCCCC)[O-:10])[H]>>CN([C:20](=[O:10])OC(C(C([O-:21])CC)C)CCCCCC)[H] 10=20;20,21=21"
"[H][O+:10](C([H])C([H])C([H])[NH]1)[C:20]1([NH:21]C)[O]C.[Cl-]>>[Cl-].[H][O:10]C([H])C([H])C([H])[NH][C:20]([O]C)=[NH+:21]C 21=20;20,10=10"
"CC[NH:10][H].CC[NH+:21]=[C:20]([O]CC)[O]C7=CC=CC=C7.[Cl-]>>[Cl-].CC[NH+:10]([H])[C:20]([NH:21]CC)([O]CC)[O]C7=CC=CC=C7 10=20;20,21=21"
"[O-:21][C:20]1(OCC)[O+:10]([Na])C([H])C([H])N1C>>[O:10]([Na])C([H])C([H])N([C:20](OCC)=[O:21])C 21=20;20,10=10"
"[O-:21][C:20]1([H])[O+:10]([K])C(CCC)C(O)C1O>>[O:10]([K])C(CCC)C(O)C([C:20]([H])=[O:21])O 21=20;20,10=10"
"[H][S:10][H].C[O+:21]=[C:20]([S]CC)[S]CC.[Cl-]>>[Cl-].[H][S+:10]([H])[C:20]([O:21]C)([S]CC)[S]CC 10=20;20,21=21"
"[H][O:10]C(C)C(C8=CC=CC=C8)[NH][C:20]([O]C7=CC=CC=C7)=[NH+:21][H].[Cl-]>>[Cl-].[H][O+:10](C(C)C(C8=CC=CC=C8)[NH]1)[C:20]1([NH:21][H])[O]C7=CC=CC=C7 10=20;20,21=21"
"C[O+:10]([H])[C:20]1([O:21]C)[O][CH](CC)C([H])[CH](C)[S]1.[Cl-]>>[Cl-].C[O+:21]=[C:20]2[O][CH](CC)[CH]([H])C(C)[S]2.C[O:10][H] 21=20;20,10=10"
"[H][O:10]C([H])C(C)C([H])[O][C:20]([O]CC)=[O+:21]C.[Cl-]>>[Cl-].[H][O+:10](C([H])C(C)C([H])[O]1)[C:20]1([O:21]C)[O]CC 10=20;20,21=21"
"[H][NH:10]C(C)C([H])C([H])[O][C:20]([NH]CC)=[NH+:21]C.[Cl-]>>[Cl-].[H][NH+:10](C(C)C([H])C([H])[O]1)[C:20]1([NH:21]C)[NH]CC 10=20;20,21=21"
"C1(C([O:21][C:20](O1)([O-:10])O[H])C)CCCCCC>>C(C(O[C:20](=[O:10])O[H])CCCCCC)([O-:21])C 10=20;20,21=21"
"[H][NH+:10](C(CC)C(C)C(C)[O]1)[C:20]1([NH:21]CC)[NH]CC.[Cl-]>>[Cl-].[H][NH:10]C(CC)C(C)C(C)[O][C:20]([NH]CC)=[NH+:21]CC 21=20;20,10=10"
"[H][S:10]C(C9=CC=CC=C9)C(C)[S][C:20]([S]C)=[O+:21]C.[Cl-]>>[Cl-].[H][S+:10](C(C9=CC=CC=C9)C(C)[S]1)[C:20]1([O:21]C)[S]C 10=20;20,21=21"
"[H][NH:10]C(CC)C(C)C(C)[O][C:20]([NH]C7=CC=CC=C7)=[NH+:21]C.[Cl-]>>[Cl-].[H][NH+:10](C(CC)C(C)C(C)[O]1)[C:20]1([NH:21]C)[NH]C7=CC=CC=C7 10=20;20,21=21"
"CCN([C:20](=[O:10])OCC)CCCCCC.[O-:21]CCCCCC>>CCN([C:20]([O-:10])(OCC)[O:21]CCCCCC)CCCCCC 21=20;20,10=10"
"[O-:21][C:20]1(C)C(O)C([H])C(C)C(CC)[O:10]1>>[O-:10]C(CC)C(C)C([H])C(O)[C:20](C)=[O:21] 21=20;20,10=10"
"[H][S+:10](C(CC)C([H])[S]1)[C:20]1([O:21][H])[O]C.[Cl-]>>[Cl-].[H][S:10]C(CC)C([H])[S][C:20]([O]C)=[O+:21][H] 21=20;20,10=10"
"[H][S+:10](C(CC)C([H])[O]1)[C:20]1([O:21][Si](C)(C)(C))[O]CC.[Cl-]>>[Cl-].[H][S:10]C(CC)C([H])[O][C:20]([O]CC)=[O+:21][Si](C)(C)(C) 21=20;20,10=10"
"CCCCCCN([C:20](=[O:10])OC)CC.[O-:21]C1=CC=CC=C1>>CCCCCCN([C:20]([O-:10])(OC)[O:21]C1=CC=CC=C1)CC 21=20;20,10=10"
"[O:10]([Na])C(CC)C([H])/C([H])=C([H])\[C:20](OCC)=[O:21]>>[O-:21][C:20]1(OCC)C([H])=C([H])C([H])C(CC)[O+:10]1([Na]) 10=20;20,21=21"
"[H][NH:10]C([H])C(C)C(C8=CC=CC=C8)[O][C:20]([O][H])=[NH+:21][H].[Cl-]>>[Cl-].[H][NH+:10](C([H])C(C)C(C8=CC=CC=C8)[O]1)[C:20]1([NH:21][H])[O][H] 10=20;20,21=21"
"[H][NH+:21]=[C:20]2[NH][CH](CC)[CH]([H])C(CC)[NH]2.[H][O:10][H].[Cl-]>>[Cl-].[H][O+:10]([H])[C:20]1([NH:21][H])[NH][CH](CC)C([H])[CH](CC)[NH]1 10=20;20,21=21"
"[H][O+:21]=[C:20]2[O]C(C7=CC=CC=C7)C([H])[O]2.C9=CC=CC=C9[S:10][H].[Cl-]>>[Cl-].C9=CC=CC=C9[S+:10]([H])[C:20]1([O:21][H])[O]C(C7=CC=CC=C7)C([H])[O]1 10=20;20,21=21"
"CC[S+:10]([H])[C:20]([O:21][Si](C)(C)(C))([S]CC)[S]CC.[Cl-]>>[Cl-].CC[S:10][H].[Si](C)(C)(C)[O+:21]=[C:20]([S]CC)[S]CC 21=20;20,10=10"
"C[NH+:21]=[C:20]2[O][CH](C)[CH](C)C(C8=CC=CC=C8)[O]2.C9=CC=CC=C9[O:10][H].[Cl-]>>[Cl-].C9=CC=CC=C9[O+:10]([H])[C:20]1([NH:21]C)[O][CH](C)C(C)[CH](C8=CC=CC=C8)[O]1 10=20;20,21=21"
"[H][S+:10]([H])[C:20]([O:21]C)([O][H])[O]C7=CC=CC=C7.[Cl-]>>[Cl-].[H][S:10][H].C[O+:21]=[C:20]([O][H])[O]C7=CC=CC=C7 21=20;20,10=10"
"[H][O+:10](C(CC)C([H])C(C)[NH]1)[C:20]1([NH:21]CC)[NH]C7=CC=CC=C7.[Cl-]>>[Cl-].[H][O:10]C(CC)C([H])C(C)[NH][C:20]([NH]C7=CC=CC=C7)=[NH+:21]CC 21=20;20,10=10"
"[H][NH+:21]=[C:20]2[NH]C(CC)C(C)[NH]2.C9=CC=CC=C9[NH:10][H].[Cl-]>>[Cl-].C9=CC=CC=C9[NH+:10]([H])[C:20]1([NH:21][H])[NH]C(CC)C(C)[NH]1 10=20;20,21=21"
"[O:10]([K])C([H])/C(C)=C(C)\C([H])[C:20]([H])=[O:21]>>[O-:21][C:20]1([H])C([H])C(C)=C(C)C([H])[O+:10]1([K]) 10=20;20,21=21"
"[H][O+:10](C([H])C(CC)[NH]1)[C:20]1([NH:21]CC)[NH]CC.[Cl-]>>[Cl-].[H][O:10]C([H])C(CC)[NH][C:20]([NH]CC)=[NH+:21]CC 21=20;20,10=10"
"[H][O+:10](C([H])C(C)[O]1)[C:20]1([NH:21]C6=CC=CC=C6)[NH]C.[Cl-]>>[Cl-].[H][O:10]C([H])C(C)[O][C:20]([NH]C)=[NH+:21]C6=CC=CC=C6 21=20;20,10=10"
"[H][NH+:10](C([H])C(C)C(CC)[NH]1)[C:20]1([NH:21]CC)[O][H].[Cl-]>>[Cl-].[H][NH:10]C([H])C(C)C(CC)[NH][C:20]([O][H])=[NH+:21]CC 21=20;20,10=10"
"[OH:21][C:20]1(OC)C([H])=C(C)C(C)C(C)[OH+:10]1>>[OH:10]C(C)C(C)/C(C)=C([H])\[C:20](OC)=[OH+:21] 21=20;20,10=10"
"[H][O+:10](C(CC)C(CC)[O]1)[C:20]1([NH:21][H])[O]C.[Cl-]>>[Cl-].[H][O:10]C(CC)C(CC)[O][C:20]([O]C)=[NH+:21][H] 21=20;20,10=10"
"[H][NH+:10](C(C)C(C)C(C8=CC=CC=C8)[O]1)[C:20]1([NH:21][H])[O][H].[Cl-]>>[Cl-].[H][NH:10]C(C)C(C)C(C8=CC=CC=C8)[O][C:20]([O][H])=[NH+:21][H] 21=20;20,10=10"
"[H][O+:10](C(C9=CC=CC=C9)C(C)C(C8=CC=CC=C8)[O]1)[C:20]1([O:21][H])[S][H].[Cl-]>>[Cl-].[H][O:10]C(C9=CC=CC=C9)C(C)C(C8=CC=CC=C8)[O][C:20]([S][H])=[O+:21][H] 21=20;20,10=10"
"CC[NH+:10]([H])[C:20]1([NH:21][H])[O][CH](C)C([H])[CH](CC)[O]1.[Cl-]>>[Cl-].[H][NH+:21]=[C:20]2[O][CH](C)[CH]([H])C(CC)[O]2.CC[NH:10][H] 21=20;20,10=10"
"C[C:20](=[O+:21]C)CC.[I-:10]>>C[C:20]([O:21]C)([I:10])CC 10=20;20,21=21"
"[H][O:10]C(C)C(CC)[O][C:20]([O]C)=[NH+:21]C.[Cl-]>>[Cl-].[H][O+:10](C(C)C(CC)[O]1)[C:20]1([NH:21]C)[O]C 10=20;20,21=21"
"C[S+:10]([H])[C:20]([O:21]C)([S][H])[S]C.[Cl-]>>[Cl-].C[S:10][H].C[O+:21]=[C:20]([S][H])[S]C 21=20;20,10=10"
"CC[O+:10]([H])[C:20]([O:21][Si](C)(C)(C))([S]CC)[S]CC.[Cl-]>>[Cl-].CC[O:10][H].[Si](C)(C)(C)[O+:21]=[C:20]([S]CC)[S]CC 21=20;20,10=10"
"[H][NH+:10](C(C)C(C)C([H])[NH]1)[C:20]1([NH:21]CC)[O][H].[Cl-]>>[Cl-].[H][NH:10]C(C)C(C)C([H])[NH][C:20]([O][H])=[NH+:21]CC 21=20;20,10=10"
"CCCCCCC1C(C(O[C:20](N1CC)([O-:10])[O:21]CC)CC)CC>>CCCCCCC1C(C(O[C:20](=[O:10])N1CC)CC)CC.[O-:21]CC 10=20;20,21=21"
"CN([C:20](=[O:10])OC(C(C([O-:21])C)CCCCCC)CCCCCC)C>>CN([C:20]1(OC(C(C([O:21]1)C)CCCCCC)CCCCCC)[O-:10])C 21=20;20,10=10"
"CC[S+:10]([H])[C:20]1([O:21]C)[O][CH](C7=CC=CC=C7)C([H])[CH](CC)[O]1.[Cl-]>>[Cl-].C[O+:21]=[C:20]2[O][CH](C7=CC=CC=C7)[CH]([H])C(CC)[O]2.CC[S:10][H] 21=20;20,10=10"
"[H][O+:10](C([H])C(C)C(CC)[O]1)[C:20]1([NH:21]CC)[O]C.[Cl-]>>[Cl-].[H][O:10]C([H])C(C)C(CC)[O][C:20]([O]C)=[NH+:21]CC 21=20;20,10=10"
"[H][NH+:10]([H])[C:20]1([NH:21]C6=CC=CC=C6)[O][CH]([H])C(C)[CH]([H])[O]1.[Cl-]>>[Cl-].C6=CC=CC=C6[NH+:21]=[C:20]2[O][CH]([H])[CH](C)C([H])[O]2.[H][NH:10][H] 21=20;20,10=10"
"[H]C1C(C(O[C:20](N1CC)([O-:10])[O:21]CCCCCC)C)[H]>>[H]C1C(C(O[C:20](=[O:10])N1CC)C)[H].[O-:21]CCCCCC 10=20;20,21=21"
"C1=CC=CC=C1N([C:20]1(OC(C(C([O:21]1)CC)CC)C)[O-:10])[H]>>C1=CC=CC=C1N([C:20](=[O:10])OC(C(C([O-:21])CC)CC)C)[H] 10=20;20,21=21"
"[H][S:10]C([H])C(C)C([H])[S][C:20]([S]CC)=[O+:21][H].[Cl-]>>[Cl-].[H][S+:10](C([H])C(C)C([H])[S]1)[C:20]1([O:21][H])[S]CC 10=20;20,21=21"
"[H][O:10]C(C)C(C)C([H])[S][C:20]([O][H])=[O+:21]C.[Cl-]>>[Cl-].[H][O+:10](C(C)C(C)C([H])[S]1)[C:20]1([O:21]C)[O][H] 10=20;20,21=21"
"[H][NH+:10](C(C)C(C)[O]1)[C:20]1([NH:21]CC)[O]C7=CC=CC=C7.[Cl-]>>[Cl-].[H][NH:10]C(C)C(C)[O][C:20]([O]C7=CC=CC=C7)=[NH+:21]CC 21=20;20,10=10"
"C9=CC=CC=C9[O+:10]([H])[C:20]1([NH:21][H])[NH][CH](C7=CC=CC=C7)C(C)[CH](C8=CC=CC=C8)[O]1.[Cl-]>>[Cl-].[H][NH+:21]=[C:20]2[NH][CH](C7=CC=CC=C7)[CH](C)C(C8=CC=CC=C8)[O]2.C9=CC=CC=C9[O:10][H] 21=20;20,10=10"
"C[O+:10]([H])[C:20]([O:21]C)([S]C8=CC=CC=C8)[S][H].[Cl-]>>[Cl-].C[O:10][H].C[O+:21]=[C:20]([S]C8=CC=CC=C8)[S][H] 21=20;20,10=10"
"[H][O+:10](C([H])C(C)C([H])[S]1)[C:20]1([O:21][H])[O]C.[Cl-]>>[Cl-].[H][O:10]C([H])C(C)C([H])[S][C:20]([O]C)=[O+:21][H] 21=20;20,10=10"
"CCCCCCN([C:20]([O-:10])(OCC)[O:21]CC)CC>>CCCCCCN([C:20](=[O:10])OCC)CC.[O-:21]CC 10=20;20,21=21"
"C[NH+:10]([H])[C:20]1([NH:21]CC)[NH][CH](CC)C([H])[CH](C)[NH]1.[Cl-]>>[Cl-].CC[NH+:21]=[C:20]2[NH][CH](CC)[CH]([H])C(C)[NH]2.C[NH:10][H] 21=20;20,10=10"
"[CH:20]([NH2:10])([I:21])CC>>[CH:20](=[NH2+:10])CC.[I-:21] 10=20;20,21=21"
"C1=CC=CC=C1[O:10][C:20]([O-:21])(OCCCCCC)OCC>>[O:21]=[C:20](OCCCCCC)OCC.[O-:10]C1=CC=CC=C1 21=20;20,10=10"
"CCCCCCC1C(C(O[C:20](=[O:10])N1C1=CC=CC=C1)CCCCCC)CCCCCC.[O-:21]CC>>CCCCCCC1C(C(O[C:20](N1C1=CC=CC=C1)([O-:10])[O:21]CC)CCCCCC)CCCCCC 21=20;20,10=10"
"C[NH+:21]=[C:20]2[NH]C(C)C([H])[O]2.[H][O:10][H].[Cl-]>>[Cl-].[H][O+:10]([H])[C:20]1([NH:21]C)[NH]C(C)C([H])[O]1 10=20;20,21=21"
"CCN([C:20]1(OC(C(C([O:21]1)C)CC)[H])[O-:10])C1=CC=CC=C1>>CCN([C:20](=[O:10])OC(C(C([O-:21])C)CC)[H])C1=CC=CC=C1 10=20;20,21=21"
"C[O+:21]=[C:20]2[S]C(C7=CC=CC=C7)C(C8=CC=CC=C8)[O]2.C9=CC=CC=C9[O:10][H].[Cl-]>>[Cl-].C9=CC=CC=C9[O+:10]([H])[C:20]1([O:21]C)[S]C(C7=CC=CC=C7)C(C8=CC=CC=C8)[O]1 10=20;20,21=21"
"C[O:10][H].C[NH+:21]=[C:20]([O][H])[O][H].[Cl-]>>[Cl-].C[O+:10]([H])[C:20]([NH:21]C)([O][H])[O][H] 10=20;20,21=21"
"[H][NH:10]C(C9=CC=CC=C9)C(C)C([H])[O][C:20]([NH][H])=[NH+:21]C6=CC=CC=C6.[Cl-]>>[Cl-].[H][NH+:10](C(C9=CC=CC=C9)C(C)C([H])[O]1)[C:20]1([NH:21]C6=CC=CC=C6)[NH][H] 10=20;20,21=21"
"C[NH+:10]([H])[C:20]1([NH:21]CC)[NH][CH](C)C(C)[CH](C)[NH]1.[Cl-]>>[Cl-].CC[NH+:21]=[C:20]2[NH][CH](C)[CH](C)C(C)[NH]2.C[NH:10][H] 21=20;20,10=10"
"[H][NH:10][H].[H][NH+:21]=[C:20]([O]CC)[NH]CC.[Cl-]>>[Cl-].[H][NH+:10]([H])[C:20]([NH:21][H])([O]CC)[NH]CC 10=20;20,21=21"
"C9=CC=CC=C9[S+:10]([H])[C:20]1([O:21]C)[S][CH](C)C([H])[CH]([H])[S]1.[Cl-]>>[Cl-].C[O+:21]=[C:20]2[S][CH](C)[CH]([H])C([H])[S]2.C9=CC=CC=C9[S:10][H] 21=20;20,10=10"
"[H][NH+:21]=[C:20]2[O]C([H])C(C8=CC=CC=C8)[O]2.C9=CC=CC=C9[NH:10][H].[Cl-]>>[Cl-].C9=CC=CC=C9[NH+:10]([H])[C:20]1([NH:21][H])[O]C([H])C(C8=CC=CC=C8)[O]1 10=20;20,21=21"
"[H][NH+:21]=[C:20]2[NH]C(CC)C(CC)[NH]2.C9=CC=CC=C9[NH:10][H].[Cl-]>>[Cl-].C9=CC=CC=C9[NH+:10]([H])[C:20]1([NH:21][H])[NH]C(CC)C(CC)[NH]1 10=20;20,21=21"
"CCCCCCN([C:20](=[O:10])OC(C(C([O-:21])[H])[H])C1=CC=CC=C1)C>>CCCCCCN([C:20]1(OC(C(C([O:21]1)[H])[H])C1=CC=CC=C1)[O-:10])C 21=20;20,10=10"
"[H][S+:10](C(C9=CC=CC=C9)C([H])[O]1)[C:20]1([O:21]C)[S]C7=CC=CC=C7.[Cl-]>>[Cl-].[H][S:10]C(C9=CC=CC=C9)C([H])[O][C:20]([S]C7=CC=CC=C7)=[O+:21]C 21=20;20,10=10"
"[H][O+:10](C(C)C([H])[S]1)[C:20]1([O:21][Si](C)(C)(C))[S]CC.[Cl-]>>[Cl-].[H][O:10]C(C)C([H])[S][C:20]([S]CC)=[O+:21][Si](C)(C)(C) 21=20;20,10=10"
"[OH:10]C(CC)C(O)C([C:20](OC)=[OH+:21])C>>[OH:21][C:20]1(OC)[OH+:10]C(CC)C(O)C1C 10=20;20,21=21"
"C9=CC=CC=C9[O:10][H].CC[NH+:21]=[C:20]([NH]CC)[O]CC.[Cl-]>>[Cl-].C9=CC=CC=C9[O+:10]([H])[C:20]([NH:21]CC)([NH]CC)[O]CC 10=20;20,21=21"
"[H]N([C:20](=[O:10])OCC)CC.[O-:21]C>>[H]N([C:20]([O-:10])(OCC)[O:21]C)CC 21=20;20,10=10"
"[OH:21][C:20]1(C)C(C)=C(C)C([H])C([H])[OH+:10]1>>[OH:10]C([H])C([H])/C(C)=C(C)\[C:20](C)=[OH+:21] 21=20;20,10=10"
"[H][NH+:10]([H])[C:20]([NH:21]CC)([O][H])[NH][H].[Cl-]>>[Cl-].[H][NH:10][H].CC[NH+:21]=[C:20]([O][H])[NH][H] 21=20;20,10=10"
"[H][NH:10][H].CC[NH+:21]=[C:20]([NH][H])[O]C7=CC=CC=C7.[Cl-]>>[Cl-].[H][NH+:10]([H])[C:20]([NH:21]CC)([NH][H])[O]C7=CC=CC=C7 10=20;20,21=21"
"CC1C(C(O[C:20](=[O:10])N1CCCCCC)C1=CC=CC=C1)CC.[O-:21]CCCCCC>>CC1C(C(O[C:20](N1CCCCCC)([O-:10])[O:21]CCCCCC)C1=CC=CC=C1)CC 21=20;20,10=10"
"[H][NH:10]C([H])C(C)C(CC)[O][C:20]([NH]C7=CC=CC=C7)=[NH+:21][H].[Cl-]>>[Cl-].[H][NH+:10](C([H])C(C)C(CC)[O]1)[C:20]1([NH:21][H])[NH]C7=CC=CC=C7 10=20;20,21=21"
"[H][O+:10]([H])[C:20]1([O:21][H])[O][CH](CC)C([H])[CH]([H])[S]1.[Cl-]>>[Cl-].[H][O+:21]=[C:20]2[O][CH](CC)[CH]([H])C([H])[S]2.[H][O:10][H] 21=20;20,10=10"
"CC[O+:10]([H])[C:20]1([O:21][H])[S]C(CC)C(CC)[O]1.[Cl-]>>[Cl-].[H][O+:21]=[C:20]2[S]C(CC)C(CC)[O]2.CC[O:10][H] 21=20;20,10=10"
"C9=CC=CC=C9[NH:10][H].CC[NH+:21]=[C:20]([NH][H])[NH]C.[Cl-]>>[Cl-].C9=CC=CC=C9[NH+:10]([H])[C:20]([NH:21]CC)([NH][H])[NH]C 10=20;20,21=21"
"C[NH+:10]([H])[C:20]1([NH:21][H])[NH][CH](C)C(C)[CH](C)[NH]1.[Cl-]>>[Cl-].[H][NH+:21]=[C:20]2[NH][CH](C)[CH](C)C(C)[NH]2.C[NH:10][H] 21=20;20,10=10"
"CCC1C(O[C:20](N1[H])([O-:10])[O:21]C)[H]>>CCC1C(O[C:20](=[O:10])N1[H])[H].[O-:21]C 10=20;20,21=21"
"CC[NH+:10]([H])[C:20]([NH:21]C6=CC=CC=C6)([O][H])[O]C7=CC=CC=C7.[Cl-]>>[Cl-].CC[NH:10][H].C6=CC=CC=C6[NH+:21]=[C:20]([O][H])[O]C7=CC=CC=C7 21=20;20,10=10"
"[O-:21][C:20]1([H])[NH+:10](C)C(C)C(C)C1C>>[NH:10](C)C(C)C(C)C([C:20]([H])=[O:21])C 21=20;20,10=10"
"C[NH+:21]=[C:20]2[NH][CH]([H])[CH](C)C([H])[O]2.C[O:10][H].[Cl-]>>[Cl-].C[O+:10]([H])[C:20]1([NH:21]C)[NH][CH]([H])C(C)[CH]([H])[O]1 10=20;20,21=21"
"C[NH+:21]=[C:20]2[NH][CH](C7=CC=CC=C7)[CH]([H])C(C)[O]2.C[O:10][H].[Cl-]>>[Cl-].C[O+:10]([H])[C:20]1([NH:21]C)[NH][CH](C7=CC=CC=C7)C([H])[CH](C)[O]1 10=20;20,21=21"
"[H][NH+:10](C(C9=CC=CC=C9)C(C8=CC=CC=C8)[O]1)[C:20]1([NH:21][H])[O]CC.[Cl-]>>[Cl-].[H][NH:10]C(C9=CC=CC=C9)C(C8=CC=CC=C8)[O][C:20]([O]CC)=[NH+:21][H] 21=20;20,10=10"
"CCCCCCN([C:20](=[O:10])OC(C([O-:21])[H])C1=CC=CC=C1)C>>CCCCCCN([C:20]1(OC(C([O:21]1)[H])C1=CC=CC=C1)[O-:10])C 21=20;20,10=10"
"[O-:10]C(CC)/C(C)=C([C:20](OCC)=[O:21])/O>>[O-:21][C:20]1(OCC)[O:10]C(CC)C(C)=C1O 10=20;20,21=21"
"[H][S+:10]([H])[C:20]([O:21]C)([O]CC)[O]C.[Cl-]>>[Cl-].[H][S:10][H].C[O+:21]=[C:20]([O]CC)[O]C 21=20;20,10=10"
"[NH:10](C)C([H])C([H])/C(C)=C(C)\[C:20](OCC)=[O:21]>>[O-:21][C:20]1(OCC)C(C)=C(C)C([H])C([H])[NH+:10]1(C) 10=20;20,21=21"
"C[O+:10]([H])[C:20]1([NH:21][H])[O][CH](C)C(C)[CH](CC)[O]1.[Cl-]>>[Cl-].[H][NH+:21]=[C:20]2[O][CH](C)[CH](C)C(CC)[O]2.C[O:10][H] 21=20;20,10=10"
"[H][NH+:21]=[C:20]2[NH][CH]([H])[CH](C)C(C8=CC=CC=C8)[O]2.C9=CC=CC=C9[NH:10][H].[Cl-]>>[Cl-].C9=CC=CC=C9[NH+:10]([H])[C:20]1([NH:21][H])[NH][CH]([H])C(C)[CH](C8=CC=CC=C8)[O]1 10=20;20,21=21"
"[H][NH:10]C(CC)C([H])[O][C:20]([O]CC)=[NH+:21][H].[Cl-]>>[Cl-].[H][NH+:10](C(CC)C([H])[O]1)[C:20]1([NH:21][H])[O]CC 10=20;20,21=21"
"CC1C(O[C:20](N1[H])([O-:10])[Cl:21])C>>CC1C(O[C:20](=[O:10])N1[H])C.[Cl-:21] 10=20;20,21=21"
"[H][O+:10]([H])[C:20]([NH:21]CC)([O]C)[O][H].[Cl-]>>[Cl-].[H][O:10][H].CC[NH+:21]=[C:20]([O]C)[O][H] 21=20;20,10=10"
"[H][O+:10]([H])[C:20]([O:21][Si](C)(C)(C))([S][H])[S]C.[Cl-]>>[Cl-].[H][O:10][H].[Si](C)(C)(C)[O+:21]=[C:20]([S][H])[S]C 21=20;20,10=10"
"[NH:10](C)C(C)C(O)C([C:20]([H])=[O:21])C>>[O-:21][C:20]1([H])[NH+:10](C)C(C)C(O)C1C 10=20;20,21=21"
"[H][O:10]C(C)C([H])C(CC)[O][C:20]([O]C7=CC=CC=C7)=[NH+:21]CC.[Cl-]>>[Cl-].[H][O+:10](C(C)C([H])C(CC)[O]1)[C:20]1([NH:21]CC)[O]C7=CC=CC=C7 10=20;20,21=21"
"[H][NH:10]C([H])C(C8=CC=CC=C8)[O][C:20]([NH][H])=[NH+:21]CC.[Cl-]>>[Cl-].[H][NH+:10](C([H])C(C8=CC=CC=C8)[O]1)[C:20]1([NH:21]CC)[NH][H] 10=20;20,21=21"
"[H][O:10]C(CC)C([H])C(C8=CC=CC=C8)[O][C:20]([S]CC)=[O+:21]C.[Cl-]>>[Cl-].[H][O+:10](C(CC)C([H])C(C8=CC=CC=C8)[O]1)[C:20]1([O:21]C)[S]CC 10=20;20,21=21"
"[H][NH:10]C(CC)C(C)C(CC)[O][C:20]([O]C)=[NH+:21]C.[Cl-]>>[Cl-].[H][NH+:10](C(CC)C(C)C(CC)[O]1)[C:20]1([NH:21]C)[O]C 10=20;20,21=21"
"C9=CC=CC=C9[O+:10]([H])[C:20]1([NH:21][H])[NH][CH](C)C([H])[CH](CC)[O]1.[Cl-]>>[Cl-].[H][NH+:21]=[C:20]2[NH][CH](C)[CH]([H])C(CC)[O]2.C9=CC=CC=C9[O:10][H] 21=20;20,10=10"
"C1=CC=CC=C1C1C(C(O[C:20](=[O:10])N1C1=CC=CC=C1)CC)[H].[O-:21][H]>>C1=CC=CC=C1C1C(C(O[C:20](N1C1=CC=CC=C1)([O-:10])[O:21][H])CC)[H] 21=20;20,10=10"
"[H][NH+:10](C(C9=CC=CC=C9)C(C)C(C8=CC=CC=C8)[NH]1)[C:20]1([NH:21]C)[NH][H].[Cl-]>>[Cl-].[H][NH:10]C(C9=CC=CC=C9)C(C)C(C8=CC=CC=C8)[NH][C:20]([NH][H])=[NH+:21]C 21=20;20,10=10"
"[H][O:10]C(C9=CC=CC=C9)C([H])C(CC)[O][C:20]([O]C7=CC=CC=C7)=[O+:21][H].[Cl-]>>[Cl-].[H][O+:10](C(C9=CC=CC=C9)C([H])C(CC)[O]1)[C:20]1([O:21][H])[O]C7=CC=CC=C7 10=20;20,21=21"
"[H][O+:10]([H])[C:20]1([NH:21]C6=CC=CC=C6)[NH]C([H])C(C)[NH]1.[Cl-]>>[Cl-].C6=CC=CC=C6[NH+:21]=[C:20]2[NH]C([H])C(C)[NH]2.[H][O:10][H] 21=20;20,10=10"
"C1=CC=CC=C1N([C:20]1(OC(C(C([O:21]1)CC)CC)C1=CC=CC=C1)[O-:10])C>>C1=CC=CC=C1N([C:20](=[O:10])OC(C(C([O-:21])CC)CC)C1=CC=CC=C1)C 10=20;20,21=21"
"CCCCCCC1C(C(O[C:20](N1CC)([O-:10])[Cl:21])C1=CC=CC=C1)C1=CC=CC=C1>>CCCCCCC1C(C(O[C:20](=[O:10])N1CC)C1=CC=CC=C1)C1=CC=CC=C1.[Cl-:21] 10=20;20,21=21"
"CC1C(O[C:20](N1CC)([O-:10])[O:21]CC)C>>CC1C(O[C:20](=[O:10])N1CC)C.[O-:21]CC 10=20;20,21=21"
"[O-:21][C:20]1(C)[O:10]C([H])C(O)C1[H]>>[O-:10]C([H])C(O)C([C:20](C)=[O:21])[H] 21=20;20,10=10"
"[H][O+:10]([H])[C:20]1([O:21][H])[S]C(C)C([H])[O]1.[Cl-]>>[Cl-].[H][O+:21]=[C:20]2[S]C(C)C([H])[O]2.[H][O:10][H] 21=20;20,10=10"
"CCN([C:20]1(OC(C(C([O:21]1)[H])[H])C1=CC=CC=C1)[O-:10])CC>>CCN([C:20](=[O:10])OC(C(C([O-:21])[H])[H])C1=CC=CC=C1)CC 10=20;20,21=21"
"[H][S:10]C(CC)C([H])C(C)[O][C:20]([O]CC)=[O+:21]C.[Cl-]>>[Cl-].[H][S+:10](C(CC)C([H])C(C)[O]1)[C:20]1([O:21]C)[O]CC 10=20;20,21=21"
"CC[O+:10]([H])[C:20]1([NH:21]CC)[NH][CH]([H])C(C)[CH](CC)[NH]1.[Cl-]>>[Cl-].CC[NH+:21]=[C:20]2[NH][CH]([H])[CH](C)C(CC)[NH]2.CC[O:10][H] 21=20;20,10=10"
"C[O+:21]=[C:20]2[S]C(C7=CC=CC=C7)C([H])[S]2.C9=CC=CC=C9[S:10][H].[Cl-]>>[Cl-].C9=CC=CC=C9[S+:10]([H])[C:20]1([O:21]C)[S]C(C7=CC=CC=C7)C([H])[S]1 10=20;20,21=21"
"CCCCCCN([C:20](=[O:10])OC(C([O-:21])C1=CC=CC=C1)C1=CC=CC=C1)CC>>CCCCCCN([C:20]1(OC(C([O:21]1)C1=CC=CC=C1)C1=CC=CC=C1)[O-:10])CC 21=20;20,10=10"
"[H][NH:10]C(CC)C([H])[O][C:20]([NH]C)=[NH+:21][H].[Cl-]>>[Cl-].[H][NH+:10](C(CC)C([H])[O]1)[C:20]1([NH:21][H])[NH]C 10=20;20,21=21"
"[H][O:10]C([H])C(CC)[NH][C:20]([O][H])=[NH+:21][H].[Cl-]>>[Cl-].[H][O+:10](C([H])C(CC)[NH]1)[C:20]1([NH:21][H])[O][H] 10=20;20,21=21"
"[H][NH+:10](C(CC)C(C)[NH]1)[C:20]1([NH:21][H])[O][H].[Cl-]>>[Cl-].[H][NH:10]C(CC)C(C)[NH][C:20]([O][H])=[NH+:21][H] 21=20;20,10=10"
"[H][O:10]C(C9=CC=CC=C9)C(C)C(C)[O][C:20]([O]C)=[NH+:21][H].[Cl-]>>[Cl-].[H][O+:10](C(C9=CC=CC=C9)C(C)C(C)[O]1)[C:20]1([NH:21][H])[O]C 10=20;20,21=21"
"C1=CC=CC=C1N([C:20](=[O:10])OC(C(C([O-:21])[H])CC)CCCCCC)C>>C1=CC=CC=C1N([C:20]1(OC(C(C([O:21]1)[H])CC)CCCCCC)[O-:10])C 21=20;20,10=10"
"[H][O+:21]=[C:20]2[O][CH](CC)[CH]([H])C(C)[S]2.[H][S:10][H].[Cl-]>>[Cl-].[H][S+:10]([H])[C:20]1([O:21][H])[O][CH](CC)C([H])[CH](C)[S]1 10=20;20,21=21"
"C1=CC=CC=C1N([C:20]1(OC(C(C([O:21]1)[H])C)C)[O-:10])C>>C1=CC=CC=C1N([C:20](=[O:10])OC(C(C([O-:21])[H])C)C)C 10=20;20,21=21"
"CC[NH+:10]([H])[C:20]1([NH:21]CC)[O][CH]([H])C([H])[CH](C)[NH]1.[Cl-]>>[Cl-].CC[NH+:21]=[C:20]2[O][CH]([H])[CH]([H])C(C)[NH]2.CC[NH:10][H] 21=20;20,10=10"
"[H][NH+:21]=[C:20]2[O][CH](C7=CC=CC=C7)[CH](C)C([H])[O]2.[H][NH:10][H].[Cl-]>>[Cl-].[H][NH+:10]([H])[C:20]1([NH:21][H])[O][CH](C7=CC=CC=C7)C(C)[CH]([H])[O]1 10=20;20,21=21"
"[OH:10]C(C1=C(C([CH:20](OC)=[OH+:21])O)C=CC=C1)C>>[OH:21][CH:20]2(OC)C(C3=C(C([OH+:10]2)C)C=CC=C3)O 10=20;20,21=21"
"CN([C:20](=[O:10])OC(C(C([O-:21])CC)C)C)C>>CN([C:20]1(OC(C(C([O:21]1)CC)C)C)[O-:10])C 21=20;20,10=10"
"[H][O:10][H].CC[NH+:21]=[C:20]([O]C8=CC=CC=C8)[NH]C.[Cl-]>>[Cl-].[H][O+:10]([H])[C:20]([NH:21]CC)([O]C8=CC=CC=C8)[NH]C 10=20;20,21=21"
"[H][O+:21]=[C:20]2[S][CH](C7=CC=CC=C7)[CH](C)C(CC)[O]2.C[S:10][H].[Cl-]>>[Cl-].C[S+:10]([H])[C:20]1([O:21][H])[S][CH](C7=CC=CC=C7)C(C)[CH](CC)[O]1 10=20;20,21=21"
"[O-:21][C:20]1(OC)C(C)=C(C)C([H])C(CCC)[O+:10]1([Na])>>[O:10]([Na])C(CCC)C([H])/C(C)=C(C)\[C:20](OC)=[O:21] 21=20;20,10=10"
"[H]C1C(C(O[C:20](N1C)([O-:10])[O:21]C)C1=CC=CC=C1)C>>[H]C1C(C(O[C:20](=[O:10])N1C)C1=CC=CC=C1)C.[O-:21]C 10=20;20,21=21"
"C[NH+:21]=[C:20]2[NH][CH]([H])[CH]([H])C(C8=CC=CC=C8)[O]2.CC[NH:10][H].[Cl-]>>[Cl-].CC[NH+:10]([H])[C:20]1([NH:21]C)[NH][CH]([H])C([H])[CH](C8=CC=CC=C8)[O]1 10=20;20,21=21"
"C9=CC=CC=C9[NH+:10]([H])[C:20]([NH:21][H])([NH]C)[NH]CC.[Cl-]>>[Cl-].C9=CC=CC=C9[NH:10][H].[H][NH+:21]=[C:20]([NH]C)[NH]CC 21=20;20,10=10"
"C[S+:10]([H])[C:20]1([O:21][H])[S][CH]([H])C(C)[CH](C)[S]1.[Cl-]>>[Cl-].[H][O+:21]=[C:20]2[S][CH]([H])[CH](C)C(C)[S]2.C[S:10][H] 21=20;20,10=10"
"[O-:21][C:20]1([H])C(O)C([H])C(C)C(CC)[O:10]1>>[O-:10]C(CC)C(C)C([H])C(O)[C:20]([H])=[O:21] 21=20;20,10=10"
"C(C([O-:21])CCCCCC)(C(O[C:20](=[O:10])OC)C1=CC=CC=C1)CC>>C1(C(O[C:20]([O-:10])([O:21]C1CCCCCC)OC)C1=CC=CC=C1)CC 21=20;20,10=10"
"CCCCCCN([C:20]1(OC(C([O:21]1)CCCCCC)CCCCCC)[O-:10])C>>CCCCCCN([C:20](=[O:10])OC(C([O-:21])CCCCCC)CCCCCC)C 10=20;20,21=21"
"C1(C(O[C:20]([O-:10])([O:21]C1CCCCCC)OCCCCCC)CCCCCC)C>>C(C([O-:21])CCCCCC)(C(O[C:20](=[O:10])OCCCCCC)CCCCCC)C 10=20;20,21=21"
"[H][O+:10](C(C)C([H])[NH]1)[C:20]1([NH:21]C6=CC=CC=C6)[NH]CC.[Cl-]>>[Cl-].[H][O:10]C(C)C([H])[NH][C:20]([NH]CC)=[NH+:21]C6=CC=CC=C6 21=20;20,10=10"
"CCCCCCN([C:20]1(OC(C(C([O:21]1)C)CCCCCC)[H])[O-:10])C1=CC=CC=C1>>CCCCCCN([C:20](=[O:10])OC(C(C([O-:21])C)CCCCCC)[H])C1=CC=CC=C1 10=20;20,21=21"
"CCN([C:20](=[O:10])OC(C([O-:21])C)C)CCCCCC>>CCN([C:20]1(OC(C([O:21]1)C)C)[O-:10])CCCCCC 21=20;20,10=10"
"[Si](C)(C)(C)[O+:21]=[C:20]2[O]C(C7=CC=CC=C7)C(CC)[S]2.CC[S:10][H].[Cl-]>>[Cl-].CC[S+:10]([H])[C:20]1([O:21][Si](C)(C)(C))[O]C(C7=CC=CC=C7)C(CC)[S]1 10=20;20,21=21"
"[H][O+:10]([H])[C:20]1([O:21][Si](C)(C)(C))[O]C([H])C(C8=CC=CC=C8)[S]1.[Cl-]>>[Cl-].[Si](C)(C)(C)[O+:21]=[C:20]2[O]C([H])C(C8=CC=CC=C8)[S]2.[H][O:10][H] 21=20;20,10=10"
"[H][S:10]C(C9=CC=CC=C9)C([H])C(CC)[S][C:20]([S][H])=[O+:21]C.[Cl-]>>[Cl-].[H][S+:10](C(C9=CC=CC=C9)C([H])C(CC)[S]1)[C:20]1([O:21]C)[S][H] 10=20;20,21=21"
"[H][O+:10]([H])[C:20]([O:21][Si](C)(C)(C))([O][H])[S][H].[Cl-]>>[Cl-].[H][O:10][H].[Si](C)(C)(C)[O+:21]=[C:20]([O][H])[S][H] 21=20;20,10=10"
"[OH:10]C(C)C(O)C([C:20]([H])=[OH+:21])C>>[OH:21][C:20]1([H])[OH+:10]C(C)C(O)C1C 10=20;20,21=21"
"CCN([C:20]1(OC(C(C([O:21]1)CCCCCC)[H])CC)[O-:10])[H]>>CCN([C:20](=[O:10])OC(C(C([O-:21])CCCCCC)[H])CC)[H] 10=20;20,21=21"
"[H][NH:10]C(C9=CC=CC=C9)C(C8=CC=CC=C8)[O][C:20]([NH]C)=[NH+:21]C6=CC=CC=C6.[Cl-]>>[Cl-].[H][NH+:10](C(C9=CC=CC=C9)C(C8=CC=CC=C8)[O]1)[C:20]1([NH:21]C6=CC=CC=C6)[NH]C 10=20;20,21=21"
"CC[NH+:21]=[C:20]2[NH][CH](C)[CH](C)C(C)[NH]2.C[O:10][H].[Cl-]>>[Cl-].C[O+:10]([H])[C:20]1([NH:21]CC)[NH][CH](C)C(C)[CH](C)[NH]1 10=20;20,21=21"
"CCCCCCN([C:20]1(OC(C(C([O:21]1)CCCCCC)C)[H])[O-:10])C>>CCCCCCN([C:20](=[O:10])OC(C(C([O-:21])CCCCCC)C)[H])C 10=20;20,21=21"
"CCC1C(O[C:20](=[O:10])N1CC)CC.[O-:21]CCCCCC>>CCC1C(O[C:20](N1CC)([O-:10])[O:21]CCCCCC)CC 21=20;20,10=10"
"[OH:10]C(C)/C(C)=C([H])\C([H])[C:20](C)=[OH+:21]>>[OH:21][C:20]1(C)C([H])C([H])=C(C)C(C)[OH+:10]1 10=20;20,21=21"
"CC[NH+:21]=[C:20]2[O][CH]([H])[CH](C)C(C8=CC=CC=C8)[O]2.C[NH:10][H].[Cl-]>>[Cl-].C[NH+:10]([H])[C:20]1([NH:21]CC)[O][CH]([H])C(C)[CH](C8=CC=CC=C8)[O]1 10=20;20,21=21"
"[H][S+:10](C(CC)C(C8=CC=CC=C8)[O]1)[C:20]1([O:21][H])[S]C7=CC=CC=C7.[Cl-]>>[Cl-].[H][S:10]C(CC)C(C8=CC=CC=C8)[O][C:20]([S]C7=CC=CC=C7)=[O+:21][H] 21=20;20,10=10"
"[H][S+:10]([H])[C:20]([O:21][H])([O]C8=CC=CC=C8)[O]C.[Cl-]>>[Cl-].[H][S:10][H].[H][O+:21]=[C:20]([O]C8=CC=CC=C8)[O]C 21=20;20,10=10"
"[H][O:10]C(C)C([H])[NH][C:20]([NH][H])=[NH+:21]C.[Cl-]>>[Cl-].[H][O+:10](C(C)C([H])[NH]1)[C:20]1([NH:21]C)[NH][H] 10=20;20,21=21"
"[H][S:10]C(C)C([H])C(CC)[O][C:20]([S]C7=CC=CC=C7)=[O+:21]C.[Cl-]>>[Cl-].[H][S+:10](C(C)C([H])C(CC)[O]1)[C:20]1([O:21]C)[S]C7=CC=CC=C7 10=20;20,21=21"
"C[O:10][H].[Si](C)(C)(C)[O+:21]=[C:20]([O]C)[S]CC.[Cl-]>>[Cl-].C[O+:10]([H])[C:20]([O:21][Si](C)(C)(C))([O]C)[S]CC 10=20;20,21=21"
"C1=CC=CC=C1C1C(C(O[C:20](=[O:10])N1[H])[H])C.[O-:21][H]>>C1=CC=CC=C1C1C(C(O[C:20](N1[H])([O-:10])[O:21][H])[H])C 21=20;20,10=10"
"[OH:10]C(C)/C(O)=C([C:20](OC)=[OH+:21])/O>>[OH:21][C:20]1(OC)[OH+:10]C(C)C(O)=C1O 10=20;20,21=21"
"C1=CC=CC=C1N([C:20](=[O:10])O[H])[H].[O-:21]CC>>C1=CC=CC=C1N([C:20]([O-:10])(O[H])[O:21]CC)[H] 21=20;20,10=10"
"[H][NH+:21]=[C:20]2[NH]C([H])C([H])[NH]2.[H][NH:10][H].[Cl-]>>[Cl-].[H][NH+:10]([H])[C:20]1([NH:21][H])[NH]C([H])C([H])[NH]1 10=20;20,21=21"
"[NH:10](C)C(CC)/C([H])=C([H])\C(C)[C:20]([H])=[O:21]>>[O-:21][C:20]1([H])C(C)C([H])=C([H])C(CC)[NH+:10]1(C) 10=20;20,21=21"
"C[O+:21]=[C:20]2[S][CH]([H])[CH](C)C([H])[S]2.C[S:10][H].[Cl-]>>[Cl-].C[S+:10]([H])[C:20]1([O:21]C)[S][CH]([H])C(C)[CH]([H])[S]1 10=20;20,21=21"
"[H][S+:10](C(C9=CC=CC=C9)C(C)C(CC)[S]1)[C:20]1([O:21]C)[S][H].[Cl-]>>[Cl-].[H][S:10]C(C9=CC=CC=C9)C(C)C(CC)[S][C:20]([S][H])=[O+:21]C 21=20;20,10=10"
"[O:10]([K])C([H])C([H])C(C)C(O)[C:20]([H])=[O:21]>>[O-:21][C:20]1([H])C(O)C(C)C([H])C([H])[O+:10]1([K]) 10=20;20,21=21"
"[H][S:10]C(C)C(C)C(C)[O][C:20]([O][H])=[O+:21]C.[Cl-]>>[Cl-].[H][S+:10](C(C)C(C)C(C)[O]1)[C:20]1([O:21]C)[O][H] 10=20;20,21=21"
"[H][O+:10](C(CC)C(C)C(C8=CC=CC=C8)[O]1)[C:20]1([O:21]C)[S]C.[Cl-]>>[Cl-].[H][O:10]C(CC)C(C)C(C8=CC=CC=C8)[O][C:20]([S]C)=[O+:21]C 21=20;20,10=10"
"CC1C(C(O[C:20](N1[H])([O-:10])[Cl:21])CC)CC>>CC1C(C(O[C:20](=[O:10])N1[H])CC)CC.[Cl-:21] 10=20;20,21=21"
"[H][S+:10](C(C)C([H])[S]1)[C:20]1([O:21]C)[S]C.[Cl-]>>[Cl-].[H][S:10]C(C)C([H])[S][C:20]([S]C)=[O+:21]C 21=20;20,10=10"
"[H][O+:10](C([H])C(C)C(C8=CC=CC=C8)[NH]1)[C:20]1([NH:21]C)[NH][H].[Cl-]>>[Cl-].[H][O:10]C([H])C(C)C(C8=CC=CC=C8)[NH][C:20]([NH][H])=[NH+:21]C 21=20;20,10=10"
"[OH:21][C:20]1(C)C(C)C([H])C([H])C([H])[OH+:10]1>>[OH:10]C([H])C([H])C([H])C(C)[C:20](C)=[OH+:21] 21=20;20,10=10"
"[H][O+:10](C(C)C([H])C(C8=CC=CC=C8)[S]1)[C:20]1([O:21]C)[S]C7=CC=CC=C7.[Cl-]>>[Cl-].[H][O:10]C(C)C([H])C(C8=CC=CC=C8)[S][C:20]([S]C7=CC=CC=C7)=[O+:21]C 21=20;20,10=10"
"C[NH+:21]=[C:20]2[NH][CH](C7=CC=CC=C7)[CH](C)C(C8=CC=CC=C8)[NH]2.CC[NH:10][H].[Cl-]>>[Cl-].CC[NH+:10]([H])[C:20]1([NH:21]C)[NH][CH](C7=CC=CC=C7)C(C)[CH](C8=CC=CC=C8)[NH]1 10=20;20,21=21"
"C6=CC=CC=C6[NH+:21]=[C:20]2[O][CH](C7=CC=CC=C7)[CH](C)C(CC)[O]2.C[NH:10][H].[Cl-]>>[Cl-].C[NH+:10]([H])[C:20]1([NH:21]C6=CC=CC=C6)[O][CH](C7=CC=CC=C7)C(C)[CH](CC)[O]1 10=20;20,21=21"
"C1=CC=CC=C1N([C:20]1(OC(C(C([O:21]1)CCCCCC)C)CC)[O-:10])C1=CC=CC=C1>>C1=CC=CC=C1N([C:20](=[O:10])OC(C(C([O-:21])CCCCCC)C)CC)C1=CC=CC=C1 10=20;20,21=21"
"C9=CC=CC=C9[O+:10]([H])[C:20]1([O:21][H])[S]C([H])C([H])[O]1.[Cl-]>>[Cl-].[H][O+:21]=[C:20]2[S]C([H])C([H])[O]2.C9=CC=CC=C9[O:10][H] 21=20;20,10=10"
"[H][S:10]C([H])C(C)C([H])[S][C:20]([O]CC)=[O+:21][H].[Cl-]>>[Cl-].[H][S+:10](C([H])C(C)C([H])[S]1)[C:20]1([O:21][H])[O]CC 10=20;20,21=21"
"[H][O:10]C([H])C(C)C([H])[O][C:20]([O][H])=[NH+:21]C.[Cl-]>>[Cl-].[H][O+:10](C([H])C(C)C([H])[O]1)[C:20]1([NH:21]C)[O][H] 10=20;20,21=21"
"C[O+:21]=[C:20]2[O]C(C7=CC=CC=C7)C([H])[S]2.C[S:10][H].[Cl-]>>[Cl-].C[S+:10]([H])[C:20]1([O:21]C)[O]C(C7=CC=CC=C7)C([H])[S]1 10=20;20,21=21"
"[H]C1C(C(O[C:20](N1CCCCCC)([O-:10])[O:21][H])[H])C>>[H]C1C(C(O[C:20](=[O:10])N1CCCCCC)[H])C.[O-:21][H] 10=20;20,21=21"
"C9=CC=CC=C9[NH+:10]([H])[C:20]1([NH:21]C)[NH][CH]([H])C([H])[CH]([H])[NH]1.[Cl-]>>[Cl-].C[NH+:21]=[C:20]2[NH][CH]([H])[CH]([H])C([H])[NH]2.C9=CC=CC=C9[NH:10][H] 21=20;20,10=10"
"C1=CC=CC=C1C1C(O[C:20](N1[H])([O-:10])[O:21]CC)CCCCCC>>C1=CC=CC=C1C1C(O[C:20](=[O:10])N1[H])CCCCCC.[O-:21]CC 10=20;20,21=21"
"[O-:21][C:20]2([NH+:10]([H])C(C7=C2C=CC=C7)C)OCC>>[NH:10]([H])C(C(C=CC=C9)=C9[C:20](OCC)=[O:21])C 21=20;20,10=10"
"[H][NH+:10](C(C)C([H])C(CC)[O]1)[C:20]1([NH:21]C6=CC=CC=C6)[O][H].[Cl-]>>[Cl-].[H][NH:10]C(C)C([H])C(CC)[O][C:20]([O][H])=[NH+:21]C6=CC=CC=C6 21=20;20,10=10"
"[H][NH:10]C([H])C([H])C(C8=CC=CC=C8)[O][C:20]([NH][H])=[NH+:21]CC.[Cl-]>>[Cl-].[H][NH+:10](C([H])C([H])C(C8=CC=CC=C8)[O]1)[C:20]1([NH:21]CC)[NH][H] 10=20;20,21=21"
"[O-:21][C:20]1(OCC)C([H])C(C)C([H])C(C)[NH+:10]1(C)>>[NH:10](C)C(C)C([H])C(C)C([H])[C:20](OCC)=[O:21] 21=20;20,10=10"
"C1(C(O[C:20]([O-:10])([O:21]C1CC)O[H])CCCCCC)C1=CC=CC=C1>>C(C([O-:21])CC)(C(O[C:20](=[O:10])O[H])CCCCCC)C1=CC=CC=C1 10=20;20,21=21"
"CC[O+:10]([H])[C:20]1([NH:21][H])[NH][CH]([H])C([H])[CH]([H])[O]1.[Cl-]>>[Cl-].[H][NH+:21]=[C:20]2[NH][CH]([H])[CH]([H])C([H])[O]2.CC[O:10][H] 21=20;20,10=10"
"C[O+:10]([H])[C:20]([O:21][Si](C)(C)(C))([O][H])[S]C7=CC=CC=C7.[Cl-]>>[Cl-].C[O:10][H].[Si](C)(C)(C)[O+:21]=[C:20]([O][H])[S]C7=CC=CC=C7 21=20;20,10=10"
"CCCCCCN([C:20]([O-:10])(O[H])[Cl:21])CCCCCC>>CCCCCCN([C:20](=[O:10])O[H])CCCCCC.[Cl-:21] 10=20;20,21=21"
"CC1C(C(O[C:20](N1CC)([O-:10])[Cl:21])C)CCCCCC>>CC1C(C(O[C:20](=[O:10])N1CC)C)CCCCCC.[Cl-:21] 10=20;20,21=21"
"[Li][O:21]CC.[C:20](=[O:10])(OCC)OC>>[Li][O+:21]([C:20]([O-:10])(OCC)OC)CC 21=20;20,10=10"
"CC1C(C(O[C:20](N1C1=CC=CC=C1)([O-:10])[Cl:21])CCCCCC)CCCCCC>>CC1C(C(O[C:20](=[O:10])N1C1=CC=CC=C1)CCCCCC)CCCCCC.[Cl-:21] 10=20;20,21=21"
"[H][O+:10](C(C9=CC=CC=C9)C([H])C([H])[NH]1)[C:20]1([NH:21]CC)[O]C.[Cl-]>>[Cl-].[H][O:10]C(C9=CC=CC=C9)C([H])C([H])[NH][C:20]([O]C)=[NH+:21]CC 21=20;20,10=10"
"[O-:21][C:20]1(OCC)[O+:10]([Na])C(C)C(C)=C1O>>[O:10]([Na])C(C)/C(C)=C([C:20](OCC)=[O:21])/O 21=20;20,10=10"
"C6=CC=CC=C6[NH+:21]=[C:20]2[O]C(CC)C(CC)[O]2.[H][NH:10][H].[Cl-]>>[Cl-].[H][NH+:10]([H])[C:20]1([NH:21]C6=CC=CC=C6)[O]C(CC)C(CC)[O]1 10=20;20,21=21"
"[H][O:10]C(C)C(C)C(CC)[NH][C:20]([O]C)=[NH+:21]CC.[Cl-]>>[Cl-].[H][O+:10](C(C)C(C)C(CC)[NH]1)[C:20]1([NH:21]CC)[O]C 10=20;20,21=21"
"[H][NH+:10](C(CC)C(C)C(C8=CC=CC=C8)[O]1)[C:20]1([NH:21][H])[NH]CC.[Cl-]>>[Cl-].[H][NH:10]C(CC)C(C)C(C8=CC=CC=C8)[O][C:20]([NH]CC)=[NH+:21][H] 21=20;20,10=10"
"[H][O:10]C(CC)C([H])C([H])[NH][C:20]([O]C)=[NH+:21]CC.[Cl-]>>[Cl-].[H][O+:10](C(CC)C([H])C([H])[NH]1)[C:20]1([NH:21]CC)[O]C 10=20;20,21=21"
"C(C(O[C:20](=[O:10])OCC)C)([O-:21])C1=CC=CC=C1>>C1(C([O:21][C:20](O1)([O-:10])OCC)C1=CC=CC=C1)C 21=20;20,10=10"
"C[N:10]([CH2:20][Cl:21])C>>C[N+:10](=[CH2:20])C.[Cl-:21] 10=20;20,21=21"
"CC[O+:10]([H])[C:20]1([O:21][Si](C)(C)(C))[O]C(C7=CC=CC=C7)C(C)[S]1.[Cl-]>>[Cl-].[Si](C)(C)(C)[O+:21]=[C:20]2[O]C(C7=CC=CC=C7)C(C)[S]2.CC[O:10][H] 21=20;20,10=10"
"CC[O+:10]([H])[C:20]1([NH:21]C6=CC=CC=C6)[O][CH]([H])C([H])[CH](CC)[O]1.[Cl-]>>[Cl-].C6=CC=CC=C6[NH+:21]=[C:20]2[O][CH]([H])[CH]([H])C(CC)[O]2.CC[O:10][H] 21=20;20,10=10"
"[H][O+:21]=[C:20]2[O][CH](C)[CH]([H])C([H])[O]2.C9=CC=CC=C9[S:10][H].[Cl-]>>[Cl-].C9=CC=CC=C9[S+:10]([H])[C:20]1([O:21][H])[O][CH](C)C([H])[CH]([H])[O]1 10=20;20,21=21"
"[H][NH+:10]([H])[C:20]1([NH:21]C)[NH]C([H])C(C)[NH]1.[Cl-]>>[Cl-].C[NH+:21]=[C:20]2[NH]C([H])C(C)[NH]2.[H][NH:10][H] 21=20;20,10=10"
"[H][O:10]C(C9=CC=CC=C9)C([H])C([H])[O][C:20]([O]CC)=[NH+:21][H].[Cl-]>>[Cl-].[H][O+:10](C(C9=CC=CC=C9)C([H])C([H])[O]1)[C:20]1([NH:21][H])[O]CC 10=20;20,21=21"
"CCN([C:20](=[O:10])OC(C(C([O-:21])CCCCCC)CC)C)C1=CC=CC=C1>>CCN([C:20]1(OC(C(C([O:21]1)CCCCCC)CC)C)[O-:10])C1=CC=CC=C1 21=20;20,10=10"
"[OH:10]C(CCC)C([H])C([C:20](C)=[OH+:21])O>>[OH:21][C:20]1(C)[OH+:10]C(CCC)C([H])C1O 10=20;20,21=21"
"C9=CC=CC=C9[NH+:10]([H])[C:20]1([NH:21]CC)[NH]C(C)C(C)[O]1.[Cl-]>>[Cl-].CC[NH+:21]=[C:20]2[NH]C(C)C(C)[O]2.C9=CC=CC=C9[NH:10][H] 21=20;20,10=10"
"[O-:10]C([H])C(C)/C([H])=C(C)\[C:20](OCC)=[O:21]>>[O-:21][C:20]1(OCC)C(C)=C([H])C(C)C([H])[O:10]1 10=20;20,21=21"
"C9=CC=CC=C9[NH:10][H].C6=CC=CC=C6[NH+:21]=[C:20]([NH][H])[O]C7=CC=CC=C7.[Cl-]>>[Cl-].C9=CC=CC=C9[NH+:10]([H])[C:20]([NH:21]C6=CC=CC=C6)([NH][H])[O]C7=CC=CC=C7 10=20;20,21=21"
"C6=CC=CC=C6[NH+:21]=[C:20]2[O][CH]([H])[CH]([H])C(C8=CC=CC=C8)[O]2.C9=CC=CC=C9[NH:10][H].[Cl-]>>[Cl-].C9=CC=CC=C9[NH+:10]([H])[C:20]1([NH:21]C6=CC=CC=C6)[O][CH]([H])C([H])[CH](C8=CC=CC=C8)[O]1 10=20;20,21=21"
"CCC1C(C(O[C:20](N1CCCCCC)([O-:10])[Cl:21])CCCCCC)CCCCCC>>CCC1C(C(O[C:20](=[O:10])N1CCCCCC)CCCCCC)CCCCCC.[Cl-:21] 10=20;20,21=21"
"CC[NH+:10]([H])[C:20]1([NH:21]CC)[NH]C(C)C([H])[NH]1.[Cl-]>>[Cl-].CC[NH+:21]=[C:20]2[NH]C(C)C([H])[NH]2.CC[NH:10][H] 21=20;20,10=10"
"[OH:10]C([H])C(C)C([H])C([H])[C:20]([H])=[OH+:21]>>[OH:21][C:20]1([H])C([H])C([H])C(C)C([H])[OH+:10]1 10=20;20,21=21"
"[H][O:10]C([H])C(C)[NH][C:20]([O][H])=[NH+:21][H].[Cl-]>>[Cl-].[H][O+:10](C([H])C(C)[NH]1)[C:20]1([NH:21][H])[O][H] 10=20;20,21=21"
"[O:10]([Na])C([H])/C([H])=C([H])\C([H])[C:20](OC)=[O:21]>>[O-:21][C:20]1(OC)C([H])C([H])=C([H])C([H])[O+:10]1([Na]) 10=20;20,21=21"
"[NH:10](C)C([H])C([H])/C([H])=C([H])\[C:20](C)=[O:21]>>[O-:21][C:20]1(C)C([H])=C([H])C([H])C([H])[NH+:10]1(C) 10=20;20,21=21"
"[O:10]([K])C(CC)C(C)C([C:20](OC)=[O:21])O>>[O-:21][C:20]1(OC)[O+:10]([K])C(CC)C(C)C1O 10=20;20,21=21"
"C9=CC=CC=C9[NH+:10]([H])[C:20]1([NH:21]C6=CC=CC=C6)[O][CH](CC)C(C)[CH](C)[NH]1.[Cl-]>>[Cl-].C6=CC=CC=C6[NH+:21]=[C:20]2[O][CH](CC)[CH](C)C(C)[NH]2.C9=CC=CC=C9[NH:10][H] 21=20;20,10=10"
"[O:10]([K])C([H])C(C)C(O)C([H])[C:20](OCC)=[O:21]>>[O-:21][C:20]1(OCC)C([H])C(O)C(C)C([H])[O+:10]1([K]) 10=20;20,21=21"
"C[NH+:10]([H])[C:20]([NH:21][H])([O][H])[NH]C7=CC=CC=C7.[Cl-]>>[Cl-].C[NH:10][H].[H][NH+:21]=[C:20]([O][H])[NH]C7=CC=CC=C7 21=20;20,10=10"
"[H][NH:10]C(C9=CC=CC=C9)C([H])C(C8=CC=CC=C8)[NH][C:20]([NH]C)=[NH+:21]C.[Cl-]>>[Cl-].[H][NH+:10](C(C9=CC=CC=C9)C([H])C(C8=CC=CC=C8)[NH]1)[C:20]1([NH:21]C)[NH]C 10=20;20,21=21"
"[H][O+:10](C(C9=CC=CC=C9)C(C8=CC=CC=C8)[NH]1)[C:20]1([NH:21]C6=CC=CC=C6)[O]CC.[Cl-]>>[Cl-].[H][O:10]C(C9=CC=CC=C9)C(C8=CC=CC=C8)[NH][C:20]([O]CC)=[NH+:21]C6=CC=CC=C6 21=20;20,10=10"
"C[NH+:10]([H])[C:20]1([NH:21][H])[NH][CH]([H])C(C)[CH](C8=CC=CC=C8)[O]1.[Cl-]>>[Cl-].[H][NH+:21]=[C:20]2[NH][CH]([H])[CH](C)C(C8=CC=CC=C8)[O]2.C[NH:10][H] 21=20;20,10=10"
"[H][O+:21]=[C:20]2[O]C(CC)C(C8=CC=CC=C8)[S]2.C9=CC=CC=C9[O:10][H].[Cl-]>>[Cl-].C9=CC=CC=C9[O+:10]([H])[C:20]1([O:21][H])[O]C(CC)C(C8=CC=CC=C8)[S]1 10=20;20,21=21"
"[H][NH+:10](C(CC)C(C)C(CC)[NH]1)[C:20]1([NH:21]CC)[O]CC.[Cl-]>>[Cl-].[H][NH:10]C(CC)C(C)C(CC)[NH][C:20]([O]CC)=[NH+:21]CC 21=20;20,10=10"
"[H][O+:10](C([H])C([H])C(CC)[O]1)[C:20]1([NH:21]C)[NH]CC.[Cl-]>>[Cl-].[H][O:10]C([H])C([H])C(CC)[O][C:20]([NH]CC)=[NH+:21]C 21=20;20,10=10"
"[H][NH+:10](C(C9=CC=CC=C9)C([H])[O]1)[C:20]1([NH:21][H])[O]C7=CC=CC=C7.[Cl-]>>[Cl-].[H][NH:10]C(C9=CC=CC=C9)C([H])[O][C:20]([O]C7=CC=CC=C7)=[NH+:21][H] 21=20;20,10=10"
"[H][NH+:10](C(C)C(CC)[O]1)[C:20]1([NH:21]CC)[O]C7=CC=CC=C7.[Cl-]>>[Cl-].[H][NH:10]C(C)C(CC)[O][C:20]([O]C7=CC=CC=C7)=[NH+:21]CC 21=20;20,10=10"
"CCCCCCC1C(C(O[C:20](=[O:10])N1C1=CC=CC=C1)C1=CC=CC=C1)CCCCCC.[O-:21]C1=CC=CC=C1>>CCCCCCC1C(C(O[C:20](N1C1=CC=CC=C1)([O-:10])[O:21]C1=CC=CC=C1)C1=CC=CC=C1)CCCCCC 21=20;20,10=10"
"C[NH+:21]=[C:20]2[O][CH]([H])[CH]([H])C([H])[O]2.C9=CC=CC=C9[O:10][H].[Cl-]>>[Cl-].C9=CC=CC=C9[O+:10]([H])[C:20]1([NH:21]C)[O][CH]([H])C([H])[CH]([H])[O]1 10=20;20,21=21"
"C[O+:10]([H])[C:20]([NH:21]C)([NH][H])[O][H].[Cl-]>>[Cl-].C[O:10][H].C[NH+:21]=[C:20]([NH][H])[O][H] 21=20;20,10=10"
"[O:10]([Na])C(C)C([H])C([H])C(C)[C:20](OCC)=[O:21]>>[O-:21][C:20]1(OCC)C(C)C([H])C([H])C(C)[O+:10]1([Na]) 10=20;20,21=21"
"[H][O+:10](C([H])C(CC)[O]1)[C:20]1([O:21]C)[O]C7=CC=CC=C7.[Cl-]>>[Cl-].[H][O:10]C([H])C(CC)[O][C:20]([O]C7=CC=CC=C7)=[O+:21]C 21=20;20,10=10"
"[H][O+:10]([H])[C:20]1([NH:21]C)[NH][CH](CC)C([H])[CH](CC)[NH]1.[Cl-]>>[Cl-].C[NH+:21]=[C:20]2[NH][CH](CC)[CH]([H])C(CC)[NH]2.[H][O:10][H] 21=20;20,10=10"
"[H][O+:10](C(CC)C(C)C(CC)[O]1)[C:20]1([O:21]C)[O]C.[Cl-]>>[Cl-].[H][O:10]C(CC)C(C)C(CC)[O][C:20]([O]C)=[O+:21]C 21=20;20,10=10"
"[H][O:10]C([H])C(C8=CC=CC=C8)[O][C:20]([O]C)=[O+:21]C.[Cl-]>>[Cl-].[H][O+:10](C([H])C(C8=CC=CC=C8)[O]1)[C:20]1([O:21]C)[O]C 10=20;20,21=21"
"CC1C(C(O[C:20](N1C1=CC=CC=C1)([O-:10])[O:21]CCCCCC)C1=CC=CC=C1)CC>>CC1C(C(O[C:20](=[O:10])N1C1=CC=CC=C1)C1=CC=CC=C1)CC.[O-:21]CCCCCC 10=20;20,21=21"
"CC[NH+:21]=[C:20]2[O][CH]([H])[CH]([H])C([H])[NH]2.C[NH:10][H].[Cl-]>>[Cl-].C[NH+:10]([H])[C:20]1([NH:21]CC)[O][CH]([H])C([H])[CH]([H])[NH]1 10=20;20,21=21"
"[Si](C)(C)(C)[O+:21]=[C:20]2[O]C(CC)C(C)[S]2.C9=CC=CC=C9[O:10][H].[Cl-]>>[Cl-].C9=CC=CC=C9[O+:10]([H])[C:20]1([O:21][Si](C)(C)(C))[O]C(CC)C(C)[S]1 10=20;20,21=21"
"[H]N([C:20](=[O:10])OC1=CC=CC=C1)CC.[O-:21]CC>>[H]N([C:20]([O-:10])(OC1=CC=CC=C1)[O:21]CC)CC 21=20;20,10=10"
"C[NH+:21]=[C:20]2[NH][CH](CC)[CH]([H])C(C)[O]2.C[O:10][H].[Cl-]>>[Cl-].C[O+:10]([H])[C:20]1([NH:21]C)[NH][CH](CC)C([H])[CH](C)[O]1 10=20;20,21=21"
"[H][NH:10]C(C)C(C)C([H])[O][C:20]([NH]C7=CC=CC=C7)=[NH+:21]C6=CC=CC=C6.[Cl-]>>[Cl-].[H][NH+:10](C(C)C(C)C([H])[O]1)[C:20]1([NH:21]C6=CC=CC=C6)[NH]C7=CC=CC=C7 10=20;20,21=21"
"CCCCCCN([C:20]1(OC(C([O:21]1)C)[H])[O-:10])C1=CC=CC=C1>>CCCCCCN([C:20](=[O:10])OC(C([O-:21])C)[H])C1=CC=CC=C1 10=20;20,21=21"
"C[NH+:21]=[C:20]2[NH][CH]([H])[CH]([H])C(CC)[O]2.C[O:10][H].[Cl-]>>[Cl-].C[O+:10]([H])[C:20]1([NH:21]C)[NH][CH]([H])C([H])[CH](CC)[O]1 10=20;20,21=21"
"[H][O+:21]=[C:20]2[O][CH](C)[CH]([H])C(CC)[S]2.CC[S:10][H].[Cl-]>>[Cl-].CC[S+:10]([H])[C:20]1([O:21][H])[O][CH](C)C([H])[CH](CC)[S]1 10=20;20,21=21"
"[H]N([C:20](=[O:10])OC(C(C([O-:21])CCCCCC)[H])CCCCCC)C>>[H]N([C:20]1(OC(C(C([O:21]1)CCCCCC)[H])CCCCCC)[O-:10])C 21=20;20,10=10"
"C6=CC=CC=C6[NH+:21]=[C:20]2[NH][CH](CC)[CH]([H])C(C)[O]2.[H][O:10][H].[Cl-]>>[Cl-].[H][O+:10]([H])[C:20]1([NH:21]C6=CC=CC=C6)[NH][CH](CC)C([H])[CH](C)[O]1 10=20;20,21=21"
"C1(C(O[C:20]([O-:10])([O:21]C1CCCCCC)OCCCCCC)CC)CC>>C(C([O-:21])CCCCCC)(C(O[C:20](=[O:10])OCCCCCC)CC)CC 10=20;20,21=21"
"C1(C([O:21][C:20](O1)([O-:10])OC1=CC=CC=C1)CCCCCC)C>>C(C(O[C:20](=[O:10])OC1=CC=CC=C1)C)([O-:21])CCCCCC 10=20;20,21=21"
"[O-:21][C:20]1(OCC)C(C)C(O)C(C)C(CC)[NH+:10]1(C)>>[NH:10](C)C(CC)C(C)C(O)C(C)[C:20](OCC)=[O:21] 21=20;20,10=10"
"C[NH+:10]([H])[C:20]1([NH:21][H])[NH]C(C7=CC=CC=C7)C(C)[NH]1.[Cl-]>>[Cl-].[H][NH+:21]=[C:20]2[NH]C(C7=CC=CC=C7)C(C)[NH]2.C[NH:10][H] 21=20;20,10=10"
"[H]N([C:20](=[O:10])OC(C(C([O-:21])C1=CC=CC=C1)[H])CC)CCCCCC>>[H]N([C:20]1(OC(C(C([O:21]1)C1=CC=CC=C1)[H])CC)[O-:10])CCCCCC 21=20;20,10=10"
"C1=CC=CC=C1C1C(O[C:20](N1CCCCCC)([O-:10])[O:21]C)[H]>>C1=CC=CC=C1C1C(O[C:20](=[O:10])N1CCCCCC)[H].[O-:21]C 10=20;20,21=21"
"C[O+:10]([H])[C:20]1([NH:21]C6=CC=CC=C6)[NH]C([H])C(C8=CC=CC=C8)[NH]1.[Cl-]>>[Cl-].C6=CC=CC=C6[NH+:21]=[C:20]2[NH]C([H])C(C8=CC=CC=C8)[NH]2.C[O:10][H] 21=20;20,10=10"
"C(C([O-:21])C1=CC=CC=C1)(C(O[C:20](=[O:10])OCCCCCC)C1=CC=CC=C1)C>>C1(C(O[C:20]([O-:10])([O:21]C1C1=CC=CC=C1)OCCCCCC)C1=CC=CC=C1)C 21=20;20,10=10"
"[H][NH+:10](C(C)C(C)[NH]1)[C:20]1([NH:21][H])[NH][H].[Cl-]>>[Cl-].[H][NH:10]C(C)C(C)[NH][C:20]([NH][H])=[NH+:21][H] 21=20;20,10=10"
"[H][O+:10](C(C9=CC=CC=C9)C(C)[O]1)[C:20]1([NH:21]C6=CC=CC=C6)[NH]C7=CC=CC=C7.[Cl-]>>[Cl-].[H][O:10]C(C9=CC=CC=C9)C(C)[O][C:20]([NH]C7=CC=CC=C7)=[NH+:21]C6=CC=CC=C6 21=20;20,10=10"
"C1=CC=CC=C1C1C(O[C:20](=[O:10])N1[H])C1=CC=CC=C1.[O-:21]C1=CC=CC=C1>>C1=CC=CC=C1C1C(O[C:20](N1[H])([O-:10])[O:21]C1=CC=CC=C1)C1=CC=CC=C1 21=20;20,10=10"
"CCN([C:20](=[O:10])OC(C(C([O-:21])CCCCCC)[H])C)CC>>CCN([C:20]1(OC(C(C([O:21]1)CCCCCC)[H])C)[O-:10])CC 21=20;20,10=10"
"[O:10]([Na])C(CC)C([H])C(C)C(O)[C:20]([H])=[O:21]>>[O-:21][C:20]1([H])C(O)C(C)C([H])C(CC)[O+:10]1([Na]) 10=20;20,21=21"
"C[O+:10]([H])[C:20]1([NH:21]C)[NH]C(CC)C(CC)[O]1.[Cl-]>>[Cl-].C[NH+:21]=[C:20]2[NH]C(CC)C(CC)[O]2.C[O:10][H] 21=20;20,10=10"
"C[NH+:10]([H])[C:20]1([NH:21]CC)[O]C(C)C([H])[NH]1.[Cl-]>>[Cl-].CC[NH+:21]=[C:20]2[O]C(C)C([H])[NH]2.C[NH:10][H] 21=20;20,10=10"
"C9=CC=CC=C9[NH+:10]([H])[C:20]1([NH:21]CC)[O]C([H])C(C)[NH]1.[Cl-]>>[Cl-].CC[NH+:21]=[C:20]2[O]C([H])C(C)[NH]2.C9=CC=CC=C9[NH:10][H] 21=20;20,10=10"
"C9=CC=CC=C9[O:10][H].[Si](C)(C)(C)[O+:21]=[C:20]([O]C)[S]CC.[Cl-]>>[Cl-].C9=CC=CC=C9[O+:10]([H])[C:20]([O:21][Si](C)(C)(C))([O]C)[S]CC 10=20;20,21=21"
"CC1C(C(O[C:20](N1CC)([O-:10])[Cl:21])CCCCCC)C>>CC1C(C(O[C:20](=[O:10])N1CC)CCCCCC)C.[Cl-:21] 10=20;20,21=21"
"CC[O+:10]([H])[C:20]1([NH:21][H])[NH][CH](C)C([H])[CH]([H])[NH]1.[Cl-]>>[Cl-].[H][NH+:21]=[C:20]2[NH][CH](C)[CH]([H])C([H])[NH]2.CC[O:10][H] 21=20;20,10=10"
"[H][O+:10](C(CC)C([H])[O]1)[C:20]1([NH:21]C)[O]C7=CC=CC=C7.[Cl-]>>[Cl-].[H][O:10]C(CC)C([H])[O][C:20]([O]C7=CC=CC=C7)=[NH+:21]C 21=20;20,10=10"
"[H][NH+:10](C([H])C(C8=CC=CC=C8)[NH]1)[C:20]1([NH:21]C6=CC=CC=C6)[O]C.[Cl-]>>[Cl-].[H][NH:10]C([H])C(C8=CC=CC=C8)[NH][C:20]([O]C)=[NH+:21]C6=CC=CC=C6 21=20;20,10=10"
"[H][O+:21]=[C:20]2[S]C(CC)C(C8=CC=CC=C8)[S]2.[H][O:10][H].[Cl-]>>[Cl-].[H][O+:10]([H])[C:20]1([O:21][H])[S]C(CC)C(C8=CC=CC=C8)[S]1 10=20;20,21=21"
"[H][NH:10]C(C9=CC=CC=C9)C([H])C(C8=CC=CC=C8)[NH][C:20]([NH]C7=CC=CC=C7)=[NH+:21]C6=CC=CC=C6.[Cl-]>>[Cl-].[H][NH+:10](C(C9=CC=CC=C9)C([H])C(C8=CC=CC=C8)[NH]1)[C:20]1([NH:21]C6=CC=CC=C6)[NH]C7=CC=CC=C7 10=20;20,21=21"
"[O-:21][C:20]1(OCC)C(C)=C([H])C(C)C([H])[O+:10]1([K])>>[O:10]([K])C([H])C(C)/C([H])=C(C)\[C:20](OCC)=[O:21] 21=20;20,10=10"
"[O-:10]C(C(C1=C(C=CC=C1)[CH:20]([H])=[O:21])O)C>>[O-:21][CH:20]2([H])C3=C(C(C([O:10]2)C)O)C=CC=C3  10=20;20,21=21"
"[H]C1C(C(O[C:20](=[O:10])N1CCCCCC)[H])CCCCCC.[O-:21]C1=CC=CC=C1>>[H]C1C(C(O[C:20](N1CCCCCC)([O-:10])[O:21]C1=CC=CC=C1)[H])CCCCCC 21=20;20,10=10"
"[H][O:10]C(C)C([H])[S][C:20]([S]C)=[O+:21][Si](C)(C)(C).[Cl-]>>[Cl-].[H][O+:10](C(C)C([H])[S]1)[C:20]1([O:21][Si](C)(C)(C))[S]C 10=20;20,21=21"
"[OH:10]C(C)C([H])C(O)C([H])[C:20]([H])=[OH+:21]>>[OH:21][C:20]1([H])C([H])C(O)C([H])C(C)[OH+:10]1 10=20;20,21=21"
"C9=CC=CC=C9[NH+:10]([H])[C:20]1([NH:21]CC)[O]C([H])C([H])[O]1.[Cl-]>>[Cl-].CC[NH+:21]=[C:20]2[O]C([H])C([H])[O]2.C9=CC=CC=C9[NH:10][H] 21=20;20,10=10"
"CCC1C(C(O[C:20](=[O:10])N1CCCCCC)CC)[H].[O-:21]C>>CCC1C(C(O[C:20](N1CCCCCC)([O-:10])[O:21]C)CC)[H] 21=20;20,10=10"
"CN([C:20]1(OC(C([O:21]1)C)[H])[O-:10])C>>CN([C:20](=[O:10])OC(C([O-:21])C)[H])C 10=20;20,21=21"
"[H][NH+:10]([H])[C:20]1([NH:21]C)[O][CH](CC)C([H])[CH](C8=CC=CC=C8)[NH]1.[Cl-]>>[Cl-].C[NH+:21]=[C:20]2[O][CH](CC)[CH]([H])C(C8=CC=CC=C8)[NH]2.[H][NH:10][H] 21=20;20,10=10"
"CC[NH+:10]([H])[C:20]1([NH:21]C6=CC=CC=C6)[O][CH](C7=CC=CC=C7)C(C)[CH](C)[NH]1.[Cl-]>>[Cl-].C6=CC=CC=C6[NH+:21]=[C:20]2[O][CH](C7=CC=CC=C7)[CH](C)C(C)[NH]2.CC[NH:10][H] 21=20;20,10=10"
"C9=CC=CC=C9[O+:10]([H])[C:20]1([NH:21]CC)[O][CH](C7=CC=CC=C7)C([H])[CH](CC)[NH]1.[Cl-]>>[Cl-].CC[NH+:21]=[C:20]2[O][CH](C7=CC=CC=C7)[CH]([H])C(CC)[NH]2.C9=CC=CC=C9[O:10][H] 21=20;20,10=10"
"CCCCCCN([C:20](=[O:10])OCCCCCC)CCCCCC.[O-:21]CCCCCC>>CCCCCCN([C:20]([O-:10])(OCCCCCC)[O:21]CCCCCC)CCCCCC 21=20;20,10=10"
"[H][NH+:10](C([H])C([H])C(C)[NH]1)[C:20]1([NH:21]C6=CC=CC=C6)[O]CC.[Cl-]>>[Cl-].[H][NH:10]C([H])C([H])C(C)[NH][C:20]([O]CC)=[NH+:21]C6=CC=CC=C6 21=20;20,10=10"
"[H][S:10]C(C)C(C)[O][C:20]([O]CC)=[O+:21][Si](C)(C)(C).[Cl-]>>[Cl-].[H][S+:10](C(C)C(C)[O]1)[C:20]1([O:21][Si](C)(C)(C))[O]CC 10=20;20,21=21"
"CC[O+:10]([H])[C:20]1([NH:21]C)[NH][CH](C)C(C)[CH](CC)[O]1.[Cl-]>>[Cl-].C[NH+:21]=[C:20]2[NH][CH](C)[CH](C)C(CC)[O]2.CC[O:10][H] 21=20;20,10=10"
"[H][O+:10](C(CC)C(C)[NH]1)[C:20]1([NH:21]C6=CC=CC=C6)[NH][H].[Cl-]>>[Cl-].[H][O:10]C(CC)C(C)[NH][C:20]([NH][H])=[NH+:21]C6=CC=CC=C6 21=20;20,10=10"
"C[NH+:21]=[C:20]2[NH][CH]([H])[CH](C)C(C8=CC=CC=C8)[O]2.C[O:10][H].[Cl-]>>[Cl-].C[O+:10]([H])[C:20]1([NH:21]C)[NH][CH]([H])C(C)[CH](C8=CC=CC=C8)[O]1 10=20;20,21=21"
"[H][NH:10]C(C)C(C)C(C8=CC=CC=C8)[NH][C:20]([NH][H])=[NH+:21]C.[Cl-]>>[Cl-].[H][NH+:10](C(C)C(C)C(C8=CC=CC=C8)[NH]1)[C:20]1([NH:21]C)[NH][H] 10=20;20,21=21"
"CC1C(C(O[C:20](N1CC)([O-:10])[Cl:21])C)[H]>>CC1C(C(O[C:20](=[O:10])N1CC)C)[H].[Cl-:21] 10=20;20,21=21"
"[H][S+:10]([H])[C:20]1([O:21][H])[O]C(C)C([H])[S]1.[Cl-]>>[Cl-].[H][O+:21]=[C:20]2[O]C(C)C([H])[S]2.[H][S:10][H] 21=20;20,10=10"
"CN([C:20](=[O:10])OC(C(C([O-:21])C1=CC=CC=C1)CC)C1=CC=CC=C1)C>>CN([C:20]1(OC(C(C([O:21]1)C1=CC=CC=C1)CC)C1=CC=CC=C1)[O-:10])C 21=20;20,10=10"
"CC[O+:10]([H])[C:20]1([O:21]C)[O][CH](C7=CC=CC=C7)C(C)[CH](CC)[O]1.[Cl-]>>[Cl-].C[O+:21]=[C:20]2[O][CH](C7=CC=CC=C7)[CH](C)C(CC)[O]2.CC[O:10][H] 21=20;20,10=10"
"[NH:10]([H])C([H])C([H])/C([H])=C([H])\[C:20](OCC)=[O:21]>>[O-:21][C:20]1(OCC)C([H])=C([H])C([H])C([H])[NH+:10]1([H]) 10=20;20,21=21"
"[H]N([C:20]([O-:10])(OCCCCCC)[O:21]C1=CC=CC=C1)CCCCCC>>[H]N([C:20](=[O:10])OCCCCCC)CCCCCC.[O-:21]C1=CC=CC=C1 10=20;20,21=21"
"CN([C:20]1(OC(C(C([O:21]1)C1=CC=CC=C1)C)CCCCCC)[O-:10])C1=CC=CC=C1>>CN([C:20](=[O:10])OC(C(C([O-:21])C1=CC=CC=C1)C)CCCCCC)C1=CC=CC=C1 10=20;20,21=21"
"CN([C:20]([O-:10])(O[H])[O:21]CCCCCC)[H]>>CN([C:20](=[O:10])O[H])[H].[O-:21]CCCCCC 10=20;20,21=21"
"C[O+:10]([H])[C:20]([NH:21][H])([O][H])[O]C7=CC=CC=C7.[Cl-]>>[Cl-].C[O:10][H].[H][NH+:21]=[C:20]([O][H])[O]C7=CC=CC=C7 21=20;20,10=10"
"CC[O:10][H].[H][NH+:21]=[C:20]([NH]C8=CC=CC=C8)[NH]C.[Cl-]>>[Cl-].CC[O+:10]([H])[C:20]([NH:21][H])([NH]C8=CC=CC=C8)[NH]C 10=20;20,21=21"
"[H][NH+:10](C([H])C([H])[O]1)[C:20]1([NH:21][H])[O][H].[Cl-]>>[Cl-].[H][NH:10]C([H])C([H])[O][C:20]([O][H])=[NH+:21][H] 21=20;20,10=10"
"[H][S+:10](C(C9=CC=CC=C9)C([H])C(CC)[O]1)[C:20]1([O:21]C)[O]CC.[Cl-]>>[Cl-].[H][S:10]C(C9=CC=CC=C9)C([H])C(CC)[O][C:20]([O]CC)=[O+:21]C 21=20;20,10=10"
"[H][O:10]C(C9=CC=CC=C9)C([H])C(C8=CC=CC=C8)[NH][C:20]([O][H])=[NH+:21]C.[Cl-]>>[Cl-].[H][O+:10](C(C9=CC=CC=C9)C([H])C(C8=CC=CC=C8)[NH]1)[C:20]1([NH:21]C)[O][H] 10=20;20,21=21"
"[H][NH:10]C([H])C(C)C([H])[NH][C:20]([O]C)=[NH+:21]C.[Cl-]>>[Cl-].[H][NH+:10](C([H])C(C)C([H])[NH]1)[C:20]1([NH:21]C)[O]C 10=20;20,21=21"
"C[O+:21]=[C:20]2[O][CH](CC)[CH](C)C(C)[S]2.CC[S:10][H].[Cl-]>>[Cl-].CC[S+:10]([H])[C:20]1([O:21]C)[O][CH](CC)C(C)[CH](C)[S]1 10=20;20,21=21"
"[H][O:10][H].[H][O+:21]=[C:20]([S][H])[O]CC.[Cl-]>>[Cl-].[H][O+:10]([H])[C:20]([O:21][H])([S][H])[O]CC 10=20;20,21=21"
"CCC1C(C(O[C:20](N1CC)([O-:10])[O:21]CCCCCC)CC)CC>>CCC1C(C(O[C:20](=[O:10])N1CC)CC)CC.[O-:21]CCCCCC 10=20;20,21=21"
"[H][S:10]C(C9=CC=CC=C9)C(CC)[S][C:20]([S]C)=[O+:21]C.[Cl-]>>[Cl-].[H][S+:10](C(C9=CC=CC=C9)C(CC)[S]1)[C:20]1([O:21]C)[S]C 10=20;20,21=21"
"C(C(O[C:20](=[O:10])OCCCCCC)C1=CC=CC=C1)([O-:21])[H]>>C1(C([O:21][C:20](O1)([O-:10])OCCCCCC)[H])C1=CC=CC=C1 21=20;20,10=10"
"C[O+:21]=[C:20]2[O][CH]([H])[CH]([H])C(C)[S]2.C9=CC=CC=C9[O:10][H].[Cl-]>>[Cl-].C9=CC=CC=C9[O+:10]([H])[C:20]1([O:21]C)[O][CH]([H])C([H])[CH](C)[S]1 10=20;20,21=21"
"C9=CC=CC=C9[S+:10]([H])[C:20]1([O:21][Si](C)(C)(C))[S]C(C7=CC=CC=C7)C([H])[O]1.[Cl-]>>[Cl-].[Si](C)(C)(C)[O+:21]=[C:20]2[S]C(C7=CC=CC=C7)C([H])[O]2.C9=CC=CC=C9[S:10][H] 21=20;20,10=10"
"C9=CC=CC=C9[O:10][H].C[O+:21]=[C:20]([O]C)[O]CC.[Cl-]>>[Cl-].C9=CC=CC=C9[O+:10]([H])[C:20]([O:21]C)([O]C)[O]CC 10=20;20,21=21"
"C6=CC=CC=C6[NH+:21]=[C:20]2[NH][CH](CC)[CH](C)C(CC)[NH]2.C[O:10][H].[Cl-]>>[Cl-].C[O+:10]([H])[C:20]1([NH:21]C6=CC=CC=C6)[NH][CH](CC)C(C)[CH](CC)[NH]1 10=20;20,21=21"
"[H][O:10][H].CC[NH+:21]=[C:20]([O]C8=CC=CC=C8)[NH][H].[Cl-]>>[Cl-].[H][O+:10]([H])[C:20]([NH:21]CC)([O]C8=CC=CC=C8)[NH][H] 10=20;20,21=21"
"[H]N([C:20]1(OC(C([O:21]1)[H])CC)[O-:10])C1=CC=CC=C1>>[H]N([C:20](=[O:10])OC(C([O-:21])[H])CC)C1=CC=CC=C1 10=20;20,21=21"
"C[NH+:21]=[C:20]2[O][CH](C)[CH]([H])C([H])[NH]2.C9=CC=CC=C9[O:10][H].[Cl-]>>[Cl-].C9=CC=CC=C9[O+:10]([H])[C:20]1([NH:21]C)[O][CH](C)C([H])[CH]([H])[NH]1 10=20;20,21=21"
"C9=CC=CC=C9[S:10][H].[Si](C)(C)(C)[O+:21]=[C:20]([S][H])[S]C7=CC=CC=C7.[Cl-]>>[Cl-].C9=CC=CC=C9[S+:10]([H])[C:20]([O:21][Si](C)(C)(C))([S][H])[S]C7=CC=CC=C7 10=20;20,21=21"
"C9=CC=CC=C9[O:10][H].C6=CC=CC=C6[NH+:21]=[C:20]([O]C)[O]C.[Cl-]>>[Cl-].C9=CC=CC=C9[O+:10]([H])[C:20]([NH:21]C6=CC=CC=C6)([O]C)[O]C 10=20;20,21=21"
"CCC1C(C(O[C:20](=[O:10])N1C)C1=CC=CC=C1)CC.[O-:21]C>>CCC1C(C(O[C:20](N1C)([O-:10])[O:21]C)C1=CC=CC=C1)CC 21=20;20,10=10"
"[H][O+:10](C(CC)C(C)C(CC)[NH]1)[C:20]1([NH:21]C6=CC=CC=C6)[O]C7=CC=CC=C7.[Cl-]>>[Cl-].[H][O:10]C(CC)C(C)C(CC)[NH][C:20]([O]C7=CC=CC=C7)=[NH+:21]C6=CC=CC=C6 21=20;20,10=10"
"[H][O+:10]([H])[C:20]([NH:21]CC)([NH]CC)[O]CC.[Cl-]>>[Cl-].[H][O:10][H].CC[NH+:21]=[C:20]([NH]CC)[O]CC 21=20;20,10=10"
"CC1C(C(O[C:20](N1CCCCCC)([O-:10])[O:21][H])[H])[H]>>CC1C(C(O[C:20](=[O:10])N1CCCCCC)[H])[H].[O-:21][H] 10=20;20,21=21"
"CCC1C(C(O[C:20](=[O:10])N1CCCCCC)CC)CCCCCC.[O-:21][H]>>CCC1C(C(O[C:20](N1CCCCCC)([O-:10])[O:21][H])CC)CCCCCC 21=20;20,10=10"
"[H][S:10]C([H])C([H])C([H])[S][C:20]([O]C7=CC=CC=C7)=[O+:21]C.[Cl-]>>[Cl-].[H][S+:10](C([H])C([H])C([H])[S]1)[C:20]1([O:21]C)[O]C7=CC=CC=C7 10=20;20,21=21"
"[H][O+:10]([H])[C:20]1([NH:21]C6=CC=CC=C6)[O]C([H])C(CC)[O]1.[Cl-]>>[Cl-].C6=CC=CC=C6[NH+:21]=[C:20]2[O]C([H])C(CC)[O]2.[H][O:10][H] 21=20;20,10=10"
"CN([C:20](=[O:10])OC(C([O-:21])[H])CC)C1=CC=CC=C1>>CN([C:20]1(OC(C([O:21]1)[H])CC)[O-:10])C1=CC=CC=C1 21=20;20,10=10"
"[H][O+:10](C(C9=CC=CC=C9)C(CC)[O]1)[C:20]1([O:21][Si](C)(C)(C))[O][H].[Cl-]>>[Cl-].[H][O:10]C(C9=CC=CC=C9)C(CC)[O][C:20]([O][H])=[O+:21][Si](C)(C)(C) 21=20;20,10=10"
"[H][NH+:10](C(CC)C([H])C(C8=CC=CC=C8)[O]1)[C:20]1([NH:21]C6=CC=CC=C6)[NH]C7=CC=CC=C7.[Cl-]>>[Cl-].[H][NH:10]C(CC)C([H])C(C8=CC=CC=C8)[O][C:20]([NH]C7=CC=CC=C7)=[NH+:21]C6=CC=CC=C6 21=20;20,10=10"
"[O-:21][C:20]1([H])C(O)C(O)C([H])C(C)[O:10]1>>[O-:10]C(C)C([H])C(O)C(O)[C:20]([H])=[O:21] 21=20;20,10=10"
"C9=CC=CC=C9[O+:10]([H])[C:20]([NH:21]C6=CC=CC=C6)([O]C8=CC=CC=C8)[NH][H].[Cl-]>>[Cl-].C9=CC=CC=C9[O:10][H].C6=CC=CC=C6[NH+:21]=[C:20]([O]C8=CC=CC=C8)[NH][H] 21=20;20,10=10"
"C1=CC=CC=C1C1C(C(O[C:20](N1CC)([O-:10])[O:21]C1=CC=CC=C1)C1=CC=CC=C1)CC>>C1=CC=CC=C1C1C(C(O[C:20](=[O:10])N1CC)C1=CC=CC=C1)CC.[O-:21]C1=CC=CC=C1 10=20;20,21=21"
"[H]C1C(O[C:20](N1C)([O-:10])[O:21]CCCCCC)CC>>[H]C1C(O[C:20](=[O:10])N1C)CC.[O-:21]CCCCCC 10=20;20,21=21"
"C1(C(O[C:20]([O-:10])([O:21]C1CC)OCCCCCC)CCCCCC)[H]>>C(C([O-:21])CC)(C(O[C:20](=[O:10])OCCCCCC)CCCCCC)[H] 10=20;20,21=21"
"[H][NH+:10](C([H])C(C)C(C8=CC=CC=C8)[NH]1)[C:20]1([NH:21][H])[NH]C7=CC=CC=C7.[Cl-]>>[Cl-].[H][NH:10]C([H])C(C)C(C8=CC=CC=C8)[NH][C:20]([NH]C7=CC=CC=C7)=[NH+:21][H] 21=20;20,10=10"
"[O-:21][C:20]1([H])[O+:10]([Na])C(CC)C([H])C1C>>[O:10]([Na])C(CC)C([H])C([C:20]([H])=[O:21])C 21=20;20,10=10"
"[O:10]([Na])C(CCC)C([H])/C(C)=C([H])\[C:20](C)=[O:21]>>[O-:21][C:20]1(C)C([H])=C(C)C([H])C(CCC)[O+:10]1([Na]) 10=20;20,21=21"
"[H][O+:10]([H])[C:20]1([O:21]C)[O][CH](C7=CC=CC=C7)C(C)[CH](C8=CC=CC=C8)[O]1.[Cl-]>>[Cl-].C[O+:21]=[C:20]2[O][CH](C7=CC=CC=C7)[CH](C)C(C8=CC=CC=C8)[O]2.[H][O:10][H] 21=20;20,10=10"
"CCC1C(C(O[C:20](=[O:10])N1[H])CC)CCCCCC.[O-:21]C1=CC=CC=C1>>CCC1C(C(O[C:20](N1[H])([O-:10])[O:21]C1=CC=CC=C1)CC)CCCCCC 21=20;20,10=10"
"[H][S:10]C(CC)C([H])C(C8=CC=CC=C8)[S][C:20]([S]CC)=[O+:21]C.[Cl-]>>[Cl-].[H][S+:10](C(CC)C([H])C(C8=CC=CC=C8)[S]1)[C:20]1([O:21]C)[S]CC 10=20;20,21=21"
"C1=CC=CC=C1N([C:20](=[O:10])OC(C([O-:21])[H])CCCCCC)C>>C1=CC=CC=C1N([C:20]1(OC(C([O:21]1)[H])CCCCCC)[O-:10])C 21=20;20,10=10"
"[H]N([C:20](=[O:10])OC(C(C([O-:21])CCCCCC)[H])CCCCCC)CC>>[H]N([C:20]1(OC(C(C([O:21]1)CCCCCC)[H])CCCCCC)[O-:10])CC 21=20;20,10=10"
"CC[O:10][H].[H][NH+:21]=[C:20]([O]C)[NH]C7=CC=CC=C7.[Cl-]>>[Cl-].CC[O+:10]([H])[C:20]([NH:21][H])([O]C)[NH]C7=CC=CC=C7 10=20;20,21=21"
"[H][O+:10](C(C9=CC=CC=C9)C([H])C(CC)[O]1)[C:20]1([NH:21]C)[O]C7=CC=CC=C7.[Cl-]>>[Cl-].[H][O:10]C(C9=CC=CC=C9)C([H])C(CC)[O][C:20]([O]C7=CC=CC=C7)=[NH+:21]C 21=20;20,10=10"
"[H][O+:10]([K])[C:21]([O-:20])(OCC)OCCCCCC>>[O:20]=[C:21](OCC)OCCCCCC.[H][O:10][K] 20=21;21,10=10"
"C6=CC=CC=C6[NH+:21]=[C:20]2[NH][CH]([H])[CH]([H])C(CC)[NH]2.CC[O:10][H].[Cl-]>>[Cl-].CC[O+:10]([H])[C:20]1([NH:21]C6=CC=CC=C6)[NH][CH]([H])C([H])[CH](CC)[NH]1 10=20;20,21=21"
"[H][NH:10]C(CC)C(C)C(C)[NH][C:20]([O]C7=CC=CC=C7)=[NH+:21]CC.[Cl-]>>[Cl-].[H][NH+:10](C(CC)C(C)C(C)[NH]1)[C:20]1([NH:21]CC)[O]C7=CC=CC=C7 10=20;20,21=21"
"[H][O+:21]=[C:20]2[S][CH]([H])[CH](C)C(C)[S]2.C9=CC=CC=C9[O:10][H].[Cl-]>>[Cl-].C9=CC=CC=C9[O+:10]([H])[C:20]1([O:21][H])[S][CH]([H])C(C)[CH](C)[S]1 10=20;20,21=21"
"[O-:21][C:20]1(OCC)C(C)C([H])=C([H])C(C)[NH+:10]1(C)>>[NH:10](C)C(C)/C([H])=C([H])\C(C)[C:20](OCC)=[O:21] 21=20;20,10=10"
"C[NH+:21]=[C:20]2[NH]C([H])C(CC)[O]2.C[O:10][H].[Cl-]>>[Cl-].C[O+:10]([H])[C:20]1([NH:21]C)[NH]C([H])C(CC)[O]1 10=20;20,21=21"
"C1=CC=CC=C1N([C:20]1(OC(C(C([O:21]1)CCCCCC)CCCCCC)[H])[O-:10])CC>>C1=CC=CC=C1N([C:20](=[O:10])OC(C(C([O-:21])CCCCCC)CCCCCC)[H])CC 10=20;20,21=21"
"CC1C(C(O[C:20](=[O:10])N1C)C)CCCCCC.[O-:21]C>>CC1C(C(O[C:20](N1C)([O-:10])[O:21]C)C)CCCCCC 21=20;20,10=10"
"CC[O+:10]([H])[C:20]1([NH:21]C6=CC=CC=C6)[NH][CH](C7=CC=CC=C7)C([H])[CH](C8=CC=CC=C8)[O]1.[Cl-]>>[Cl-].C6=CC=CC=C6[NH+:21]=[C:20]2[NH][CH](C7=CC=CC=C7)[CH]([H])C(C8=CC=CC=C8)[O]2.CC[O:10][H] 21=20;20,10=10"
"[H][NH+:21]=[C:20]2[O]C([H])C(C)[NH]2.CC[NH:10][H].[Cl-]>>[Cl-].CC[NH+:10]([H])[C:20]1([NH:21][H])[O]C([H])C(C)[NH]1 10=20;20,21=21"
"C[NH+:21]=[C:20]2[NH][CH](C7=CC=CC=C7)[CH](C)C(CC)[NH]2.CC[O:10][H].[Cl-]>>[Cl-].CC[O+:10]([H])[C:20]1([NH:21]C)[NH][CH](C7=CC=CC=C7)C(C)[CH](CC)[NH]1 10=20;20,21=21"
"CCC1C(C(O[C:20](=[O:10])N1C)CC)C.[O-:21]CC>>CCC1C(C(O[C:20](N1C)([O-:10])[O:21]CC)CC)C 21=20;20,10=10"
"C[O+:10]([H])[C:20]1([NH:21]CC)[NH]C(CC)C(CC)[NH]1.[Cl-]>>[Cl-].CC[NH+:21]=[C:20]2[NH]C(CC)C(CC)[NH]2.C[O:10][H] 21=20;20,10=10"
"CC[NH+:21]=[C:20]2[O][CH](CC)[CH](C)C([H])[NH]2.C9=CC=CC=C9[O:10][H].[Cl-]>>[Cl-].C9=CC=CC=C9[O+:10]([H])[C:20]1([NH:21]CC)[O][CH](CC)C(C)[CH]([H])[NH]1 10=20;20,21=21"
"[NH:10](CC)C1=C(C([H])[C:20](OCC)=[O:21])C=CC=C1>>[O-:21][C:20]2([NH+:10](CC)C(C=CC=C3)=C3C2[H])OCC 10=20;20,21=21"
"[OH:10]C(C1=C(C([CH:20](OCC)=[OH+:21])O)C=CC=C1)[H]>>[OH:21][CH:20]2(OCC)C(C3=C(C([OH+:10]2)[H])C=CC=C3)O 10=20;20,21=21"
"[H][O+:10]([H])[C:20]1([NH:21]C)[NH][CH]([H])C(C)[CH]([H])[O]1.[Cl-]>>[Cl-].C[NH+:21]=[C:20]2[NH][CH]([H])[CH](C)C([H])[O]2.[H][O:10][H] 21=20;20,10=10"
"[H][O:10]C(C9=CC=CC=C9)C(C)C(C8=CC=CC=C8)[O][C:20]([O]C7=CC=CC=C7)=[NH+:21]C6=CC=CC=C6.[Cl-]>>[Cl-].[H][O+:10](C(C9=CC=CC=C9)C(C)C(C8=CC=CC=C8)[O]1)[C:20]1([NH:21]C6=CC=CC=C6)[O]C7=CC=CC=C7 10=20;20,21=21"
"CCCCCCC1C(C(O[C:20](N1C1=CC=CC=C1)([O-:10])[O:21]CC)C1=CC=CC=C1)CCCCCC>>CCCCCCC1C(C(O[C:20](=[O:10])N1C1=CC=CC=C1)C1=CC=CC=C1)CCCCCC.[O-:21]CC 10=20;20,21=21"
"[OH:10]C(CCC)C(C)C(O)C(C)[C:20](OC)=[OH+:21]>>[OH:21][C:20]1(OC)C(C)C(O)C(C)C(CCC)[OH+:10]1 10=20;20,21=21"
"CCN([C:20](=[O:10])OC(C(C([O-:21])[H])C)C)CC>>CCN([C:20]1(OC(C(C([O:21]1)[H])C)C)[O-:10])CC 21=20;20,10=10"
"[OH:10]C(CCC)/C(C)=C([H])\C([H])[C:20](C)=[OH+:21]>>[OH:21][C:20]1(C)C([H])C([H])=C(C)C(CCC)[OH+:10]1 10=20;20,21=21"
"[H][O+:10](C(C9=CC=CC=C9)C(CC)[O]1)[C:20]1([O:21][H])[O]CC.[Cl-]>>[Cl-].[H][O:10]C(C9=CC=CC=C9)C(CC)[O][C:20]([O]CC)=[O+:21][H] 21=20;20,10=10"
"[H][NH:10]C(C9=CC=CC=C9)C(C8=CC=CC=C8)[O][C:20]([NH][H])=[NH+:21]CC.[Cl-]>>[Cl-].[H][NH+:10](C(C9=CC=CC=C9)C(C8=CC=CC=C8)[O]1)[C:20]1([NH:21]CC)[NH][H] 10=20;20,21=21"
"CC[O+:10]([H])[C:20]([NH:21]C)([O][H])[NH][H].[Cl-]>>[Cl-].CC[O:10][H].C[NH+:21]=[C:20]([O][H])[NH][H] 21=20;20,10=10"
"C[S+:10]([H])[C:20]1([O:21]C)[O][CH](CC)C(C)[CH](C)[O]1.[Cl-]>>[Cl-].C[O+:21]=[C:20]2[O][CH](CC)[CH](C)C(C)[O]2.C[S:10][H] 21=20;20,10=10"
"[OH:10]C(C1=C(C([CH:20]([H])=[OH+:21])O)C=CC=C1)C>>[OH:21][CH:20]2([H])C(C3=C(C([OH+:10]2)C)C=CC=C3)O 10=20;20,21=21"
"[H][O+:10]([H])[C:20]([O:21][H])([S][H])[S][H].[Cl-]>>[Cl-].[H][O:10][H].[H][O+:21]=[C:20]([S][H])[S][H] 21=20;20,10=10"
"[H]C1C(C(O[C:20](N1CC)([O-:10])[O:21]CC)CC)[H]>>[H]C1C(C(O[C:20](=[O:10])N1CC)CC)[H].[O-:21]CC 10=20;20,21=21"
"[O:10]([K])C(CCC)C([H])C(C)C(C)[C:20]([H])=[O:21]>>[O-:21][C:20]1([H])C(C)C(C)C([H])C(CCC)[O+:10]1([K]) 10=20;20,21=21"
"CCC1C(C(O[C:20](N1[H])([O-:10])[O:21]C)C)C>>CCC1C(C(O[C:20](=[O:10])N1[H])C)C.[O-:21]C 10=20;20,21=21"
"C[NH:10][H].[H][NH+:21]=[C:20]([NH][H])[NH][H].[Cl-]>>[Cl-].C[NH+:10]([H])[C:20]([NH:21][H])([NH][H])[NH][H] 10=20;20,21=21"
"[H][O:10]C(C)C(C)C(C8=CC=CC=C8)[S][C:20]([S]C)=[O+:21][H].[Cl-]>>[Cl-].[H][O+:10](C(C)C(C)C(C8=CC=CC=C8)[S]1)[C:20]1([O:21][H])[S]C 10=20;20,21=21"
"CC[NH:10][H].[H][NH+:21]=[C:20]([NH][H])[NH]C7=CC=CC=C7.[Cl-]>>[Cl-].CC[NH+:10]([H])[C:20]([NH:21][H])([NH][H])[NH]C7=CC=CC=C7 10=20;20,21=21"
"[NH:10](C)C([H])C([H])/C(C)=C(C)\[C:20](C)=[O:21]>>[O-:21][C:20]1(C)C(C)=C(C)C([H])C([H])[NH+:10]1(C) 10=20;20,21=21"
"CCN([C:20]1(OC(C(C([O:21]1)C1=CC=CC=C1)[H])CCCCCC)[O-:10])C1=CC=CC=C1>>CCN([C:20](=[O:10])OC(C(C([O-:21])C1=CC=CC=C1)[H])CCCCCC)C1=CC=CC=C1 10=20;20,21=21"
"C9=CC=CC=C9[O+:10]([H])[C:20]1([O:21][H])[S][CH](C7=CC=CC=C7)C([H])[CH]([H])[S]1.[Cl-]>>[Cl-].[H][O+:21]=[C:20]2[S][CH](C7=CC=CC=C7)[CH]([H])C([H])[S]2.C9=CC=CC=C9[O:10][H] 21=20;20,10=10"
"[H][S:10][H].[Si](C)(C)(C)[O+:21]=[C:20]([S]C8=CC=CC=C8)[S][H].[Cl-]>>[Cl-].[H][S+:10]([H])[C:20]([O:21][Si](C)(C)(C))([S]C8=CC=CC=C8)[S][H] 10=20;20,21=21"
"[H][S+:10]([H])[C:20]1([O:21]C)[O][CH]([H])C([H])[CH](CC)[O]1.[Cl-]>>[Cl-].C[O+:21]=[C:20]2[O][CH]([H])[CH]([H])C(CC)[O]2.[H][S:10][H] 21=20;20,10=10"
"[H][NH+:10](C(C)C([H])C(CC)[NH]1)[C:20]1([NH:21]CC)[NH]C7=CC=CC=C7.[Cl-]>>[Cl-].[H][NH:10]C(C)C([H])C(CC)[NH][C:20]([NH]C7=CC=CC=C7)=[NH+:21]CC 21=20;20,10=10"
"[H][O:10]C(CC)C(C)[S][C:20]([S]C)=[O+:21][Si](C)(C)(C).[Cl-]>>[Cl-].[H][O+:10](C(CC)C(C)[S]1)[C:20]1([O:21][Si](C)(C)(C))[S]C 10=20;20,21=21"
"[H][O+:10]([H])[C:20]1([O:21][Si](C)(C)(C))[O]C(CC)C(CC)[O]1.[Cl-]>>[Cl-].[Si](C)(C)(C)[O+:21]=[C:20]2[O]C(CC)C(CC)[O]2.[H][O:10][H] 21=20;20,10=10"
"[H][O:10]C([H])C(C)[S][C:20]([O]C)=[O+:21][H].[Cl-]>>[Cl-].[H][O+:10](C([H])C(C)[S]1)[C:20]1([O:21][H])[O]C 10=20;20,21=21"
"CC1C(C(O[C:20](N1[H])([O-:10])[O:21]CC)C1=CC=CC=C1)CCCCCC>>CC1C(C(O[C:20](=[O:10])N1[H])C1=CC=CC=C1)CCCCCC.[O-:21]CC 10=20;20,21=21"
"C[O+:10]([H])[C:20]1([NH:21][H])[O]C([H])C(C8=CC=CC=C8)[NH]1.[Cl-]>>[Cl-].[H][NH+:21]=[C:20]2[O]C([H])C(C8=CC=CC=C8)[NH]2.C[O:10][H] 21=20;20,10=10"
"[H][NH:10][H].CC[NH+:21]=[C:20]([NH][H])[NH]C.[Cl-]>>[Cl-].[H][NH+:10]([H])[C:20]([NH:21]CC)([NH][H])[NH]C 10=20;20,21=21"
"C9=CC=CC=C9[NH+:10]([H])[C:20]1([NH:21]C)[NH]C(CC)C(C)[NH]1.[Cl-]>>[Cl-].C[NH+:21]=[C:20]2[NH]C(CC)C(C)[NH]2.C9=CC=CC=C9[NH:10][H] 21=20;20,10=10"
"C[O+:10]([H])[C:20]([NH:21]C6=CC=CC=C6)([NH]C)[O]C.[Cl-]>>[Cl-].C[O:10][H].C6=CC=CC=C6[NH+:21]=[C:20]([NH]C)[O]C 21=20;20,10=10"
"[H][NH+:10](C(C)C([H])C(C)[O]1)[C:20]1([NH:21]CC)[O]C7=CC=CC=C7.[Cl-]>>[Cl-].[H][NH:10]C(C)C([H])C(C)[O][C:20]([O]C7=CC=CC=C7)=[NH+:21]CC 21=20;20,10=10"
"[OH:10]C([H])C([H])C(C)C(O)[C:20]([H])=[OH+:21]>>[OH:21][C:20]1([H])C(O)C(C)C([H])C([H])[OH+:10]1 10=20;20,21=21"
"C[NH+:10]([H])[C:20]1([NH:21][H])[O][CH](C)C(C)[CH](C8=CC=CC=C8)[NH]1.[Cl-]>>[Cl-].[H][NH+:21]=[C:20]2[O][CH](C)[CH](C)C(C8=CC=CC=C8)[NH]2.C[NH:10][H] 21=20;20,10=10"
"[H][O+:10](C(C)C([H])C([H])[NH]1)[C:20]1([NH:21]CC)[O][H].[Cl-]>>[Cl-].[H][O:10]C(C)C([H])C([H])[NH][C:20]([O][H])=[NH+:21]CC 21=20;20,10=10"
"[H][NH+:10](C(C9=CC=CC=C9)C([H])C([H])[NH]1)[C:20]1([NH:21]C6=CC=CC=C6)[NH]CC.[Cl-]>>[Cl-].[H][NH:10]C(C9=CC=CC=C9)C([H])C([H])[NH][C:20]([NH]CC)=[NH+:21]C6=CC=CC=C6 21=20;20,10=10"
"[H]C1C(C(O[C:20](=[O:10])N1C)CCCCCC)CC.[O-:21]C>>[H]C1C(C(O[C:20](N1C)([O-:10])[O:21]C)CCCCCC)CC 21=20;20,10=10"
"CC[S:10][H].C[O+:21]=[C:20]([S][H])[O]CC.[Cl-]>>[Cl-].CC[S+:10]([H])[C:20]([O:21]C)([S][H])[O]CC 10=20;20,21=21"
"[H][O+:10](C(C9=CC=CC=C9)C(C)[O]1)[C:20]1([NH:21]CC)[O]C7=CC=CC=C7.[Cl-]>>[Cl-].[H][O:10]C(C9=CC=CC=C9)C(C)[O][C:20]([O]C7=CC=CC=C7)=[NH+:21]CC 21=20;20,10=10"
"CN([C:20]1(OC(C(C([O:21]1)[H])[H])C)[O-:10])[H]>>CN([C:20](=[O:10])OC(C(C([O-:21])[H])[H])C)[H] 10=20;20,21=21"
"[H][O+:10](C(CC)C(C8=CC=CC=C8)[O]1)[C:20]1([NH:21]CC)[O]C.[Cl-]>>[Cl-].[H][O:10]C(CC)C(C8=CC=CC=C8)[O][C:20]([O]C)=[NH+:21]CC 21=20;20,10=10"
"[H][S:10]C(C)C([H])C(C8=CC=CC=C8)[O][C:20]([O]CC)=[O+:21][H].[Cl-]>>[Cl-].[H][S+:10](C(C)C([H])C(C8=CC=CC=C8)[O]1)[C:20]1([O:21][H])[O]CC 10=20;20,21=21"
"C6=CC=CC=C6[NH+:21]=[C:20]2[O][CH](CC)[CH](C)C(C8=CC=CC=C8)[NH]2.CC[O:10][H].[Cl-]>>[Cl-].CC[O+:10]([H])[C:20]1([NH:21]C6=CC=CC=C6)[O][CH](CC)C(C)[CH](C8=CC=CC=C8)[NH]1 10=20;20,21=21"
"[H][NH+:10]([H])[C:20]1([NH:21][H])[NH]C(CC)C(C)[NH]1.[Cl-]>>[Cl-].[H][NH+:21]=[C:20]2[NH]C(CC)C(C)[NH]2.[H][NH:10][H] 21=20;20,10=10"
"CC1C(C(O[C:20](N1CCCCCC)([O-:10])[O:21]C)CC)C>>CC1C(C(O[C:20](=[O:10])N1CCCCCC)CC)C.[O-:21]C 10=20;20,21=21"
"[H][NH+:21]=[C:20]2[NH]C(CC)C(C8=CC=CC=C8)[NH]2.[H][O:10][H].[Cl-]>>[Cl-].[H][O+:10]([H])[C:20]1([NH:21][H])[NH]C(CC)C(C8=CC=CC=C8)[NH]1 10=20;20,21=21"
"C1=CC=CC=C1C1C(C(O[C:20](=[O:10])N1[H])CCCCCC)CCCCCC.[O-:21]C1=CC=CC=C1>>C1=CC=CC=C1C1C(C(O[C:20](N1[H])([O-:10])[O:21]C1=CC=CC=C1)CCCCCC)CCCCCC 21=20;20,10=10"
"CCCCCCN([C:20](=[O:10])OC(C(C([O-:21])C1=CC=CC=C1)CCCCCC)CC)C>>CCCCCCN([C:20]1(OC(C(C([O:21]1)C1=CC=CC=C1)CCCCCC)CC)[O-:10])C 21=20;20,10=10"
"[H][O:10]C([H])C(CC)[S][C:20]([O][H])=[O+:21]C.[Cl-]>>[Cl-].[H][O+:10](C([H])C(CC)[S]1)[C:20]1([O:21]C)[O][H] 10=20;20,21=21"
"[H][O:10]C(C)C(C)C([H])[S][C:20]([S]C7=CC=CC=C7)=[O+:21][H].[Cl-]>>[Cl-].[H][O+:10](C(C)C(C)C([H])[S]1)[C:20]1([O:21][H])[S]C7=CC=CC=C7 10=20;20,21=21"
"[H]N([C:20]1(OC(C([O:21]1)C)C1=CC=CC=C1)[O-:10])[H]>>[H]N([C:20](=[O:10])OC(C([O-:21])C)C1=CC=CC=C1)[H] 10=20;20,21=21"
"CN([C:20]([O-:10])(O[H])[O:21][H])CC>>CN([C:20](=[O:10])O[H])CC.[O-:21][H] 10=20;20,21=21"
"CC1C(C(O[C:20](=[O:10])N1[H])C1=CC=CC=C1)CC.[O-:21]C1=CC=CC=C1>>CC1C(C(O[C:20](N1[H])([O-:10])[O:21]C1=CC=CC=C1)C1=CC=CC=C1)CC 21=20;20,10=10"
"C[NH+:10]([H])[C:20]1([NH:21][H])[NH][CH]([H])C(C)[CH](CC)[O]1.[Cl-]>>[Cl-].[H][NH+:21]=[C:20]2[NH][CH]([H])[CH](C)C(CC)[O]2.C[NH:10][H] 21=20;20,10=10"
"CN([C:20](=[O:10])OC(C(C([O-:21])C1=CC=CC=C1)CCCCCC)CCCCCC)CC>>CN([C:20]1(OC(C(C([O:21]1)C1=CC=CC=C1)CCCCCC)CCCCCC)[O-:10])CC 21=20;20,10=10"
"C6=CC=CC=C6[NH+:21]=[C:20]2[NH]C([H])C(CC)[O]2.C[O:10][H].[Cl-]>>[Cl-].C[O+:10]([H])[C:20]1([NH:21]C6=CC=CC=C6)[NH]C([H])C(CC)[O]1 10=20;20,21=21"
"[H][O+:21]=[C:20]2[O]C(CC)C([H])[S]2.C9=CC=CC=C9[S:10][H].[Cl-]>>[Cl-].C9=CC=CC=C9[S+:10]([H])[C:20]1([O:21][H])[O]C(CC)C([H])[S]1 10=20;20,21=21"
"[H][O+:10](C(C)C(C)C([H])[NH]1)[C:20]1([NH:21]C)[NH]CC.[Cl-]>>[Cl-].[H][O:10]C(C)C(C)C([H])[NH][C:20]([NH]CC)=[NH+:21]C 21=20;20,10=10"
"CC[NH+:21]=[C:20]2[NH][CH](CC)[CH]([H])C(CC)[NH]2.[H][NH:10][H].[Cl-]>>[Cl-].[H][NH+:10]([H])[C:20]1([NH:21]CC)[NH][CH](CC)C([H])[CH](CC)[NH]1 10=20;20,21=21"
"[O-:21][C:20]1(OCC)[O+:10]([Na])C([H])C(C)C1O>>[O:10]([Na])C([H])C(C)C([C:20](OCC)=[O:21])O 21=20;20,10=10"
"[H][O+:10]([H])[C:20]1([NH:21]CC)[O][CH](CC)C(C)[CH](C)[NH]1.[Cl-]>>[Cl-].CC[NH+:21]=[C:20]2[O][CH](CC)[CH](C)C(C)[NH]2.[H][O:10][H] 21=20;20,10=10"
"[H][NH+:21]=[C:20]2[O]C([H])C([H])[NH]2.C[NH:10][H].[Cl-]>>[Cl-].C[NH+:10]([H])[C:20]1([NH:21][H])[O]C([H])C([H])[NH]1 10=20;20,21=21"
"[OH:10]C(CC)/C([H])=C([C:20]([H])=[OH+:21])/O>>[OH:21][C:20]1([H])[OH+:10]C(CC)C([H])=C1O 10=20;20,21=21"
"C9=CC=CC=C9[S+:10]([H])[C:20]([O:21][Si](C)(C)(C))([O][H])[S]C.[Cl-]>>[Cl-].C9=CC=CC=C9[S:10][H].[Si](C)(C)(C)[O+:21]=[C:20]([O][H])[S]C 21=20;20,10=10"
"[H][O+:10](C(C)C(C)[NH]1)[C:20]1([NH:21][H])[O]C7=CC=CC=C7.[Cl-]>>[Cl-].[H][O:10]C(C)C(C)[NH][C:20]([O]C7=CC=CC=C7)=[NH+:21][H] 21=20;20,10=10"
"[O-:21][C:20]1([H])C([H])C(C)C(C)C(C)[NH+:10]1([H])>>[NH:10]([H])C(C)C(C)C(C)C([H])[C:20]([H])=[O:21] 21=20;20,10=10"
"[H][NH:10]C(C)C([H])C(C8=CC=CC=C8)[NH][C:20]([NH][H])=[NH+:21]CC.[Cl-]>>[Cl-].[H][NH+:10](C(C)C([H])C(C8=CC=CC=C8)[NH]1)[C:20]1([NH:21]CC)[NH][H] 10=20;20,21=21"
"C9=CC=CC=C9[O+:10]([H])[C:20]1([O:21][H])[O]C(C)C(C8=CC=CC=C8)[S]1.[Cl-]>>[Cl-].[H][O+:21]=[C:20]2[O]C(C)C(C8=CC=CC=C8)[S]2.C9=CC=CC=C9[O:10][H] 21=20;20,10=10"
"CN([C:20]1(OC(C(C([O:21]1)C)CC)CCCCCC)[O-:10])C1=CC=CC=C1>>CN([C:20](=[O:10])OC(C(C([O-:21])C)CC)CCCCCC)C1=CC=CC=C1 10=20;20,21=21"
"[H][O+:21]=[C:20]2[O][CH](C)[CH]([H])C([H])[O]2.CC[O:10][H].[Cl-]>>[Cl-].CC[O+:10]([H])[C:20]1([O:21][H])[O][CH](C)C([H])[CH]([H])[O]1 10=20;20,21=21"
"CC[NH:10][H].[H][NH+:21]=[C:20]([NH][H])[O]CC.[Cl-]>>[Cl-].CC[NH+:10]([H])[C:20]([NH:21][H])([NH][H])[O]CC 10=20;20,21=21"
"[H][NH+:10](C(C9=CC=CC=C9)C(C8=CC=CC=C8)[NH]1)[C:20]1([NH:21][H])[O]CC.[Cl-]>>[Cl-].[H][NH:10]C(C9=CC=CC=C9)C(C8=CC=CC=C8)[NH][C:20]([O]CC)=[NH+:21][H] 21=20;20,10=10"
"[H][S+:10](C(C9=CC=CC=C9)C([H])C(C8=CC=CC=C8)[S]1)[C:20]1([O:21]C)[O]CC.[Cl-]>>[Cl-].[H][S:10]C(C9=CC=CC=C9)C([H])C(C8=CC=CC=C8)[S][C:20]([O]CC)=[O+:21]C 21=20;20,10=10"
"CC[O+:10]([H])[C:20]([NH:21]C)([O]C)[NH]C.[Cl-]>>[Cl-].CC[O:10][H].C[NH+:21]=[C:20]([O]C)[NH]C 21=20;20,10=10"
"[O-:21][C:20]1([H])C(C)=C([H])C([H])C(CC)[O:10]1>>[O-:10]C(CC)C([H])/C([H])=C(C)\[C:20]([H])=[O:21] 21=20;20,10=10"
"CCCCCCC1C(C(O[C:20](N1C1=CC=CC=C1)([O-:10])[Cl:21])CC)[H]>>CCCCCCC1C(C(O[C:20](=[O:10])N1C1=CC=CC=C1)CC)[H].[Cl-:21] 10=20;20,21=21"
"CCC1C(C(O[C:20](=[O:10])N1C1=CC=CC=C1)[H])C.[O-:21]C>>CCC1C(C(O[C:20](N1C1=CC=CC=C1)([O-:10])[O:21]C)[H])C 21=20;20,10=10"
"CN([C:20]1(OC(C(C([O:21]1)C)C)C1=CC=CC=C1)[O-:10])C>>CN([C:20](=[O:10])OC(C(C([O-:21])C)C)C1=CC=CC=C1)C 10=20;20,21=21"
"[O-:21][C:20]1(OCC)C([H])C([H])=C([H])C(CCC)[O+:10]1([K])>>[O:10]([K])C(CCC)/C([H])=C([H])\C([H])[C:20](OCC)=[O:21] 21=20;20,10=10"
"C1(C(O[C:20]([O-:10])([O:21]C1CC)OCC)C)C>>C(C([O-:21])CC)(C(O[C:20](=[O:10])OCC)C)C 10=20;20,21=21"
"[H][O+:10]([H])[C:20]1([O:21][H])[O][CH]([H])C(C)[CH]([H])[S]1.[Cl-]>>[Cl-].[H][O+:21]=[C:20]2[O][CH]([H])[CH](C)C([H])[S]2.[H][O:10][H] 21=20;20,10=10"
"C[S:10][H].C[O+:21]=[C:20]([O]C8=CC=CC=C8)[O][H].[Cl-]>>[Cl-].C[S+:10]([H])[C:20]([O:21]C)([O]C8=CC=CC=C8)[O][H] 10=20;20,21=21"
"[H][O:10]C(C9=CC=CC=C9)C([H])[NH][C:20]([NH]C)=[NH+:21]CC.[Cl-]>>[Cl-].[H][O+:10](C(C9=CC=CC=C9)C([H])[NH]1)[C:20]1([NH:21]CC)[NH]C 10=20;20,21=21"
"[H][S+:10](C([H])C(C)C(CC)[S]1)[C:20]1([O:21][H])[O]CC.[Cl-]>>[Cl-].[H][S:10]C([H])C(C)C(CC)[S][C:20]([O]CC)=[O+:21][H] 21=20;20,10=10"
"[H][NH+:10](C(CC)C(C)C(CC)[O]1)[C:20]1([NH:21]CC)[O]C7=CC=CC=C7.[Cl-]>>[Cl-].[H][NH:10]C(CC)C(C)C(CC)[O][C:20]([O]C7=CC=CC=C7)=[NH+:21]CC 21=20;20,10=10"
"C[O+:10]([H])[C:20]1([NH:21]CC)[O][CH](C7=CC=CC=C7)C([H])[CH](C8=CC=CC=C8)[O]1.[Cl-]>>[Cl-].CC[NH+:21]=[C:20]2[O][CH](C7=CC=CC=C7)[CH]([H])C(C8=CC=CC=C8)[O]2.C[O:10][H] 21=20;20,10=10"
"[H][S:10]C(C)C(C)C(C)[S][C:20]([S][H])=[O+:21]C.[Cl-]>>[Cl-].[H][S+:10](C(C)C(C)C(C)[S]1)[C:20]1([O:21]C)[S][H] 10=20;20,21=21"
"C9=CC=CC=C9[O+:10]([H])[C:20]([O:21][H])([S]C8=CC=CC=C8)[S]C7=CC=CC=C7.[Cl-]>>[Cl-].C9=CC=CC=C9[O:10][H].[H][O+:21]=[C:20]([S]C8=CC=CC=C8)[S]C7=CC=CC=C7 21=20;20,10=10"
"C1=CC=CC=C1N([C:20]1(OC(C(C([O:21]1)C1=CC=CC=C1)CCCCCC)CCCCCC)[O-:10])[H]>>C1=CC=CC=C1N([C:20](=[O:10])OC(C(C([O-:21])C1=CC=CC=C1)CCCCCC)CCCCCC)[H] 10=20;20,21=21"
"CCCCCCC1C(C(O[C:20](=[O:10])N1C)CC)C.[O-:21][H]>>CCCCCCC1C(C(O[C:20](N1C)([O-:10])[O:21][H])CC)C 21=20;20,10=10"
"[O-:21][CH:20]2(OCC)C(C3=C(C([O:10]2)C)C=CC=C3)O>>[O-:10]C(C1=C(C([CH:20](OCC)=[O:21])O)C=CC=C1)C 21=20;20,10=10"
"[H][NH+:10](C(C)C(C)C(C)[O]1)[C:20]1([NH:21]CC)[NH]C.[Cl-]>>[Cl-].[H][NH:10]C(C)C(C)C(C)[O][C:20]([NH]C)=[NH+:21]CC 21=20;20,10=10"
"[H][O:10]C(C9=CC=CC=C9)C(C8=CC=CC=C8)[O][C:20]([NH]C)=[NH+:21][H].[Cl-]>>[Cl-].[H][O+:10](C(C9=CC=CC=C9)C(C8=CC=CC=C8)[O]1)[C:20]1([NH:21][H])[NH]C 10=20;20,21=21"
"[H][NH:10]C(C)C([H])C(C8=CC=CC=C8)[O][C:20]([O][H])=[NH+:21]C6=CC=CC=C6.[Cl-]>>[Cl-].[H][NH+:10](C(C)C([H])C(C8=CC=CC=C8)[O]1)[C:20]1([NH:21]C6=CC=CC=C6)[O][H] 10=20;20,21=21"
"[H]N([C:20](=[O:10])OC(C(C([O-:21])CCCCCC)CCCCCC)CCCCCC)CCCCCC>>[H]N([C:20]1(OC(C(C([O:21]1)CCCCCC)CCCCCC)CCCCCC)[O-:10])CCCCCC 21=20;20,10=10"
"[H][O+:21]=[C:20]2[O][CH]([H])[CH](C)C(C8=CC=CC=C8)[S]2.C[S:10][H].[Cl-]>>[Cl-].C[S+:10]([H])[C:20]1([O:21][H])[O][CH]([H])C(C)[CH](C8=CC=CC=C8)[S]1 10=20;20,21=21"
"[H][O+:10](C([H])C(C)C(CC)[NH]1)[C:20]1([NH:21][H])[NH]CC.[Cl-]>>[Cl-].[H][O:10]C([H])C(C)C(CC)[NH][C:20]([NH]CC)=[NH+:21][H] 21=20;20,10=10"
"[O-:21][C:20]1(OCC)C(C)=C(C)C(C)C([H])[O+:10]1([Na])>>[O:10]([Na])C([H])C(C)/C(C)=C(C)\[C:20](OCC)=[O:21] 21=20;20,10=10"
"C1=CC=CC=C1C1C(C(O[C:20](N1C)([O-:10])[O:21]CCCCCC)CCCCCC)CCCCCC>>C1=CC=CC=C1C1C(C(O[C:20](=[O:10])N1C)CCCCCC)CCCCCC.[O-:21]CCCCCC 10=20;20,21=21"
"CC1C(C(O[C:20](N1CCCCCC)([O-:10])[O:21]CC)C)CC>>CC1C(C(O[C:20](=[O:10])N1CCCCCC)C)CC.[O-:21]CC 10=20;20,21=21"
"CCC1C(C(O[C:20](N1[H])([O-:10])[Cl:21])CC)CCCCCC>>CCC1C(C(O[C:20](=[O:10])N1[H])CC)CCCCCC.[Cl-:21] 10=20;20,21=21"
